      0,   1371
      1,   1715
      2,   2038
      3,   2351
      4,   2664
      5,   2974
      6,   3304
      7,   3633
      8,   3963
      9,   4286
     10,   4612
     11,   4931
     12,   5243
     13,   5571
     14,   5901
     15,   6225
     16,   6531
     17,   6833
     18,   7145
     19,   7465
     20,   7789
     21,   8109
     22,   8416
     23,   8724
     24,   9028
     25,   9323
     26,   9631
     27,   9955
     28,  10284
     29,  10593
     30,  10894
     31,  11187
     32,  11306
     33,  11393
     34,  11470
     35,  11589
     36,  11762
     37,  11887
     38,  12051
     39,  12340
     40,  12623
     41,  12913
     42,  13186
     43,  13460
     44,  13742
     45,  13881
     46,  14032
     47,  14335
     48,  14643
     49,  14752
     50,  14926
     51,  15198
     52,  15476
     53,  15763
     54,  16054
     55,  16354
     56,  16657
     57,  16959
     58,  17253
     59,  17535
     60,  17817
     61,  18101
     62,  18398
     63,  18690
     64,  18980
     65,  19271
     66,  19561
     67,  19863
     68,  20176
     69,  20496
     70,  20824
     71,  21168
     72,  21501
     73,  21811
     74,  22133
     75,  22454
     76,  22784
     77,  23129
     78,  23460
     79,  23777
     80,  24092
     81,  24406
     82,  24723
     83,  25042
     84,  25376
     85,  25707
     86,  26011
     87,  26312
     88,  26639
     89,  26970
     90,  27306
     91,  27624
     92,  27936
     93,  28245
     94,  28561
     95,  28863
     96,  29157
     97,  29470
     98,  29784
     99,  30091
    100,  30390
    101,  30691
    102,  30988
    103,  31313
    104,  31638
    105,  31950
    106,  32265
    107,  32568
    108,  32869
    109,  33166
    110,  33470
    111,  33788
    112,  34091
    113,  34393
    114,  34680
    115,  34982
    116,  35290
    117,  35601
    118,  35914
    119,  36219
    120,  36531
    121,  36839
    122,  37143
    123,  37423
    124,  37775
    125,  38102
    126,  38433
    127,  38751
    128,  39062
    129,  39378
    130,  39695
    131,  40016
    132,  40342
    133,  40670
    134,  40801
    135,  40874
    136,  40947
    137,  41101
    138,  41176
    139,  41267
    140,  41538
    141,  41832
    142,  42128
    143,  42423
    144,  42716
    145,  42993
    146,  43271
    147,  43549
    148,  43819
    149,  44098
    150,  44390
    151,  44679
    152,  44980
    153,  45272
    154,  45555
    155,  45842
    156,  46140
    157,  46442
    158,  46753
    159,  47062
    160,  47362
    161,  47658
    162,  47766
    163,  47947
    164,  48069
    165,  48201
    166,  48276
    167,  48518
    168,  48642
    169,  48784
    170,  48958
    171,  49061
    172,  49137
    173,  49255
    174,  49339
    175,  49417
    176,  49548
    177,  49647
    178,  49719
    179,  49810
    180,  49977
    181,  50095
    182,  50250
    183,  50386
    184,  50497
    185,  50668
    186,  50749
    187,  50824
    188,  50954
    189,  51116
    190,  51326
    191,  51402
    192,  51688
    193,  51967
    194,  52212
    195,  52360
    196,  52514
    197,  52796
    198,  53089
    199,  53383
    200,  53669
    201,  53950
    202,  54223
    203,  54519
    204,  54817
    205,  55109
    206,  55406
    207,  55711
    208,  56013
    209,  56309
    210,  56609
    211,  56920
    212,  57254
    213,  57593
    214,  57930
    215,  58247
    216,  58543
    217,  58847
    218,  59168
    219,  59492
    220,  59823
    221,  60158
    222,  60479
    223,  60787
    224,  61091
    225,  61396
    226,  61728
    227,  62060
    228,  62361
    229,  62674
    230,  62996
    231,  63102
    232,  63331
    233,  63415
    234,  63634
    235,  63969
    236,  64293
    237,  64629
    238,  64931
    239,  65246
    240,  65577
    241,  65908
    242,  66226
    243,  66566
    244,  66892
    245,  67201
    246,  67512
    247,  67833
    248,  68166
    249,  68508
    250,  68833
    251,  69138
    252,  69448
    253,  69759
    254,  70084
    255,  70419
    256,  70754
    257,  71090
    258,  71403
    259,  71712
    260,  72023
    261,  72352
    262,  72682
    263,  73004
    264,  73309
    265,  73602
    266,  73914
    267,  74231
    268,  74558
    269,  74899
    270,  75216
    271,  75539
    272,  75856
    273,  76170
    274,  76496
    275,  76834
    276,  77164
    277,  77500
    278,  77830
    279,  78150
    280,  78477
    281,  78817
    282,  79161
    283,  79518
    284,  79855
    285,  80164
    286,  80467
    287,  80775
    288,  81110
    289,  81455
    290,  81792
    291,  82116
    292,  82446
    293,  82776
    294,  83110
    295,  83436
    296,  83779
    297,  84121
    298,  84430
    299,  84737
    300,  85075
    301,  85421
    302,  85755
    303,  86071
    304,  86374
    305,  86686
    306,  86995
    307,  87308
    308,  87657
    309,  88003
    310,  88340
    311,  88670
    312,  89001
    313,  89348
    314,  89701
    315,  90063
    316,  90401
    317,  90739
    318,  91071
    319,  91399
    320,  91746
    321,  92096
    322,  92450
    323,  92794
    324,  93134
    325,  93474
    326,  93820
    327,  94160
    328,  94519
    329,  94872
    330,  95202
    331,  95531
    332,  95867
    333,  96230
    334,  96593
    335,  96944
    336,  97292
    337,  97615
    338,  97953
    339,  98293
    340,  98650
    341,  99015
    342,  99366
    343,  99696
    344, 100019
    345, 100363
    346, 100725
    347, 101089
    348, 101430
    349, 101774
    350, 102116
    351, 102458
    352, 102828
    353, 103206
    354, 103569
    355, 103884
    356, 104213
    357, 104551
    358, 104886
    359, 105202
    360, 105535
    361, 105855
    362, 106185
    363, 106508
    364, 106845
    365, 107211
    366, 107570
    367, 107920
    368, 108256
    369, 108576
    370, 108921
    371, 109277
    372, 109637
    373, 110001
    374, 110349
    375, 110694
    376, 111050
    377, 111412
    378, 111794
    379, 112168
    380, 112525
    381, 112883
    382, 113248
    383, 113618
    384, 113988
    385, 114356
    386, 114679
    387, 115064
    388, 115170
    389, 115309
    390, 115753
    391, 116100
    392, 116439
    393, 116772
    394, 117100
    395, 117435
    396, 117782
    397, 118147
    398, 118515
    399, 118856
    400, 119180
    401, 119515
    402, 119849
    403, 120174
    404, 120505
    405, 120826
    406, 121151
    407, 121462
    408, 121763
    409, 122094
    410, 122448
    411, 122805
    412, 123147
    413, 123478
    414, 123826
    415, 124182
    416, 124539
    417, 124896
    418, 125236
    419, 125566
    420, 125892
    421, 126230
    422, 126594
    423, 126956
    424, 127301
    425, 127639
    426, 127971
    427, 128293
    428, 128634
    429, 128988
    430, 129355
    431, 129697
    432, 130016
    433, 130336
    434, 130652
    435, 130991
    436, 131322
    437, 131650
    438, 131960
    439, 132270
    440, 132579
    441, 132914
    442, 133276
    443, 133652
    444, 134021
    445, 134368
    446, 134724
    447, 135107
    448, 135302
    449, 135727
    450, 136090
    451, 136437
    452, 136788
    453, 137140
    454, 137511
    455, 137890
    456, 138235
    457, 138584
    458, 138937
    459, 139319
    460, 139693
    461, 140066
    462, 140437
    463, 140778
    464, 141129
    465, 141497
    466, 141882
    467, 142254
    468, 142613
    469, 142951
    470, 143310
    471, 143683
    472, 144063
    473, 144443
    474, 144812
    475, 145160
    476, 145517
    477, 145881
    478, 146253
    479, 146607
    480, 146964
    481, 147318
    482, 147674
    483, 148054
    484, 148438
    485, 148814
    486, 149169
    487, 149524
    488, 149884
    489, 150263
    490, 150652
    491, 151016
    492, 151370
    493, 151732
    494, 152101
    495, 152473
    496, 152864
    497, 153247
    498, 153601
    499, 153963
    500, 154353
    501, 154725
    502, 155104
    503, 155480
    504, 155841
    505, 156190
    506, 156558
    507, 156948
    508, 157326
    509, 157675
    510, 158030
    511, 158388
    512, 158758
    513, 159121
    514, 159492
    515, 159870
    516, 160219
    517, 160576
    518, 160954
    519, 161337
    520, 161720
    521, 162090
    522, 162464
    523, 162822
    524, 163207
    525, 163598
    526, 163975
    527, 164336
    528, 164695
    529, 165056
    530, 165444
    531, 165842
    532, 166206
    533, 166567
    534, 166923
    535, 167302
    536, 167658
    537, 168039
    538, 168392
    539, 168731
    540, 169056
    541, 169394
    542, 169767
    543, 170131
    544, 170484
    545, 170847
    546, 171195
    547, 171541
    548, 171905
    549, 172275
    550, 172655
    551, 173000
    552, 173338
    553, 173710
    554, 174102
    555, 174458
    556, 174842
    557, 175202
    558, 175554
    559, 175923
    560, 176289
    561, 176667
    562, 177041
    563, 177387
    564, 177700
    565, 178033
    566, 178392
    567, 178761
    568, 179146
    569, 179839
    570, 180217
    571, 180606
    572, 180977
    573, 181345
    574, 181694
    575, 182045
    576, 182389
    577, 182736
    578, 183076
    579, 183428
    580, 183770
    581, 184107
    582, 184451
    583, 184809
    584, 185160
    585, 185497
    586, 185825
    587, 186162
    588, 186493
    589, 186848
    590, 187209
    591, 187573
    592, 187898
    593, 188211
    594, 188533
    595, 188870
    596, 189214
    597, 189564
    598, 189903
    599, 190239
    600, 190572
    601, 190884
    602, 191229
    603, 191583
    604, 191944
    605, 192266
    606, 192589
    607, 192922
    608, 193266
    609, 193608
    610, 193958
    611, 194288
    612, 194625
    613, 194963
    614, 195294
    615, 195639
    616, 196007
    617, 196374
    618, 196706
    619, 197048
    620, 197400
    621, 197737
    622, 198092
    623, 198436
    624, 198783
    625, 199120
    626, 199466
    627, 200183
    628, 200541
    629, 200879
    630, 201223
    631, 201567
    632, 201904
    633, 202252
    634, 202601
    635, 202969
    636, 203312
    637, 203657
    638, 204347
    639, 204692
    640, 205036
    641, 205374
    642, 205700
    643, 206057
    644, 206435
    645, 206794
    646, 207163
    647, 207524
    648, 207882
    649, 208238
    650, 208633
    651, 209031
    652, 209380
    653, 209749
    654, 210118
    655, 210488
    656, 210858
    657, 211255
    658, 211637
    659, 211979
    660, 212361
    661, 212735
    662, 213098
    663, 213465
    664, 213822
    665, 214161
    666, 214499
    667, 214851
    668, 215237
    669, 215570
    670, 215984
    671, 216340
    672, 216692
    673, 217041
    674, 217392
    675, 217722
    676, 218063
    677, 218400
    678, 218715
    679, 219069
    680, 219451
    681, 219822
    682, 220192
    683, 220552
    684, 220919
    685, 221284
    686, 221671
    687, 222040
    688, 222391
    689, 222732
    690, 223067
    691, 223420
    692, 223785
    693, 224140
    694, 224495
    695, 224829
    696, 225186
    697, 225518
    698, 225899
    699, 226281
    700, 226644
    701, 227006
    702, 227359
    703, 227714
    704, 228095
    705, 228482
    706, 229201
    707, 229558
    708, 229909
    709, 230282
    710, 230676
    711, 231049
    712, 231382
    713, 231743
    714, 232113
    715, 232491
    716, 232856
    717, 233231
    718, 233602
    719, 233948
    720, 234318
    721, 234721
    722, 235087
    723, 235455
    724, 235821
    725, 236177
    726, 236546
    727, 236939
    728, 237335
    729, 237683
    730, 238030
    731, 238385
    732, 238737
    733, 239111
    734, 239484
    735, 239832
    736, 240179
    737, 240539
    738, 240908
    739, 241284
    740, 241666
    741, 242038
    742, 242388
    743, 242753
    744, 243142
    745, 243531
    746, 243905
    747, 244271
    748, 244642
    749, 244998
    750, 245384
    751, 245772
    752, 246148
    753, 246491
    754, 246847
    755, 247240
    756, 247607
    757, 247985
    758, 248354
    759, 248710
    760, 249048
    761, 249409
    762, 249792
    763, 250148
    764, 250510
    765, 250861
    766, 251206
    767, 251554
    768, 251922
    769, 252308
    770, 252664
    771, 253021
    772, 253377
    773, 253753
    774, 254126
    775, 254510
    776, 254876
    777, 255223
    778, 255589
    779, 255965
    780, 256352
    781, 256742
    782, 257112
    783, 257467
    784, 257826
    785, 258216
    786, 258589
    787, 258961
    788, 259328
    789, 259686
    790, 260026
    791, 260379
    792, 260755
    793, 261135
    794, 261487
    795, 261836
    796, 262189
    797, 262552
    798, 262925
    799, 263300
    800, 263649
    801, 264005
    802, 264365
    803, 264717
    804, 265100
    805, 265480
    806, 265820
    807, 266170
    808, 266543
    809, 266902
    810, 267271
    811, 267647
    812, 268001
    813, 268355
    814, 268703
    815, 269074
    816, 269466
    817, 269817
    818, 270181
    819, 270545
    820, 270890
    821, 271262
    822, 271646
    823, 272009
    824, 272364
    825, 272724
    826, 273086
    827, 273457
    828, 273837
    829, 274205
    830, 274541
    831, 274905
    832, 275271
    833, 275624
    834, 276011
    835, 276381
    836, 276729
    837, 277072
    838, 277443
    839, 277821
    840, 278184
    841, 278542
    842, 278909
    843, 279258
    844, 279607
    845, 279986
    846, 280382
    847, 280738
    848, 281099
    849, 281457
    850, 281831
    851, 282201
    852, 282584
    853, 282948
    854, 283306
    855, 283661
    856, 284032
    857, 284410
    858, 284781
    859, 285150
    860, 285510
    861, 285853
    862, 286225
    863, 286608
    864, 286975
    865, 287329
    866, 287690
    867, 288035
    868, 288404
    869, 288788
    870, 289152
    871, 289510
    872, 289878
    873, 290217
    874, 290577
    875, 290963
    876, 291327
    877, 291676
    878, 292028
    879, 292378
    880, 292742
    881, 293120
    882, 293503
    883, 293853
    884, 294198
    885, 294555
    886, 294918
    887, 295273
    888, 295641
    889, 295992
    890, 296338
    891, 296690
    892, 297073
    893, 297454
    894, 297810
    895, 298186
    896, 298547
    897, 298895
    898, 299277
    899, 299635
    900, 299999
    901, 300328
    902, 300648
    903, 301304
    904, 301660
    905, 302028
    906, 302410
    907, 302754
    908, 303111
    909, 303476
    910, 304249
    911, 304620
    912, 304994
    913, 305348
    914, 305721
    915, 306849
    916, 307205
    917, 307560
    918, 307924
    919, 308253
    920, 308647
    921, 308983
    922, 309337
    923, 309678
    924, 310031
    925, 310410
    926, 311136
    927, 311480
    928, 312187
    929, 312542
    930, 312915
    931, 313258
    932, 313610
    933, 313954
    934, 314290
    935, 314653
    936, 314989
    937, 315308
    938, 315615
    939, 315926
    940, 316244
    941, 316574
    942, 316912
    943, 317235
    944, 317588
    945, 317937
    946, 318288
    947, 318645
    948, 319021
    949, 319403
    950, 319769
    951, 320116
    952, 320471
    953, 320841
    954, 321235
    955, 321593
    956, 321952
    957, 322304
    958, 322652
    959, 323024
    960, 323395
    961, 323770
    962, 324121
    963, 324458
    964, 324818
    965, 325192
    966, 325556
    967, 325915
    968, 326267
    969, 326581
    970, 326888
    971, 327205
    972, 327565
    973, 327926
    974, 328277
    975, 328621
    976, 328976
    977, 329342
    978, 329724
    979, 330093
    980, 330468
    981, 330829
    982, 331207
    983, 331577
    984, 331961
    985, 332324
    986, 332691
    987, 333054
    988, 333414
    989, 333745
    990, 334119
    991, 334460
    992, 334788
    993, 335098
    994, 335402
    995, 335712
    996, 336022
    997, 336354
    998, 336686
    999, 337010
   1000, 337319
   1001, 337640
   1002, 337961
   1003, 338303
   1004, 338663
   1005, 339018
   1006, 339364
   1007, 339741
   1008, 340082
   1009, 340444
   1010, 341451
   1011, 341782
   1012, 342134
   1013, 342516
   1014, 342905
   1015, 343278
   1016, 344394
   1017, 345134
   1018, 345490
   1019, 345844
   1020, 346163
   1021, 346508
   1022, 346870
   1023, 347209
   1024, 347530
   1025, 347867
   1026, 348193
   1027, 348531
   1028, 348878
   1029, 349231
   1030, 349596
   1031, 349939
   1032, 350242
   1033, 350541
   1034, 350844
   1035, 351152
   1036, 351458
   1037, 351782
   1038, 352104
   1039, 352444
   1040, 352789
   1041, 353154
   1042, 353537
   1043, 353902
   1044, 354259
   1045, 354583
   1046, 354912
   1047, 355240
   1048, 355582
   1049, 355939
   1050, 356301
   1051, 356654
   1052, 356997
   1053, 357369
   1054, 357748
   1055, 358132
   1056, 358501
   1057, 358865
   1058, 359229
   1059, 359582
   1060, 359962
   1061, 360343
   1062, 360716
   1063, 361035
   1064, 361364
   1065, 361732
   1066, 362061
   1067, 362411
   1068, 362747
   1069, 363051
   1070, 363349
   1071, 363645
   1072, 363941
   1073, 364270
   1074, 364622
   1075, 364957
   1076, 365273
   1077, 365591
   1078, 365916
   1079, 366279
   1080, 366662
   1081, 367039
   1082, 367422
   1083, 367785
   1084, 368165
   1085, 368565
   1086, 368953
   1087, 369326
   1088, 369659
   1089, 370016
   1090, 370373
   1091, 370731
   1092, 371095
   1093, 371453
   1094, 371806
   1095, 372151
   1096, 372504
   1097, 372893
   1098, 373248
   1099, 373597
   1100, 373946
   1101, 374303
   1102, 374670
   1103, 375035
   1104, 375429
   1105, 375782
   1106, 376125
   1107, 376477
   1108, 376845
   1109, 377208
   1110, 377570
   1111, 377935
   1112, 378294
   1113, 378633
   1114, 378975
   1115, 379348
   1116, 379729
   1117, 380077
   1118, 380418
   1119, 380759
   1120, 381128
   1121, 381468
   1122, 381798
   1123, 382144
   1124, 382471
   1125, 382805
   1126, 383124
   1127, 383471
   1128, 383853
   1129, 384206
   1130, 384550
   1131, 384903
   1132, 385253
   1133, 385615
   1134, 385983
   1135, 386366
   1136, 386719
   1137, 387077
   1138, 387424
   1139, 387770
   1140, 388138
   1141, 388478
   1142, 388804
   1143, 389110
   1144, 389435
   1145, 389772
   1146, 390120
   1147, 390469
   1148, 390825
   1149, 391178
   1150, 391532
   1151, 391878
   1152, 392257
   1153, 392636
   1154, 392983
   1155, 393324
   1156, 393676
   1157, 394032
   1158, 394394
   1159, 394776
   1160, 395132
   1161, 395461
   1162, 395804
   1163, 396154
   1164, 396535
   1165, 396900
   1166, 397276
   1167, 397625
   1168, 397968
   1169, 398317
   1170, 398685
   1171, 399049
   1172, 399414
   1173, 399767
   1174, 400121
   1175, 400459
   1176, 400804
   1177, 401151
   1178, 401493
   1179, 401831
   1180, 402180
   1181, 402537
   1182, 402900
   1183, 403285
   1184, 403664
   1185, 404039
   1186, 404384
   1187, 404752
   1188, 405132
   1189, 405504
   1190, 405888
   1191, 406252
   1192, 406608
   1193, 406960
   1194, 407342
   1195, 407736
   1196, 408091
   1197, 408454
   1198, 408810
   1199, 409158
   1200, 409532
   1201, 409913
   1202, 410282
   1203, 410633
   1204, 410989
   1205, 411334
   1206, 411710
   1207, 412083
   1208, 412443
   1209, 412795
   1210, 413153
   1211, 413501
   1212, 413866
   1213, 414257
   1214, 414618
   1215, 414964
   1216, 415320
   1217, 415672
   1218, 416044
   1219, 416413
   1220, 416772
   1221, 417126
   1222, 417472
   1223, 417819
   1224, 418186
   1225, 418566
   1226, 418919
   1227, 419268
   1228, 419624
   1229, 419973
   1230, 420345
   1231, 420702
   1232, 421069
   1233, 421423
   1234, 421764
   1235, 422116
   1236, 422485
   1237, 422862
   1238, 423219
   1239, 423557
   1240, 423893
   1241, 424232
   1242, 424563
   1243, 424902
   1244, 425243
   1245, 425586
   1246, 425923
   1247, 426269
   1248, 426623
   1249, 427007
   1250, 427387
   1251, 427737
   1252, 428096
   1253, 428440
   1254, 428799
   1255, 429176
   1256, 429558
   1257, 429911
   1258, 430261
   1259, 430627
   1260, 430986
   1261, 431357
   1262, 431727
   1263, 432072
   1264, 432418
   1265, 432765
   1266, 433094
   1267, 433456
   1268, 433818
   1269, 434172
   1270, 434501
   1271, 434854
   1272, 435226
   1273, 435588
   1274, 435960
   1275, 436334
   1276, 436679
   1277, 437021
   1278, 437387
   1279, 437782
   1280, 438137
   1281, 438484
   1282, 438832
   1283, 439178
   1284, 439534
   1285, 439880
   1286, 440241
   1287, 440586
   1288, 440928
   1289, 441257
   1290, 441607
   1291, 441956
   1292, 442314
   1293, 442653
   1294, 442970
   1295, 443292
   1296, 443610
   1297, 443942
   1298, 444301
   1299, 444649
   1300, 444977
   1301, 445309
   1302, 445645
   1303, 446005
   1304, 446359
   1305, 446716
   1306, 447083
   1307, 447421
   1308, 447760
   1309, 448121
   1310, 448465
   1311, 448829
   1312, 449184
   1313, 449518
   1314, 449866
   1315, 450221
   1316, 450558
   1317, 450918
   1318, 451256
   1319, 451601
   1320, 451942
   1321, 452292
   1322, 452646
   1323, 453002
   1324, 453355
   1325, 453697
   1326, 454032
   1327, 454380
   1328, 454722
   1329, 455087
   1330, 455454
   1331, 455804
   1332, 456136
   1333, 456472
   1334, 456819
   1335, 457185
   1336, 457528
   1337, 457864
   1338, 458220
   1339, 458554
   1340, 458890
   1341, 459260
   1342, 459605
   1343, 459963
   1344, 460315
   1345, 460631
   1346, 460981
   1347, 461333
   1348, 461676
   1349, 462022
   1350, 462359
   1351, 462694
   1352, 463026
   1353, 463382
   1354, 463762
   1355, 464118
   1356, 464469
   1357, 464803
   1358, 465149
   1359, 465504
   1360, 465868
   1361, 466222
   1362, 466560
   1363, 466883
   1364, 467210
   1365, 467557
   1366, 467907
   1367, 468267
   1368, 468613
   1369, 468935
   1370, 469274
   1371, 469616
   1372, 469966
   1373, 470331
   1374, 470684
   1375, 471035
   1376, 471380
   1377, 471716
   1378, 472079
   1379, 472440
   1380, 472801
   1381, 473152
   1382, 473511
   1383, 473859
   1384, 474199
   1385, 474559
   1386, 474921
   1387, 475265
   1388, 475593
   1389, 475932
   1390, 476302
   1391, 476655
   1392, 477024
   1393, 477373
   1394, 477716
   1395, 478044
   1396, 478389
   1397, 478757
   1398, 479124
   1399, 479465
   1400, 479810
   1401, 480164
   1402, 480528
   1403, 480877
   1404, 481253
   1405, 481616
   1406, 481950
   1407, 482289
   1408, 482630
   1409, 483006
   1410, 483345
   1411, 483693
   1412, 484034
   1413, 484365
   1414, 484712
   1415, 485049
   1416, 485409
   1417, 485773
   1418, 486128
   1419, 486478
   1420, 486845
   1421, 487222
   1422, 487605
   1423, 487957
   1424, 488306
   1425, 488658
   1426, 489008
   1427, 489370
   1428, 489722
   1429, 490087
   1430, 490442
   1431, 490765
   1432, 491105
   1433, 491467
   1434, 491823
   1435, 492504
   1436, 492823
   1437, 493150
   1438, 493483
   1439, 493830
   1440, 494176
   1441, 494514
   1442, 494849
   1443, 495171
   1444, 495513
   1445, 495856
   1446, 496217
   1447, 496578
   1448, 496927
   1449, 497247
   1450, 497572
   1451, 497911
   1452, 498251
   1453, 498585
   1454, 498893
   1455, 499200
   1456, 499512
   1457, 499823
   1458, 500140
   1459, 500466
   1460, 500793
   1461, 501126
   1462, 501441
   1463, 501770
   1464, 502083
   1465, 502430
   1466, 502774
   1467, 503109
   1468, 503423
   1469, 503726
   1470, 504046
   1471, 504380
   1472, 504725
   1473, 505091
   1474, 505441
   1475, 505776
   1476, 506089
   1477, 506422
   1478, 506770
   1479, 507125
   1480, 507453
   1481, 507795
   1482, 508137
   1483, 508490
   1484, 508858
   1485, 509234
   1486, 509611
   1487, 509954
   1488, 510304
   1489, 510667
   1490, 511039
   1491, 511420
   1492, 511774
   1493, 512126
   1494, 512477
   1495, 512838
   1496, 513205
   1497, 513559
   1498, 513913
   1499, 514269
   1500, 514622
   1501, 514969
   1502, 515336
   1503, 515707
   1504, 516087
   1505, 516443
   1506, 516798
   1507, 517143
   1508, 517506
   1509, 517880
   1510, 518238
   1511, 518583
   1512, 518935
   1513, 519285
   1514, 519652
   1515, 520015
   1516, 520393
   1517, 520739
   1518, 521082
   1519, 521442
   1520, 521816
   1521, 522176
   1522, 522547
   1523, 522876
   1524, 523222
   1525, 523566
   1526, 523928
   1527, 524270
   1528, 524621
   1529, 524969
   1530, 525322
   1531, 525657
   1532, 526024
   1533, 526403
   1534, 526777
   1535, 527132
   1536, 527492
   1537, 527828
   1538, 528161
   1539, 528508
   1540, 528876
   1541, 529227
   1542, 529581
   1543, 529946
   1544, 530314
   1545, 530691
   1546, 531069
   1547, 531433
   1548, 531780
   1549, 532017
   1550, 532476
   1551, 532873
   1552, 533239
   1553, 533601
   1554, 533957
   1555, 534318
   1556, 534695
   1557, 535071
   1558, 535428
   1559, 535778
   1560, 536120
   1561, 536485
   1562, 536875
   1563, 537274
   1564, 537660
   1565, 538049
   1566, 538416
   1567, 538751
   1568, 539127
   1569, 539514
   1570, 539885
   1571, 540220
   1572, 540572
   1573, 540945
   1574, 541314
   1575, 541674
   1576, 542035
   1577, 542400
   1578, 542744
   1579, 543089
   1580, 543470
   1581, 543850
   1582, 544208
   1583, 544559
   1584, 544918
   1585, 545288
   1586, 545665
   1587, 546039
   1588, 546422
   1589, 546759
   1590, 547099
   1591, 547458
   1592, 547840
   1593, 548220
   1594, 548578
   1595, 548951
   1596, 549313
   1597, 549671
   1598, 550052
   1599, 550441
   1600, 550807
   1601, 551146
   1602, 551488
   1603, 551846
   1604, 552207
   1605, 552574
   1606, 552940
   1607, 553275
   1608, 553628
   1609, 553990
   1610, 554358
   1611, 554728
   1612, 555100
   1613, 555441
   1614, 555777
   1615, 556141
   1616, 556526
   1617, 556881
   1618, 557235
   1619, 557595
   1620, 557947
   1621, 558301
   1622, 558684
   1623, 559058
   1624, 559409
   1625, 559752
   1626, 560116
   1627, 560479
   1628, 560839
   1629, 561213
   1630, 561565
   1631, 561900
   1632, 562199
   1633, 562525
   1634, 562887
   1635, 563259
   1636, 563615
   1637, 563976
   1638, 564340
   1639, 564695
   1640, 565054
   1641, 565440
   1642, 565834
   1643, 566177
   1644, 566530
   1645, 566906
   1646, 567284
   1647, 567649
   1648, 568019
   1649, 568394
   1650, 568740
   1651, 569094
   1652, 569468
   1653, 569853
   1654, 570209
   1655, 570553
   1656, 570918
   1657, 571276
   1658, 571634
   1659, 572006
   1660, 572372
   1661, 572723
   1662, 573063
   1663, 573418
   1664, 573811
   1665, 574182
   1666, 574532
   1667, 574883
   1668, 575221
   1669, 575561
   1670, 575914
   1671, 576280
   1672, 576645
   1673, 576987
   1674, 577335
   1675, 577699
   1676, 578088
   1677, 578465
   1678, 578840
   1679, 579202
   1680, 579566
   1681, 579905
   1682, 580276
   1683, 580657
   1684, 581032
   1685, 581389
   1686, 581740
   1687, 582123
   1688, 582490
   1689, 582864
   1690, 583240
   1691, 583595
   1692, 583953
   1693, 584316
   1694, 584685
   1695, 585064
   1696, 585426
   1697, 585763
   1698, 586111
   1699, 586483
   1700, 586862
   1701, 587229
   1702, 587604
   1703, 587928
   1704, 588279
   1705, 588638
   1706, 589021
   1707, 589380
   1708, 589730
   1709, 590089
   1710, 590445
   1711, 590797
   1712, 591168
   1713, 591534
   1714, 591873
   1715, 592204
   1716, 592536
   1717, 592875
   1718, 593208
   1719, 593546
   1720, 593886
   1721, 594224
   1722, 594561
   1723, 594908
   1724, 595266
   1725, 595640
   1726, 596024
   1727, 596376
   1728, 596727
   1729, 597082
   1730, 597480
   1731, 597847
   1732, 598209
   1733, 598582
   1734, 598914
   1735, 599274
   1736, 599634
   1737, 599999
   1738, 600351
   1739, 600702
   1740, 601051
   1741, 601404
   1742, 601771
   1743, 602129
   1744, 602486
   1745, 602846
   1746, 603175
   1747, 603509
   1748, 603867
   1749, 604231
   1750, 604575
   1751, 604910
   1752, 605252
   1753, 605584
   1754, 605939
   1755, 606310
   1756, 606689
   1757, 607020
   1758, 607355
   1759, 607689
   1760, 608018
   1761, 608366
   1762, 608714
   1763, 609073
   1764, 609400
   1765, 609753
   1766, 610116
   1767, 610514
   1768, 610884
   1769, 611271
   1770, 611630
   1771, 611969
   1772, 612343
   1773, 612711
   1774, 613070
   1775, 613425
   1776, 613783
   1777, 614130
   1778, 614493
   1779, 614861
   1780, 615239
   1781, 615592
   1782, 615943
   1783, 616291
   1784, 616658
   1785, 617049
   1786, 617402
   1787, 617773
   1788, 618123
   1789, 618477
   1790, 618827
   1791, 619202
   1792, 619586
   1793, 619941
   1794, 620285
   1795, 620650
   1796, 621013
   1797, 621382
   1798, 621753
   1799, 622125
   1800, 622463
   1801, 622800
   1802, 623170
   1803, 623538
   1804, 623881
   1805, 624216
   1806, 624555
   1807, 624893
   1808, 625231
   1809, 625593
   1810, 625974
   1811, 626340
   1812, 626677
   1813, 627025
   1814, 627382
   1815, 627735
   1816, 628084
   1817, 628437
   1818, 628787
   1819, 629139
   1820, 629488
   1821, 629866
   1822, 630247
   1823, 630633
   1824, 630985
   1825, 631349
   1826, 631698
   1827, 632067
   1828, 632453
   1829, 632821
   1830, 633175
   1831, 633529
   1832, 633893
   1833, 634293
   1834, 634651
   1835, 635012
   1836, 635369
   1837, 635737
   1838, 636109
   1839, 636497
   1840, 636859
   1841, 637219
   1842, 637558
   1843, 637899
   1844, 638249
   1845, 638592
   1846, 638928
   1847, 639263
   1848, 639604
   1849, 639949
   1850, 640291
   1851, 640652
   1852, 641028
   1853, 641405
   1854, 641740
   1855, 642075
   1856, 642440
   1857, 642821
   1858, 643180
   1859, 643545
   1860, 643903
   1861, 644270
   1862, 644632
   1863, 645016
   1864, 645404
   1865, 645752
   1866, 646102
   1867, 646454
   1868, 646824
   1869, 647198
   1870, 647583
   1871, 647943
   1872, 648295
   1873, 648656
   1874, 649007
   1875, 649375
   1876, 649754
