      0,   1308
      1,   1617
      2,   1913
      3,   2204
      4,   2492
      5,   2785
      6,   3076
      7,   3376
      8,   3695
      9,   4001
     10,   4292
     11,   4581
     12,   4869
     13,   5167
     14,   5468
     15,   5771
     16,   6087
     17,   6384
     18,   6668
     19,   6954
     20,   7245
     21,   7552
     22,   7860
     23,   8163
     24,   8476
     25,   8767
     26,   9046
     27,   9336
     28,   9634
     29,   9943
     30,  10248
     31,  10546
     32,  10848
     33,  11139
     34,  11417
     35,  11713
     36,  12021
     37,  12333
     38,  12635
     39,  12929
     40,  13226
     41,  13514
     42,  13800
     43,  14101
     44,  14411
     45,  14721
     46,  15016
     47,  15304
     48,  15606
     49,  15893
     50,  16186
     51,  16495
     52,  16806
     53,  17110
     54,  17396
     55,  17683
     56,  17983
     57,  18277
     58,  18576
     59,  18882
     60,  19187
     61,  19483
     62,  19768
     63,  20058
     64,  20362
     65,  20666
     66,  20968
     67,  21271
     68,  21570
     69,  21860
     70,  22146
     71,  22437
     72,  22747
     73,  23053
     74,  23353
     75,  23650
     76,  23947
     77,  24237
     78,  24525
     79,  24828
     80,  25141
     81,  25444
     82,  25739
     83,  26027
     84,  26320
     85,  26610
     86,  26902
     87,  27214
     88,  27531
     89,  27824
     90,  28117
     91,  28404
     92,  28699
     93,  28993
     94,  29290
     95,  29595
     96,  29893
     97,  30175
     98,  30452
     99,  30729
    100,  31012
    101,  31302
    102,  31598
    103,  31895
    104,  32193
    105,  32478
    106,  32747
    107,  33023
    108,  33311
    109,  33608
    110,  33896
    111,  34053
    112,  34378
    113,  34670
    114,  34953
    115,  35241
    116,  35539
    117,  35851
    118,  36156
    119,  36455
    120,  36758
    121,  37046
    122,  37329
    123,  37623
    124,  37926
    125,  38239
    126,  38541
    127,  38837
    128,  39130
    129,  39413
    130,  39696
    131,  39991
    132,  40294
    133,  40602
    134,  40893
    135,  41171
    136,  41452
    137,  41746
    138,  42028
    139,  42320
    140,  42631
    141,  42930
    142,  43218
    143,  43495
    144,  43782
    145,  44073
    146,  44366
    147,  44666
    148,  44960
    149,  45258
    150,  45537
    151,  45814
    152,  46103
    153,  46396
    154,  46695
    155,  46993
    156,  47284
    157,  47576
    158,  47855
    159,  48131
    160,  48420
    161,  48724
    162,  49019
    163,  49307
    164,  49593
    165,  49874
    166,  50157
    167,  50433
    168,  50717
    169,  51028
    170,  51328
    171,  51613
    172,  51897
    173,  52174
    174,  52456
    175,  52739
    176,  53027
    177,  53334
    178,  53630
    179,  53908
    180,  54188
    181,  54465
    182,  54747
    183,  55035
    184,  55330
    185,  55633
    186,  55927
    187,  56207
    188,  56483
    189,  56758
    190,  57049
    191,  57343
    192,  57636
    193,  57937
    194,  58229
    195,  58504
    196,  58780
    197,  59058
    198,  59351
    199,  59653
    200,  59947
    201,  60239
    202,  60529
    203,  60805
    204,  61077
    205,  61363
    206,  61662
    207,  61962
    208,  62257
    209,  62545
    210,  62829
    211,  63117
    212,  63402
    213,  63707
    214,  64020
    215,  64326
    216,  64623
    217,  64915
    218,  65207
    219,  65497
    220,  65789
    221,  66088
    222,  66408
    223,  66713
    224,  66993
    225,  67283
    226,  67581
    227,  67876
    228,  68176
    229,  68482
    230,  68791
    231,  69087
    232,  69377
    233,  69664
    234,  69957
    235,  70257
    236,  70566
    237,  70869
    238,  71167
    239,  71460
    240,  71746
    241,  72040
    242,  72346
    243,  72650
    244,  72953
    245,  73252
    246,  73547
    247,  73835
    248,  74126
    249,  74421
    250,  74734
    251,  75036
    252,  75337
    253,  75630
    254,  75929
    255,  76213
    256,  76504
    257,  76822
    258,  77123
    259,  77423
    260,  77722
    261,  78004
    262,  78298
    263,  78595
    264,  78887
    265,  79203
    266,  79511
    267,  79807
    268,  80097
    269,  80384
    270,  80681
    271,  80980
    272,  81281
    273,  81595
    274,  81898
    275,  82182
    276,  82470
    277,  82764
    278,  83065
    279,  83370
    280,  83672
    281,  83993
    282,  84281
    283,  84570
    284,  84851
    285,  85146
    286,  85456
    287,  85760
    288,  86059
    289,  86363
    290,  86653
    291,  86937
    292,  87230
    293,  87535
    294,  87849
    295,  88153
    296,  88446
    297,  88744
    298,  89032
    299,  89318
    300,  89615
    301,  89928
    302,  90237
    303,  90532
    304,  90818
    305,  91117
    306,  91409
    307,  91700
    308,  92007
    309,  92319
    310,  92628
    311,  92911
    312,  93198
    313,  93492
    314,  93785
    315,  94082
    316,  94389
    317,  94695
    318,  95004
    319,  95283
    320,  95575
    321,  95871
    322,  96174
    323,  96475
    324,  96779
    325,  97080
    326,  97372
    327,  97656
    328,  97944
    329,  98252
    330,  98562
    331,  98859
    332,  99159
    333,  99455
    334,  99746
    335, 100043
    336, 100331
    337, 100644
    338, 100956
    339, 101246
    340, 101541
    341, 101827
    342, 102117
    343, 102407
    344, 102715
    345, 103028
    346, 103331
    347, 103625
    348, 103913
    349, 104206
    350, 104499
    351, 104798
    352, 105109
    353, 105418
    354, 105719
    355, 105999
    356, 106285
    357, 106582
    358, 106883
    359, 107187
    360, 107500
    361, 107805
    362, 108091
    363, 108382
    364, 108666
    365, 108973
    366, 109272
    367, 109574
    368, 109884
    369, 110182
    370, 110461
    371, 110751
    372, 111045
    373, 111358
    374, 111665
    375, 111965
    376, 112268
    377, 112558
    378, 112841
    379, 113133
    380, 113434
    381, 113748
    382, 114053
    383, 114344
    384, 114643
    385, 114935
    386, 115220
    387, 115522
    388, 115836
    389, 116143
    390, 116440
    391, 116724
    392, 117021
    393, 117312
    394, 117604
    395, 117909
    396, 118217
    397, 118524
    398, 118819
    399, 119103
    400, 119402
    401, 119695
    402, 119995
    403, 120302
    404, 120607
    405, 120907
    406, 121192
    407, 121475
    408, 121776
    409, 122079
    410, 122383
    411, 122687
    412, 122986
    413, 123285
    414, 123569
    415, 123856
    416, 124166
    417, 124472
    418, 124771
    419, 125075
    420, 125360
    421, 125657
    422, 125938
    423, 126232
    424, 126549
    425, 126856
    426, 127153
    427, 127447
    428, 127738
    429, 128029
    430, 128321
    431, 128625
    432, 128939
    433, 129242
    434, 129532
    435, 129818
    436, 130110
    437, 130404
    438, 130704
    439, 131014
    440, 131328
    441, 131631
    442, 131910
    443, 132196
    444, 132491
    445, 132791
    446, 133092
    447, 133402
    448, 133709
    449, 134001
    450, 134284
    451, 134569
    452, 134871
    453, 135179
    454, 135482
    455, 135790
    456, 136087
    457, 136369
    458, 136656
    459, 136948
    460, 137258
    461, 137567
    462, 137872
    463, 138167
    464, 138460
    465, 138745
    466, 139037
    467, 139340
    468, 139656
    469, 139961
    470, 140254
    471, 140550
    472, 140844
    473, 141130
    474, 141421
    475, 141734
    476, 142040
    477, 142339
    478, 142626
    479, 142923
    480, 143214
    481, 143508
    482, 143816
    483, 144122
    484, 144432
    485, 144722
    486, 145009
    487, 145309
    488, 145601
    489, 145895
    490, 146210
    491, 146510
    492, 146814
    493, 147101
    494, 147383
    495, 147686
    496, 147990
    497, 148291
    498, 148597
    499, 148895
    500, 149194
    501, 149473
    502, 149763
    503, 150069
    504, 150379
    505, 150680
    506, 150982
    507, 151279
    508, 151567
    509, 151852
    510, 152145
    511, 152462
    512, 152768
    513, 153065
    514, 153362
    515, 153644
    516, 153937
    517, 154235
    518, 154538
    519, 154860
    520, 155156
    521, 155447
    522, 155733
    523, 156023
    524, 156320
    525, 156618
    526, 156924
    527, 157239
    528, 157535
    529, 157816
    530, 158103
    531, 158397
    532, 158699
    533, 159005
    534, 159314
    535, 159621
    536, 159914
    537, 160191
    538, 160487
    539, 160782
    540, 161087
    541, 161390
    542, 161697
    543, 161994
    544, 162279
    545, 162566
    546, 162860
    547, 163173
    548, 163489
    549, 163780
    550, 164081
    551, 164373
    552, 164656
    553, 164951
    554, 165245
    555, 165560
    556, 165870
    557, 166156
    558, 166456
    559, 166748
    560, 167034
    561, 167334
    562, 167641
    563, 167952
    564, 168256
    565, 168535
    566, 168838
    567, 169121
    568, 169412
    569, 169718
    570, 170025
    571, 170335
    572, 170634
    573, 170912
    574, 171210
    575, 171506
    576, 171805
    577, 172112
    578, 172416
    579, 172719
    580, 173005
    581, 173287
    582, 173588
    583, 173896
    584, 174192
    585, 174498
    586, 174798
    587, 175094
    588, 175380
    589, 175666
    590, 175975
    591, 176280
    592, 176580
    593, 176881
    594, 177173
    595, 177464
    596, 177751
    597, 178045
    598, 178366
    599, 178671
    600, 178969
    601, 179263
    602, 179553
    603, 179845
    604, 180136
    605, 180437
    606, 180759
    607, 181065
    608, 181347
    609, 181634
    610, 181926
    611, 182225
    612, 182520
    613, 182832
    614, 183152
    615, 183449
    616, 183727
    617, 184023
    618, 184315
    619, 184606
    620, 184908
    621, 185218
    622, 185529
    623, 185813
    624, 186098
    625, 186387
    626, 186690
    627, 186998
    628, 187302
    629, 187610
    630, 187907
    631, 188189
    632, 188475
    633, 188767
    634, 189077
    635, 189385
    636, 189685
    637, 189987
    638, 190280
    639, 190564
    640, 190855
    641, 191158
    642, 191472
    643, 191776
    644, 192068
    645, 192371
    646, 192654
    647, 192937
    648, 193236
    649, 193542
    650, 193856
    651, 194155
    652, 194443
    653, 194740
    654, 195032
    655, 195324
    656, 195630
    657, 195936
    658, 196252
    659, 196537
    660, 196817
    661, 197115
    662, 197411
    663, 197707
    664, 198015
    665, 198321
    666, 198625
    667, 198911
    668, 199195
    669, 199497
    670, 199804
    671, 200099
    672, 200403
    673, 200703
    674, 201000
    675, 201285
    676, 201569
    677, 201877
    678, 202184
    679, 202485
    680, 202786
    681, 203082
    682, 203373
    683, 203660
    684, 203955
    685, 204268
    686, 204578
    687, 204876
    688, 205163
    689, 205455
    690, 205752
    691, 206038
    692, 206345
    693, 206661
    694, 206969
    695, 207256
    696, 207544
    697, 207754
    698, 208047
    699, 208343
    700, 208647
    701, 208963
    702, 209263
    703, 209555
    704, 209837
    705, 210140
    706, 210430
    707, 210733
    708, 211042
    709, 211352
    710, 211646
    711, 211928
    712, 212214
    713, 212512
    714, 212816
    715, 213120
    716, 213427
    717, 213732
    718, 214020
    719, 214304
    720, 214600
    721, 214902
    722, 215211
    723, 215512
    724, 215817
    725, 216111
    726, 216394
    727, 216681
    728, 216977
    729, 217289
    730, 217597
    731, 217895
    732, 218194
    733, 218492
    734, 218771
    735, 219066
    736, 219371
    737, 219683
    738, 219988
    739, 220277
    740, 220569
    741, 220866
    742, 221148
    743, 221451
    744, 221760
    745, 222073
    746, 222370
    747, 222654
    748, 222951
    749, 223244
    750, 223539
    751, 223846
    752, 224158
    753, 224462
    754, 224742
    755, 225023
    756, 225324
    757, 225622
    758, 225925
    759, 226240
    760, 226537
    761, 226835
    762, 227118
    763, 227409
    764, 227708
    765, 228013
    766, 228314
    767, 228617
    768, 228916
    769, 229204
    770, 229490
    771, 229779
    772, 230127
    773, 230436
    774, 230701
    775, 230998
    776, 231290
    777, 231587
    778, 231868
    779, 232166
    780, 232484
    781, 232789
    782, 233081
    783, 233370
    784, 233661
    785, 233954
    786, 234254
    787, 234559
    788, 234873
    789, 235173
    790, 235465
    791, 235749
    792, 236037
    793, 236334
    794, 236636
    795, 236945
    796, 237255
    797, 237553
    798, 237838
    799, 238121
    800, 238421
    801, 238728
    802, 239035
    803, 239340
    804, 239642
    805, 239925
    806, 240210
    807, 240499
    808, 240803
    809, 241112
    810, 241421
    811, 241726
    812, 242014
    813, 242298
    814, 242590
    815, 242888
    816, 243201
    817, 243506
    818, 243804
    819, 244102
    820, 244398
    821, 244675
    822, 244971
    823, 245276
    824, 245591
    825, 245896
    826, 246185
    827, 246482
    828, 246773
    829, 247060
    830, 247364
    831, 247677
    832, 247982
    833, 248276
    834, 248558
    835, 248863
    836, 249149
    837, 249444
    838, 249763
    839, 250062
    840, 250367
    841, 250655
    842, 250938
    843, 251238
    844, 251536
    845, 251837
    846, 252143
    847, 252445
    848, 252741
    849, 253030
    850, 253316
    851, 253617
    852, 253923
    853, 254232
    854, 254530
    855, 254832
    856, 255120
    857, 255404
    858, 255694
    859, 256014
    860, 256313
    861, 256609
    862, 256904
    863, 257197
    864, 257489
    865, 257783
    866, 258078
    867, 258396
    868, 258706
    869, 258993
    870, 259282
    871, 259574
    872, 259866
    873, 260159
    874, 260467
    875, 260786
    876, 261080
    877, 261370
    878, 261657
    879, 261958
    880, 262250
    881, 262551
    882, 262862
    883, 263171
    884, 263468
    885, 263752
    886, 264033
    887, 264332
    888, 264632
    889, 264934
    890, 265248
    891, 265549
    892, 265835
    893, 266124
    894, 266414
    895, 266728
    896, 267032
    897, 267333
    898, 267640
    899, 267926
    900, 268208
    901, 268498
    902, 268793
    903, 269107
    904, 269421
    905, 269713
    906, 270015
    907, 270305
    908, 270589
    909, 270893
    910, 271189
    911, 271503
    912, 271806
    913, 272094
    914, 272400
    915, 272680
    916, 272965
    917, 273268
    918, 273578
    919, 273889
    920, 274190
    921, 274471
    922, 274769
    923, 275058
    924, 275352
    925, 275659
    926, 275966
    927, 276271
    928, 276562
    929, 276843
    930, 277152
    931, 277445
    932, 277743
    933, 278050
    934, 278358
    935, 278654
    936, 278938
    937, 279224
    938, 279529
    939, 279834
    940, 280132
    941, 280436
    942, 280735
    943, 281025
    944, 281315
    945, 281605
    946, 281918
    947, 282230
    948, 282524
    949, 282821
    950, 283120
    951, 283402
    952, 283693
    953, 283997
    954, 284304
    955, 284608
    956, 284905
    957, 285194
    958, 285489
    959, 285780
    960, 286075
    961, 286395
    962, 286698
    963, 286996
    964, 287287
    965, 287572
    966, 287867
    967, 288162
    968, 288460
    969, 288775
    970, 289083
    971, 289373
    972, 289668
    973, 289951
    974, 290250
    975, 290552
    976, 290852
    977, 291167
    978, 291465
    979, 291748
    980, 292036
    981, 292326
    982, 292631
    983, 292936
    984, 293239
    985, 293550
    986, 293842
    987, 294126
    988, 294416
    989, 294713
    990, 295026
    991, 295330
    992, 295632
    993, 295930
    994, 296218
    995, 296499
    996, 296792
    997, 297110
    998, 297413
    999, 297724
   1000, 298009
   1001, 298308
   1002, 298600
   1003, 298879
   1004, 299181
   1005, 299500
   1006, 299797
   1007, 300092
   1008, 300381
   1009, 300676
   1010, 300965
   1011, 301260
   1012, 301568
   1013, 301881
   1014, 302184
   1015, 302478
   1016, 302770
   1017, 303057
   1018, 303351
   1019, 303653
   1020, 303967
   1021, 304268
   1022, 304562
   1023, 304845
   1024, 305140
   1025, 305445
   1026, 305740
   1027, 306047
   1028, 306351
   1029, 306652
   1030, 306939
   1031, 307221
   1032, 307520
   1033, 307824
   1034, 308133
   1035, 308433
   1036, 308730
   1037, 309026
   1038, 309315
   1039, 309600
   1040, 309910
   1041, 310221
   1042, 310522
   1043, 310823
   1044, 311112
   1045, 311405
   1046, 311693
   1047, 311983
   1048, 312300
   1049, 312610
   1050, 312907
   1051, 313202
   1052, 313491
   1053, 313787
   1054, 314078
   1055, 314378
   1056, 314703
   1057, 315002
   1058, 315291
   1059, 315578
   1060, 315871
   1061, 316169
   1062, 316460
   1063, 316764
   1064, 317087
   1065, 317380
   1066, 317665
   1067, 317953
   1068, 318245
   1069, 318549
   1070, 318855
   1071, 319158
   1072, 319468
   1073, 319757
   1074, 320037
   1075, 320325
   1076, 320631
   1077, 320938
   1078, 321244
   1079, 321547
   1080, 321847
   1081, 322134
   1082, 322415
   1083, 322708
   1084, 323019
   1085, 323326
   1086, 323632
   1087, 323925
   1088, 324217
   1089, 324500
   1090, 324791
   1091, 325094
   1092, 325410
   1093, 325716
   1094, 326009
   1095, 326304
   1096, 326594
   1097, 326881
   1098, 327180
   1099, 327493
   1100, 327799
   1101, 328098
   1102, 328387
   1103, 328681
   1104, 328972
   1105, 329265
   1106, 329573
   1107, 329880
   1108, 330190
   1109, 330480
   1110, 330760
   1111, 331059
   1112, 331356
   1113, 331660
   1114, 331961
   1115, 332265
   1116, 332566
   1117, 332852
   1118, 333141
   1119, 333439
   1120, 333743
   1121, 334046
   1122, 334350
   1123, 334647
   1124, 334941
   1125, 335227
   1126, 335519
   1127, 335822
   1128, 336130
   1129, 336431
   1130, 336731
   1131, 337024
   1132, 337320
   1133, 337607
   1134, 337908
   1135, 338224
   1136, 338524
   1137, 338818
   1138, 339110
   1139, 339399
   1140, 339695
   1141, 339982
   1142, 340286
   1143, 340601
   1144, 340905
   1145, 341198
   1146, 341492
   1147, 341780
   1148, 342074
   1149, 342373
   1150, 342683
   1151, 342999
   1152, 343289
   1153, 343574
   1154, 343859
   1155, 344166
   1156, 344457
   1157, 344762
   1158, 345073
   1159, 345381
   1160, 345668
   1161, 345954
   1162, 346241
   1163, 346545
   1164, 346850
   1165, 347152
   1166, 347462
   1167, 347763
   1168, 348040
   1169, 348328
   1170, 348622
   1171, 348934
   1172, 349241
   1173, 349541
   1174, 349846
   1175, 350136
   1176, 350418
   1177, 350709
   1178, 351012
   1179, 351325
   1180, 351628
   1181, 351921
   1182, 352217
   1183, 352508
   1184, 352795
   1185, 353096
   1186, 353405
   1187, 353720
   1188, 354017
   1189, 354301
   1190, 354599
   1191, 354894
   1192, 355179
   1193, 355483
   1194, 355790
   1195, 356098
   1196, 356388
   1197, 356677
   1198, 356972
   1199, 357266
   1200, 357565
   1201, 357873
   1202, 358179
   1203, 358483
   1204, 358764
   1205, 359049
   1206, 359354
   1207, 359650
   1208, 359951
   1209, 360256
   1210, 360559
   1211, 360859
   1212, 361138
   1213, 361435
   1214, 361745
   1215, 362050
   1216, 362343
   1217, 362642
   1218, 362938
   1219, 363231
   1220, 363510
   1221, 363816
   1222, 364122
   1223, 364432
   1224, 364728
   1225, 365025
   1226, 365315
   1227, 365603
   1228, 365892
   1229, 366233
   1230, 366512
   1231, 366821
   1232, 367113
   1233, 367398
   1234, 367686
   1235, 367978
   1236, 368282
   1237, 368591
   1238, 368901
   1239, 369195
   1240, 369486
   1241, 369773
   1242, 370070
   1243, 370369
   1244, 370670
   1245, 370985
   1246, 371288
   1247, 371570
   1248, 371858
   1249, 372148
   1250, 372450
   1251, 372756
   1252, 373059
   1253, 373374
   1254, 373667
   1255, 373949
   1256, 374243
   1257, 374532
   1258, 374843
   1259, 375150
   1260, 375445
   1261, 375751
   1262, 376040
   1263, 376323
   1264, 376616
   1265, 376920
   1266, 377236
   1267, 377539
   1268, 377832
   1269, 378137
   1270, 378420
   1271, 378702
   1272, 379005
   1273, 379315
   1274, 379621
   1275, 379917
   1276, 380211
   1277, 380513
   1278, 380801
   1279, 381092
   1280, 381393
   1281, 381704
   1282, 382009
   1283, 382303
   1284, 382586
   1285, 382886
   1286, 383174
   1287, 383472
   1288, 383778
   1289, 384087
   1290, 384386
   1291, 384673
   1292, 384964
   1293, 385262
   1294, 385561
   1295, 385866
   1296, 386168
   1297, 386474
   1298, 386764
   1299, 387046
   1300, 387341
   1301, 387644
   1302, 387946
   1303, 388252
   1304, 388553
   1305, 388851
   1306, 389139
   1307, 389423
   1308, 389727
   1309, 390035
   1310, 390341
   1311, 390640
   1312, 390933
   1313, 391233
   1314, 391511
   1315, 391805
   1316, 392112
   1317, 392429
   1318, 392725
   1319, 393023
   1320, 393312
   1321, 393605
   1322, 393894
   1323, 394190
   1324, 394508
   1325, 394816
   1326, 395107
   1327, 395394
   1328, 395681
   1329, 395979
   1330, 396273
   1331, 396578
   1332, 396898
   1333, 397200
   1334, 397484
   1335, 397775
   1336, 398060
   1337, 398360
   1338, 398662
   1339, 398967
   1340, 399280
   1341, 399572
   1342, 399862
   1343, 400140
   1344, 400438
   1345, 400753
   1346, 401056
   1347, 401360
   1348, 401668
   1349, 401950
   1350, 402237
   1351, 402521
   1352, 402828
   1353, 403138
   1354, 403440
   1355, 403741
   1356, 404041
   1357, 404321
   1358, 404609
   1359, 404907
   1360, 405221
   1361, 405528
   1362, 405825
   1363, 406121
   1364, 406411
   1365, 406695
   1366, 406991
   1367, 407296
   1368, 407608
   1369, 407913
   1370, 408202
   1371, 408497
   1372, 408789
   1373, 409079
   1374, 409385
   1375, 409699
   1376, 410002
   1377, 410298
   1378, 410580
   1379, 410874
   1380, 411169
   1381, 411465
   1382, 411773
   1383, 412080
   1384, 412386
   1385, 412674
   1386, 412957
   1387, 413258
   1388, 413558
   1389, 413869
   1390, 414177
   1391, 414468
   1392, 414763
   1393, 415045
   1394, 415330
   1395, 415638
   1396, 415944
   1397, 416247
   1398, 416552
   1399, 416847
   1400, 417140
   1401, 417426
   1402, 417716
   1403, 418031
   1404, 418343
   1405, 418641
   1406, 418934
   1407, 419224
   1408, 419512
   1409, 419807
   1410, 420101
   1411, 420420
   1412, 420725
   1413, 421016
   1414, 421306
   1415, 421597
   1416, 421888
   1417, 422184
   1418, 422493
   1419, 422805
   1420, 423102
   1421, 423390
   1422, 423676
   1423, 423972
   1424, 424270
   1425, 424572
   1426, 424885
   1427, 425193
   1428, 425483
   1429, 425775
   1430, 426055
   1431, 426354
   1432, 426659
   1433, 426959
   1434, 427270
   1435, 427571
   1436, 427864
   1437, 428151
   1438, 428436
   1439, 428744
   1440, 429051
   1441, 429355
   1442, 429659
   1443, 429950
   1444, 430232
   1445, 430522
   1446, 430820
   1447, 431131
   1448, 431435
   1449, 431732
   1450, 432039
   1451, 432322
   1452, 432608
   1453, 432908
   1454, 433210
   1455, 433524
   1456, 433825
   1457, 434115
   1458, 434411
   1459, 434704
   1460, 434992
   1461, 435289
   1462, 435598
   1463, 435911
   1464, 436211
   1465, 436498
   1466, 436797
   1467, 437080
   1468, 437374
   1469, 437685
   1470, 437988
   1471, 438289
   1472, 438581
   1473, 438863
   1474, 439161
   1475, 439457
   1476, 439759
   1477, 440067
   1478, 440375
   1479, 440668
   1480, 440954
   1481, 441254
   1482, 441547
   1483, 441856
   1484, 442154
   1485, 442461
   1486, 442756
   1487, 443043
   1488, 443327
   1489, 443624
   1490, 443935
   1491, 444241
   1492, 444550
   1493, 444852
   1494, 445137
   1495, 445423
   1496, 445709
   1497, 446018
   1498, 446328
   1499, 446628
   1500, 446927
   1501, 447216
   1502, 447513
   1503, 447798
   1504, 448092
   1505, 448408
   1506, 448719
   1507, 449016
   1508, 449313
   1509, 449594
   1510, 449889
   1511, 450182
   1512, 450483
   1513, 450799
   1514, 451104
   1515, 451393
   1516, 451680
   1517, 451969
   1518, 452271
   1519, 452573
   1520, 452877
   1521, 453201
   1522, 453489
   1523, 453770
   1524, 454055
   1525, 454347
   1526, 454656
   1527, 454965
   1528, 455260
   1529, 455573
   1530, 455857
   1531, 456140
   1532, 456430
   1533, 456740
   1534, 457042
   1535, 457347
   1536, 457649
   1537, 457951
   1538, 458230
   1539, 458516
   1540, 458809
   1541, 459121
   1542, 459430
   1543, 459731
   1544, 460029
   1545, 460322
   1546, 460609
   1547, 460900
   1548, 461202
   1549, 461522
   1550, 461819
   1551, 462116
   1552, 462406
   1553, 462702
   1554, 462983
   1555, 463283
   1556, 463591
   1557, 463904
   1558, 464202
   1559, 464487
   1560, 464792
   1561, 465076
   1562, 465368
   1563, 465676
   1564, 465981
   1565, 466288
   1566, 466578
   1567, 466860
   1568, 467158
   1569, 467455
   1570, 467756
   1571, 468065
   1572, 468371
   1573, 468672
   1574, 468958
   1575, 469241
   1576, 469544
   1577, 469848
   1578, 470146
   1579, 470449
   1580, 470754
   1581, 471040
   1582, 471326
   1583, 471616
   1584, 471926
   1585, 472241
   1586, 472535
   1587, 472834
   1588, 473127
   1589, 473418
   1590, 473704
   1591, 474003
   1592, 474316
   1593, 474622
   1594, 474919
   1595, 475209
   1596, 475501
   1597, 475799
   1598, 476087
   1599, 476402
   1600, 476712
   1601, 477013
   1602, 477302
   1603, 477589
   1604, 477882
   1605, 478175
   1606, 478478
   1607, 478793
   1608, 479096
   1609, 479389
   1610, 479678
   1611, 479967
   1612, 480264
   1613, 480565
   1614, 480868
   1615, 481187
   1616, 481482
   1617, 481772
   1618, 482054
   1619, 482344
   1620, 482648
   1621, 482952
   1622, 483253
   1623, 483566
   1624, 483859
   1625, 484149
   1626, 484433
   1627, 484729
   1628, 485042
   1629, 485346
   1630, 485644
   1631, 485949
   1632, 486236
   1633, 486517
   1634, 486808
   1635, 487113
   1636, 487425
   1637, 487728
   1638, 488023
   1639, 488323
   1640, 488610
   1641, 488894
   1642, 489193
   1643, 489505
   1644, 489812
   1645, 490114
   1646, 490398
   1647, 490692
   1648, 490980
   1649, 491274
   1650, 491579
   1651, 491894
   1652, 492199
   1653, 492487
   1654, 492777
   1655, 493071
   1656, 493369
   1657, 493665
   1658, 493971
   1659, 494281
   1660, 494575
   1661, 494856
   1662, 495151
   1663, 495454
   1664, 495749
   1665, 496057
   1666, 496363
   1667, 496673
   1668, 496961
   1669, 497235
   1670, 497539
   1671, 497836
   1672, 498138
   1673, 498444
   1674, 498743
   1675, 499039
   1676, 499330
   1677, 499612
   1678, 499920
   1679, 500237
   1680, 500532
   1681, 500833
   1682, 501124
   1683, 501418
   1684, 501703
   1685, 501994
   1686, 502310
   1687, 502616
   1688, 502919
   1689, 503207
   1690, 503497
   1691, 503790
   1692, 504081
   1693, 504383
   1694, 504700
   1695, 505003
   1696, 505295
   1697, 505583
   1698, 505873
   1699, 506167
   1700, 506464
   1701, 506771
   1702, 507085
   1703, 507389
   1704, 507671
   1705, 507958
   1706, 508160
   1707, 508464
   1708, 508764
   1709, 509068
   1710, 509382
   1711, 509678
   1712, 509959
   1713, 510245
   1714, 510546
   1715, 510847
   1716, 511151
   1717, 511458
   1718, 511771
   1719, 512055
   1720, 512338
   1721, 512626
   1722, 512930
   1723, 513239
   1724, 513540
   1725, 513844
   1726, 514139
   1727, 514427
   1728, 514715
   1729, 515006
   1730, 515318
   1731, 515627
   1732, 515934
   1733, 516231
   1734, 516517
   1735, 516802
   1736, 517101
   1737, 517399
   1738, 517718
   1739, 518016
   1740, 518311
   1741, 518601
   1742, 518899
   1743, 519179
   1744, 519482
   1745, 519792
   1746, 520103
   1747, 520399
   1748, 520683
   1749, 520980
   1750, 521270
   1751, 521568
   1752, 521871
   1753, 522177
   1754, 522483
   1755, 522776
   1756, 523054
   1757, 523355
   1758, 523654
   1759, 523960
   1760, 524266
   1761, 524567
   1762, 524863
   1763, 525152
   1764, 525433
   1765, 525741
   1766, 526040
   1767, 526344
   1768, 526641
   1769, 526943
   1770, 527238
   1771, 527518
   1772, 527815
   1773, 528124
   1774, 528430
   1775, 528732
   1776, 529033
   1777, 529328
   1778, 529613
   1779, 529894
   1780, 530198
   1781, 530508
   1782, 530811
   1783, 531112
   1784, 531403
   1785, 531697
   1786, 531993
   1787, 532281
   1788, 532594
   1789, 532904
   1790, 533207
   1791, 533495
   1792, 533781
   1793, 534076
   1794, 534369
   1795, 534668
   1796, 534985
   1797, 535293
   1798, 535582
   1799, 535871
   1800, 536161
   1801, 536457
   1802, 536762
   1803, 537060
   1804, 537375
   1805, 537671
   1806, 537955
   1807, 538247
   1808, 538534
   1809, 538839
   1810, 539144
   1811, 539450
   1812, 539761
   1813, 540052
   1814, 540335
   1815, 540623
   1816, 540923
   1817, 541232
   1818, 541541
   1819, 541843
   1820, 542143
   1821, 542425
   1822, 542707
   1823, 543001
   1824, 543311
   1825, 543627
   1826, 543923
   1827, 544223
   1828, 544518
   1829, 544802
   1830, 545090
   1831, 545390
   1832, 545704
   1833, 546008
   1834, 546302
   1835, 546597
   1836, 546888
   1837, 547175
   1838, 547482
   1839, 547784
   1840, 548098
   1841, 548397
   1842, 548688
   1843, 548983
   1844, 549267
   1845, 549565
   1846, 549866
   1847, 550172
   1848, 550483
   1849, 550774
   1850, 551061
   1851, 551360
   1852, 551657
   1853, 551951
   1854, 552258
   1855, 552562
   1856, 552862
   1857, 553152
   1858, 553431
   1859, 553738
   1860, 554033
   1861, 554333
   1862, 554638
   1863, 554940
   1864, 555234
   1865, 555520
   1866, 555811
   1867, 556117
   1868, 556425
   1869, 556726
   1870, 557024
   1871, 557321
   1872, 557609
   1873, 557894
   1874, 558199
   1875, 558504
   1876, 558810
   1877, 559111
   1878, 559404
   1879, 559698
   1880, 559988
   1881, 560275
   1882, 560586
   1883, 560897
   1884, 561196
   1885, 561497
   1886, 561779
   1887, 562071
   1888, 562361
   1889, 562658
   1890, 562981
   1891, 563285
   1892, 563585
   1893, 563869
   1894, 564057
   1895, 564354
   1896, 564650
   1897, 564952
   1898, 565264
   1899, 565570
   1900, 565861
   1901, 566147
   1902, 566434
   1903, 566736
   1904, 567040
   1905, 567343
   1906, 567664
   1907, 567957
   1908, 568239
   1909, 568527
   1910, 568817
   1911, 569123
   1912, 569429
   1913, 569729
   1914, 570039
   1915, 570328
   1916, 570615
   1917, 570903
   1918, 571202
   1919, 571516
   1920, 571821
   1921, 572119
   1922, 572425
   1923, 572707
   1924, 572990
   1925, 573284
   1926, 573591
   1927, 573904
   1928, 574204
   1929, 574496
   1930, 574794
   1931, 575084
   1932, 575371
   1933, 575675
   1934, 575987
   1935, 576299
   1936, 576587
   1937, 576878
   1938, 577172
   1939, 577460
   1940, 577765
   1941, 578063
   1942, 578374
   1943, 578675
   1944, 578961
   1945, 579259
   1946, 579550
   1947, 579843
   1948, 580155
   1949, 580456
   1950, 580763
   1951, 581054
   1952, 581337
   1953, 581637
   1954, 581930
   1955, 582231
   1956, 582546
   1957, 582844
   1958, 583147
   1959, 583433
   1960, 583717
   1961, 584019
   1962, 584324
   1963, 584626
   1964, 584929
   1965, 585226
   1966, 585519
   1967, 585803
   1968, 586089
   1969, 586401
   1970, 586713
   1971, 587014
   1972, 587309
   1973, 587602
   1974, 587894
   1975, 588180
   1976, 588477
   1977, 588791
   1978, 589096
   1979, 589393
   1980, 589683
   1981, 589974
   1982, 590270
   1983, 590559
   1984, 590866
   1985, 591182
   1986, 591484
   1987, 591774
   1988, 592061
   1989, 592361
   1990, 592648
   1991, 592945
   1992, 593259
   1993, 593568
   1994, 593865
   1995, 594153
   1996, 594436
   1997, 594739
   1998, 595032
   1999, 595336
   2000, 595653
   2001, 595959
   2002, 596247
   2003, 596526
   2004, 596814
   2005, 597117
   2006, 597422
   2007, 597724
   2008, 598036
   2009, 598335
   2010, 598612
   2011, 598902
   2012, 599199
   2013, 599512
   2014, 599818
   2015, 600117
   2016, 600421
   2017, 600707
   2018, 600987
   2019, 601287
   2020, 601584
   2021, 601894
   2022, 602197
   2023, 602495
   2024, 602792
   2025, 603083
   2026, 603366
   2027, 603665
   2028, 603978
   2029, 604287
   2030, 604582
   2031, 604875
   2032, 605167
   2033, 605459
   2034, 605748
   2035, 606053
   2036, 606376
   2037, 606673
   2038, 606961
   2039, 607253
   2040, 607549
   2041, 607840
   2042, 608149
   2043, 608450
   2044, 608760
   2045, 609053
   2046, 609340
   2047, 609630
   2048, 609927
   2049, 610236
   2050, 610528
   2051, 610835
   2052, 611139
   2053, 611425
   2054, 611708
   2055, 612008
   2056, 612310
   2057, 612612
   2058, 612918
   2059, 613218
   2060, 613513
   2061, 613797
   2062, 614082
   2063, 614391
   2064, 614698
   2065, 615002
   2066, 615304
   2067, 615598
   2068, 615891
   2069, 616176
   2070, 616469
   2071, 616789
   2072, 617090
   2073, 617385
   2074, 617678
   2075, 617970
   2076, 618260
   2077, 618557
   2078, 618858
   2079, 619172
   2080, 619479
   2081, 619769
   2082, 620056
   2083, 620351
   2084, 620640
   2085, 620934
   2086, 621247
   2087, 621557
   2088, 621853
   2089, 622144
   2090, 622431
   2091, 622730
   2092, 623027
   2093, 623326
   2094, 623644
   2095, 623950
   2096, 624236
   2097, 624523
   2098, 624810
   2099, 625111
   2100, 625412
   2101, 625713
   2102, 626030
   2103, 626327
   2104, 626610
   2105, 626898
   2106, 627196
   2107, 627504
   2108, 627804
   2109, 628106
   2110, 628413
   2111, 628701
   2112, 628986
   2113, 629274
   2114, 629571
   2115, 629883
   2116, 630197
   2117, 630491
   2118, 630788
   2119, 631075
   2120, 631361
   2121, 631656
   2122, 631967
   2123, 632278
   2124, 632576
   2125, 632871
   2126, 633164
   2127, 633448
   2128, 633739
   2129, 634043
   2130, 634357
   2131, 634663
   2132, 634955
   2133, 635250
   2134, 635540
   2135, 635827
   2136, 636131
   2137, 636438
   2138, 636755
   2139, 637046
   2140, 637334
   2141, 637624
   2142, 637917
   2143, 638214
   2144, 638523
   2145, 638831
   2146, 639139
   2147, 639432
   2148, 639709
   2149, 640009
   2150, 640313
   2151, 640606
   2152, 640914
   2153, 641217
   2154, 641515
   2155, 641798
   2156, 642084
   2157, 642392
   2158, 642698
   2159, 642999
   2160, 643304
   2161, 643600
   2162, 643891
   2163, 644175
   2164, 644466
   2165, 644778
   2166, 645085
   2167, 645383
   2168, 645681
   2169, 645974
   2170, 646264
   2171, 646559
   2172, 646856
   2173, 647171
   2174, 647475
   2175, 647772
   2176, 648059
   2177, 648354
   2178, 648643
   2179, 648934
   2180, 649247
   2181, 649562
   2182, 649855
