      0,   1183
      1,   1484
      2,   1797
      3,   2130
      4,   2446
      5,   2747
      6,   3046
      7,   3349
      8,   3649
      9,   3957
     10,   4285
     11,   4612
     12,   4941
     13,   5257
     14,   5582
     15,   5894
     16,   6219
     17,   6555
     18,   6875
     19,   7180
     20,   7484
     21,   7783
     22,   8099
     23,   8420
     24,   8741
     25,   9063
     26,   9363
     27,   9665
     28,   9965
     29,  10281
     30,  10600
     31,  10913
     32,  11225
     33,  11523
     34,  11806
     35,  12099
     36,  12397
     37,  12700
     38,  13003
     39,  13302
     40,  13600
     41,  13888
     42,  14171
     43,  14463
     44,  14771
     45,  15084
     46,  15385
     47,  15685
     48,  15979
     49,  16271
     50,  16577
     51,  16888
     52,  17221
     53,  17538
     54,  17839
     55,  18148
     56,  18448
     57,  18742
     58,  19050
     59,  19368
     60,  19690
     61,  19993
     62,  20288
     63,  20596
     64,  20896
     65,  21202
     66,  21519
     67,  21839
     68,  22138
     69,  22425
     70,  22730
     71,  23029
     72,  23329
     73,  23642
     74,  23957
     75,  24270
     76,  24563
     77,  24862
     78,  25168
     79,  25467
     80,  25775
     81,  26084
     82,  26391
     83,  26686
     84,  26976
     85,  27275
     86,  27577
     87,  27876
     88,  28188
     89,  28494
     90,  28787
     91,  29066
     92,  29346
     93,  29652
     94,  29957
     95,  30261
     96,  30576
     97,  30882
     98,  31184
     99,  31481
    100,  31794
    101,  32118
    102,  32438
    103,  32760
    104,  33068
    105,  33376
    106,  33681
    107,  33983
    108,  34310
    109,  34631
    110,  34941
    111,  35241
    112,  35543
    113,  35849
    114,  36157
    115,  36478
    116,  36806
    117,  37118
    118,  37420
    119,  37720
    120,  38029
    121,  38334
    122,  38649
    123,  38977
    124,  39286
    125,  39580
    126,  39875
    127,  40180
    128,  40483
    129,  40790
    130,  41107
    131,  41415
    132,  41709
    133,  41998
    134,  42288
    135,  42593
    136,  42904
    137,  43204
    138,  43523
    139,  43829
    140,  44116
    141,  44406
    142,  44706
    143,  45016
    144,  45325
    145,  45631
    146,  45932
    147,  46218
    148,  46501
    149,  46786
    150,  47093
    151,  47393
    152,  47685
    153,  47981
    154,  48264
    155,  48543
    156,  48828
    157,  49116
    158,  49424
    159,  49730
    160,  50027
    161,  50327
    162,  50620
    163,  50909
    164,  51212
    165,  51521
    166,  51842
    167,  52150
    168,  52449
    169,  52752
    170,  53047
    171,  53338
    172,  53643
    173,  53954
    174,  54258
    175,  54553
    176,  54843
    177,  55128
    178,  55412
    179,  55708
    180,  56007
    181,  56307
    182,  56592
    183,  56866
    184,  57149
    185,  57442
    186,  57739
    187,  58055
    188,  58377
    189,  58705
    190,  59027
    191,  59345
    192,  59662
    193,  59980
    194,  60297
    195,  60625
    196,  60944
    197,  61247
    198,  61540
    199,  61849
    200,  62162
    201,  62475
    202,  62794
    203,  63108
    204,  63416
    205,  63712
    206,  64026
    207,  64359
    208,  64685
    209,  65016
    210,  65330
    211,  65641
    212,  65941
    213,  66241
    214,  66574
    215,  66898
    216,  67212
    217,  67526
    218,  67833
    219,  68138
    220,  68444
    221,  68774
    222,  69105
    223,  69429
    224,  69742
    225,  70054
    226,  70366
    227,  70680
    228,  71012
    229,  71347
    230,  71672
    231,  71983
    232,  72289
    233,  72600
    234,  72908
    235,  73230
    236,  73561
    237,  73869
    238,  74168
    239,  74462
    240,  74768
    241,  75073
    242,  75380
    243,  75705
    244,  76014
    245,  76302
    246,  76597
    247,  76893
    248,  77195
    249,  77503
    250,  77815
    251,  78127
    252,  78418
    253,  78700
    254,  78988
    255,  79291
    256,  79596
    257,  79898
    258,  80208
    259,  80508
    260,  80796
    261,  81088
    262,  81376
    263,  81690
    264,  81997
    265,  82294
    266,  82608
    267,  82905
    268,  83190
    269,  83486
    270,  83790
    271,  84105
    272,  84407
    273,  84701
    274,  84994
    275,  85276
    276,  85550
    277,  85838
    278,  86139
    279,  86442
    280,  86737
    281,  87026
    282,  87313
    283,  87594
    284,  87874
    285,  88168
    286,  88472
    287,  88771
    288,  89058
    289,  89342
    290,  89631
    291,  89910
    292,  90197
    293,  90498
    294,  90804
    295,  91105
    296,  91390
    297,  91676
    298,  91968
    299,  92255
    300,  92552
    301,  92854
    302,  93155
    303,  93442
    304,  93722
    305,  94007
    306,  94290
    307,  94578
    308,  94877
    309,  95167
    310,  95457
    311,  95725
    312,  95980
    313,  96240
    314,  96512
    315,  96792
    316,  97080
    317,  97378
    318,  97675
    319,  97972
    320,  98258
    321,  98559
    322,  98885
    323,  99191
    324,  99497
    325,  99807
    326, 100110
    327, 100404
    328, 100692
    329, 101005
    330, 101328
    331, 101644
    332, 101963
    333, 102275
    334, 102582
    335, 102887
    336, 103204
    337, 103530
    338, 103849
    339, 104168
    340, 104477
    341, 104792
    342, 105098
    343, 105417
    344, 105760
    345, 106085
    346, 106401
    347, 106708
    348, 107022
    349, 107338
    350, 107655
    351, 107995
    352, 108322
    353, 108621
    354, 108924
    355, 109231
    356, 109540
    357, 109850
    358, 110174
    359, 110491
    360, 110794
    361, 111092
    362, 111391
    363, 111707
    364, 112024
    365, 112342
    366, 112661
    367, 112963
    368, 113260
    369, 113561
    370, 113879
    371, 114205
    372, 114528
    373, 114861
    374, 115177
    375, 115479
    376, 115785
    377, 116097
    378, 116419
    379, 116737
    380, 117054
    381, 117360
    382, 117660
    383, 117963
    384, 118275
    385, 118599
    386, 118917
    387, 119232
    388, 119543
    389, 119840
    390, 120136
    391, 120441
    392, 120760
    393, 121079
    394, 121381
    395, 121681
    396, 121973
    397, 122262
    398, 122566
    399, 122876
    400, 123190
    401, 123493
    402, 123778
    403, 124076
    404, 124364
    405, 124649
    406, 124951
    407, 125259
    408, 125563
    409, 125856
    410, 126145
    411, 126448
    412, 126753
    413, 127064
    414, 127385
    415, 127715
    416, 128031
    417, 128330
    418, 128640
    419, 128952
    420, 129269
    421, 129588
    422, 129903
    423, 130212
    424, 130502
    425, 130795
    426, 131106
    427, 131412
    428, 131716
    429, 132029
    430, 132340
    431, 132632
    432, 132921
    433, 133219
    434, 133519
    435, 133810
    436, 134092
    437, 134370
    438, 134653
    439, 134934
    440, 135230
    441, 135558
    442, 135901
    443, 136234
    444, 136565
    445, 136897
    446, 137224
    447, 137545
    448, 137895
    449, 138236
    450, 138561
    451, 138876
    452, 139193
    453, 139509
    454, 139821
    455, 140157
    456, 140491
    457, 140809
    458, 141117
    459, 141427
    460, 141740
    461, 142051
    462, 142378
    463, 142703
    464, 143013
    465, 143315
    466, 143616
    467, 143923
    468, 144223
    469, 144530
    470, 144853
    471, 145160
    472, 145454
    473, 145744
    474, 146048
    475, 146361
    476, 146675
    477, 146995
    478, 147319
    479, 147621
    480, 147926
    481, 148234
    482, 148559
    483, 148881
    484, 149198
    485, 149527
    486, 149834
    487, 150132
    488, 150440
    489, 150765
    490, 151088
    491, 151401
    492, 151719
    493, 152018
    494, 152310
    495, 152602
    496, 152916
    497, 153246
    498, 153565
    499, 153883
    500, 154192
    501, 154494
    502, 154808
    503, 155126
    504, 155459
    505, 155780
    506, 156081
    507, 156394
    508, 156694
    509, 156991
    510, 157308
    511, 157635
    512, 157950
    513, 158253
    514, 158556
    515, 158851
    516, 159146
    517, 159461
    518, 159785
    519, 160115
    520, 160425
    521, 160736
    522, 161053
    523, 161368
    524, 161694
    525, 162025
    526, 162363
    527, 162678
    528, 162981
    529, 163295
    530, 163600
    531, 163908
    532, 164225
    533, 164538
    534, 164831
    535, 165120
    536, 165419
    537, 165722
    538, 166030
    539, 166347
    540, 166664
    541, 166968
    542, 167257
    543, 167549
    544, 167865
    545, 168176
    546, 168485
    547, 168795
    548, 169108
    549, 169411
    550, 169708
    551, 170024
    552, 170351
    553, 170667
    554, 170988
    555, 171293
    556, 171594
    557, 171890
    558, 172191
    559, 172521
    560, 172838
    561, 173145
    562, 173457
    563, 173766
    564, 174069
    565, 174372
    566, 174699
    567, 175015
    568, 175323
    569, 175623
    570, 175916
    571, 176214
    572, 176510
    573, 176820
    574, 177137
    575, 177445
    576, 177740
    577, 178029
    578, 178319
    579, 178610
    580, 178905
    581, 179215
    582, 179527
    583, 179822
    584, 180123
    585, 180427
    586, 180740
    587, 181060
    588, 181381
    589, 181716
    590, 182030
    591, 182327
    592, 182635
    593, 182950
    594, 183265
    595, 183581
    596, 183909
    597, 184212
    598, 184507
    599, 184807
    600, 185113
    601, 185436
    602, 185752
    603, 186065
    604, 186375
    605, 186670
    606, 186975
    607, 187283
    608, 187608
    609, 187929
    610, 188239
    611, 188554
    612, 188853
    613, 189144
    614, 189452
    615, 189772
    616, 190092
    617, 190406
    618, 190720
    619, 191027
    620, 191337
    621, 191653
    622, 191977
    623, 192318
    624, 192636
    625, 192944
    626, 193258
    627, 193570
    628, 193892
    629, 194223
    630, 194563
    631, 194887
    632, 195192
    633, 195517
    634, 195831
    635, 196154
    636, 196485
    637, 196818
    638, 197137
    639, 197439
    640, 197751
    641, 198063
    642, 198374
    643, 198697
    644, 199017
    645, 199324
    646, 199621
    647, 199924
    648, 200233
    649, 200551
    650, 200873
    651, 201189
    652, 201504
    653, 201802
    654, 202102
    655, 202424
    656, 202742
    657, 203063
    658, 203378
    659, 203691
    660, 203992
    661, 204280
    662, 204585
    663, 204906
    664, 205218
    665, 205529
    666, 205840
    667, 206147
    668, 206454
    669, 206766
    670, 207093
    671, 207408
    672, 207721
    673, 208024
    674, 208329
    675, 208621
    676, 208920
    677, 209244
    678, 209556
    679, 209857
    680, 210154
    681, 210442
    682, 210738
    683, 211032
    684, 211327
    685, 211638
    686, 211934
    687, 212215
    688, 212495
    689, 212777
    690, 213065
    691, 213360
    692, 213664
    693, 213975
    694, 214274
    695, 214564
    696, 214853
    697, 215154
    698, 215459
    699, 215768
    700, 216095
    701, 216407
    702, 216705
    703, 217002
    704, 217303
    705, 217621
    706, 217935
    707, 218256
    708, 218581
    709, 218878
    710, 219173
    711, 219473
    712, 219787
    713, 220102
    714, 220408
    715, 220731
    716, 221034
    717, 221320
    718, 221618
    719, 221931
    720, 222248
    721, 222562
    722, 222881
    723, 223186
    724, 223482
    725, 223782
    726, 224088
    727, 224416
    728, 224731
    729, 225038
    730, 225350
    731, 225645
    732, 225935
    733, 226237
    734, 226552
    735, 226862
    736, 227160
    737, 227453
    738, 227752
    739, 228037
    740, 228323
    741, 228632
    742, 228954
    743, 229269
    744, 229563
    745, 229864
    746, 230165
    747, 230460
    748, 230763
    749, 231072
    750, 231382
    751, 231677
    752, 231965
    753, 232266
    754, 232565
    755, 232877
    756, 233203
    757, 233527
    758, 233857
    759, 234155
    760, 234470
    761, 234785
    762, 235102
    763, 235424
    764, 235738
    765, 236051
    766, 236348
    767, 236645
    768, 236957
    769, 237269
    770, 237583
    771, 237897
    772, 238204
    773, 238496
    774, 238787
    775, 239100
    776, 239414
    777, 239724
    778, 240037
    779, 240347
    780, 240646
    781, 240940
    782, 241250
    783, 241572
    784, 241891
    785, 242212
    786, 242518
    787, 242821
    788, 243111
    789, 243405
    790, 243726
    791, 244042
    792, 244345
    793, 244653
    794, 244956
    795, 245258
    796, 245562
    797, 245884
    798, 246210
    799, 246522
    800, 246827
    801, 247124
    802, 247425
    803, 247721
    804, 248031
    805, 248362
    806, 248677
    807, 248981
    808, 249285
    809, 249597
    810, 249917
    811, 250238
    812, 250576
    813, 250903
    814, 251209
    815, 251511
    816, 251814
    817, 252130
    818, 252451
    819, 252779
    820, 253103
    821, 253406
    822, 253706
    823, 254011
    824, 254326
    825, 254639
    826, 254954
    827, 255276
    828, 255573
    829, 255868
    830, 256165
    831, 256480
    832, 256800
    833, 257118
    834, 257442
    835, 257752
    836, 258049
    837, 258362
    838, 258672
    839, 258998
    840, 259315
    841, 259625
    842, 259935
    843, 260232
    844, 260527
    845, 260838
    846, 261161
    847, 261478
    848, 261787
    849, 262098
    850, 262390
    851, 262683
    852, 262988
    853, 263305
    854, 263626
    855, 263930
    856, 264233
    857, 264539
    858, 264839
    859, 265149
    860, 265474
    861, 265806
    862, 266122
    863, 266421
    864, 266736
    865, 267036
    866, 267337
    867, 267652
    868, 267971
    869, 268283
    870, 268578
    871, 268874
    872, 269174
    873, 269470
    874, 269780
    875, 270096
    876, 270413
    877, 270706
    878, 270994
    879, 271299
    880, 271606
    881, 271914
    882, 272228
    883, 272542
    884, 272847
    885, 273139
    886, 273443
    887, 273758
    888, 274073
    889, 274398
    890, 274719
    891, 275034
    892, 275333
    893, 275632
    894, 275963
    895, 276294
    896, 276600
    897, 276906
    898, 277208
    899, 277492
    900, 277774
    901, 278080
    902, 278398
    903, 278719
    904, 279035
    905, 279345
    906, 279660
    907, 279970
    908, 280301
    909, 280639
    910, 280967
    911, 281295
    912, 281610
    913, 281927
    914, 282244
    915, 282571
    916, 282912
    917, 283234
    918, 283552
    919, 283865
    920, 284184
    921, 284498
    922, 284825
    923, 285164
    924, 285489
    925, 285795
    926, 286104
    927, 286423
    928, 286742
    929, 287065
    930, 287405
    931, 287722
    932, 288029
    933, 288335
    934, 288654
    935, 288979
    936, 289307
    937, 289646
    938, 289964
    939, 290265
    940, 290572
    941, 290880
    942, 291200
    943, 291522
    944, 291847
    945, 292166
    946, 292463
    947, 292765
    948, 293079
    949, 293409
    950, 293733
    951, 294051
    952, 294371
    953, 294670
    954, 294961
    955, 295264
    956, 295591
    957, 295910
    958, 296218
    959, 296534
    960, 296838
    961, 297134
    962, 297443
    963, 297760
    964, 298088
    965, 298410
    966, 298718
    967, 299029
    968, 299328
    969, 299645
    970, 299972
    971, 300304
    972, 300620
    973, 300926
    974, 301237
    975, 301540
    976, 301844
    977, 302167
    978, 302500
    979, 302815
    980, 303118
    981, 303436
    982, 303743
    983, 304053
    984, 304376
    985, 304706
    986, 305028
    987, 305332
    988, 305646
    989, 305967
    990, 306288
    991, 306624
    992, 306956
    993, 307284
    994, 307582
    995, 307884
    996, 308198
    997, 308513
    998, 308834
    999, 309153
   1000, 309472
   1001, 309772
   1002, 310078
   1003, 310402
   1004, 310727
   1005, 311055
   1006, 311382
   1007, 311705
   1008, 312023
   1009, 312329
   1010, 312663
   1011, 312988
   1012, 313317
   1013, 313664
   1014, 313994
   1015, 314317
   1016, 314632
   1017, 314972
   1018, 315307
   1019, 315633
   1020, 315957
   1021, 316274
   1022, 316578
   1023, 316897
   1024, 317239
   1025, 317576
   1026, 317905
   1027, 318224
   1028, 318551
   1029, 318871
   1030, 319187
   1031, 319529
   1032, 319856
   1033, 320175
   1034, 320483
   1035, 320798
   1036, 321117
   1037, 321439
   1038, 321782
   1039, 322113
   1040, 322422
   1041, 322733
   1042, 323041
   1043, 323356
   1044, 323683
   1045, 324023
   1046, 324353
   1047, 324659
   1048, 324959
   1049, 325264
   1050, 325567
   1051, 325863
   1052, 326161
   1053, 326468
   1054, 326760
   1055, 327045
   1056, 327340
   1057, 327652
   1058, 327979
   1059, 328300
   1060, 328636
   1061, 328960
   1062, 329270
   1063, 329584
   1064, 329905
   1065, 330243
   1066, 330568
   1067, 330886
   1068, 331193
   1069, 331479
   1070, 331774
   1071, 332080
   1072, 332400
   1073, 332719
   1074, 333034
   1075, 333355
   1076, 333660
   1077, 333963
   1078, 334280
   1079, 334614
   1080, 334933
   1081, 335234
   1082, 335545
   1083, 335845
   1084, 336148
   1085, 336466
   1086, 336789
   1087, 337122
   1088, 337437
   1089, 337746
   1090, 338059
   1091, 338369
   1092, 338702
   1093, 339034
   1094, 339370
   1095, 339700
   1096, 340019
   1097, 340350
   1098, 340679
   1099, 341015
   1100, 341352
   1101, 341692
   1102, 342005
   1103, 342325
   1104, 342648
   1105, 342975
   1106, 343309
   1107, 343640
   1108, 343969
   1109, 344280
   1110, 344590
   1111, 344904
   1112, 345220
   1113, 345549
   1114, 345867
   1115, 346183
   1116, 346483
   1117, 346780
   1118, 347095
   1119, 347419
   1120, 347743
   1121, 348078
   1122, 348413
   1123, 348735
   1124, 349053
   1125, 349394
   1126, 349728
   1127, 350061
   1128, 350384
   1129, 350700
   1130, 351006
   1131, 351307
   1132, 351640
   1133, 351961
   1134, 352274
   1135, 352586
   1136, 352893
   1137, 353195
   1138, 353496
   1139, 353816
   1140, 354145
   1141, 354466
   1142, 354780
   1143, 355082
   1144, 355388
   1145, 355692
   1146, 356007
   1147, 356338
   1148, 356661
   1149, 356971
   1150, 357271
   1151, 357585
   1152, 357892
   1153, 358207
   1154, 358547
   1155, 358866
   1156, 359176
   1157, 359479
   1158, 359787
   1159, 360101
   1160, 360418
   1161, 360754
   1162, 361081
   1163, 361397
   1164, 361707
   1165, 362017
   1166, 362346
   1167, 362673
   1168, 363004
   1169, 363335
   1170, 363650
   1171, 363960
   1172, 364280
   1173, 364611
   1174, 364938
   1175, 365274
   1176, 365603
   1177, 365907
   1178, 366218
   1179, 366537
   1180, 366864
   1181, 367181
   1182, 367500
   1183, 367814
   1184, 368102
   1185, 368396
   1186, 368702
   1187, 369024
   1188, 369338
   1189, 369650
   1190, 369967
   1191, 370269
   1192, 370559
   1193, 370864
   1194, 371194
   1195, 371522
   1196, 371845
   1197, 372166
   1198, 372477
   1199, 372776
   1200, 373086
   1201, 373407
   1202, 373734
   1203, 374040
   1204, 374348
   1205, 374656
   1206, 374950
   1207, 375255
   1208, 375579
   1209, 375903
   1210, 376218
   1211, 376522
   1212, 376839
   1213, 377143
   1214, 377448
   1215, 377774
   1216, 378107
   1217, 378425
   1218, 378731
   1219, 379044
   1220, 379360
   1221, 379675
   1222, 380002
   1223, 380332
   1224, 380655
   1225, 380955
   1226, 381261
   1227, 381569
   1228, 381874
   1229, 382196
   1230, 382513
   1231, 382831
   1232, 383131
   1233, 383423
   1234, 383741
   1235, 384061
   1236, 384383
   1237, 384709
   1238, 385035
   1239, 385347
   1240, 385649
   1241, 385968
   1242, 386293
   1243, 386610
   1244, 386923
   1245, 387234
   1246, 387537
   1247, 387834
   1248, 388144
   1249, 388470
   1250, 388789
   1251, 389114
   1252, 389429
   1253, 389741
   1254, 390039
   1255, 390344
   1256, 390679
   1257, 390996
   1258, 391304
   1259, 391605
   1260, 391900
   1261, 392195
   1262, 392479
   1263, 392769
   1264, 393058
   1265, 393327
   1266, 393584
   1267, 393842
   1268, 394822
   1269, 395078
   1270, 395323
   1271, 395571
   1272, 395814
   1273, 396047
   1274, 396278
   1275, 396522
   1276, 396765
   1277, 397017
   1278, 397289
   1279, 397573
   1280, 397855
   1281, 398115
   1282, 398389
   1283, 398675
   1284, 398979
   1285, 399285
   1286, 399599
   1287, 399915
   1288, 400228
   1289, 400532
   1290, 400839
   1291, 401161
   1292, 401498
   1293, 401839
   1294, 402175
   1295, 402485
   1296, 402807
   1297, 403143
   1298, 403486
   1299, 403814
   1300, 404154
   1301, 404487
   1302, 404803
   1303, 405104
   1304, 405408
   1305, 405729
   1306, 406054
   1307, 406361
   1308, 406689
   1309, 406997
   1310, 407308
   1311, 407638
   1312, 407958
   1313, 408290
   1314, 408625
   1315, 408947
   1316, 409234
   1317, 409524
   1318, 409840
   1319, 410184
   1320, 410501
   1321, 410821
   1322, 411150
   1323, 411465
   1324, 411764
   1325, 412073
   1326, 412407
   1327, 412742
   1328, 413027
   1329, 413303
   1330, 413578
   1331, 413839
   1332, 414094
   1333, 414363
   1334, 414634
   1335, 414905
   1336, 415168
   1337, 415424
   1338, 415690
   1339, 415954
   1340, 416218
   1341, 416502
   1342, 416792
   1343, 417094
   1344, 417395
   1345, 417699
   1346, 418000
   1347, 418278
   1348, 418641
   1349, 418979
   1350, 419308
   1351, 419630
   1352, 419934
   1353, 420253
   1354, 420577
   1355, 420897
   1356, 421236
   1357, 421567
   1358, 421885
   1359, 422195
   1360, 422515
   1361, 422846
   1362, 423175
   1363, 423516
   1364, 423845
   1365, 424163
   1366, 424469
   1367, 424782
   1368, 425103
   1369, 425422
   1370, 425743
   1371, 426056
   1372, 426370
   1373, 426680
   1374, 427000
   1375, 427348
   1376, 427681
   1377, 428023
   1378, 428347
   1379, 428668
   1380, 428986
   1381, 429319
   1382, 429674
   1383, 430003
   1384, 430336
   1385, 430656
   1386, 430977
   1387, 431289
   1388, 431620
   1389, 431961
   1390, 432287
   1391, 432588
   1392, 432870
   1393, 433141
   1394, 433407
   1395, 433674
   1396, 433961
   1397, 434248
   1398, 434533
   1399, 434812
   1400, 435083
   1401, 435361
   1402, 435638
   1403, 435914
   1404, 436201
   1405, 436488
   1406, 436755
   1407, 437007
   1408, 437267
   1409, 437523
   1410, 437779
   1411, 438042
   1412, 438317
   1413, 438593
   1414, 438869
   1415, 439138
   1416, 439416
   1417, 439687
   1418, 439980
   1419, 440283
   1420, 440583
   1421, 440898
   1422, 441206
   1423, 441515
   1424, 441821
   1425, 442140
   1426, 442482
   1427, 442823
   1428, 443164
   1429, 443482
   1430, 443791
   1431, 444109
   1432, 444442
   1433, 444777
   1434, 445109
   1435, 445453
   1436, 445780
   1437, 446089
   1438, 446410
   1439, 446748
   1440, 447080
   1441, 447409
   1442, 447739
   1443, 448051
   1444, 448358
   1445, 448675
   1446, 449009
   1447, 449338
   1448, 449656
   1449, 449973
   1450, 450280
   1451, 450580
   1452, 450898
   1453, 451216
   1454, 451538
   1455, 451849
   1456, 452146
   1457, 452455
   1458, 452750
   1459, 453039
   1460, 453350
   1461, 453675
   1462, 453988
   1463, 454280
   1464, 454586
   1465, 454893
   1466, 455201
   1467, 455520
   1468, 455846
   1469, 456176
   1470, 456485
   1471, 456801
   1472, 457120
   1473, 457446
   1474, 457791
   1475, 458122
   1476, 458455
   1477, 458773
   1478, 459094
   1479, 459422
   1480, 459757
   1481, 460100
   1482, 460441
   1483, 460766
   1484, 461081
   1485, 461406
   1486, 461741
   1487, 462067
   1488, 462391
   1489, 462715
   1490, 463036
   1491, 463345
   1492, 463671
   1493, 464007
   1494, 464344
   1495, 464676
   1496, 464992
   1497, 465300
   1498, 465598
   1499, 465917
   1500, 466240
   1501, 466557
   1502, 466877
   1503, 467183
   1504, 467484
   1505, 467771
   1506, 468061
   1507, 468379
   1508, 468699
   1509, 469006
   1510, 469302
   1511, 469610
   1512, 469914
   1513, 470229
   1514, 470566
   1515, 470904
   1516, 471225
   1517, 471539
   1518, 471848
   1519, 472157
   1520, 472466
   1521, 472802
   1522, 473117
   1523, 473416
   1524, 473719
   1525, 474018
   1526, 474321
   1527, 474618
   1528, 474924
   1529, 475251
   1530, 475564
   1531, 475859
   1532, 476164
   1533, 476490
   1534, 476792
   1535, 477090
   1536, 477389
   1537, 477666
   1538, 477934
   1539, 478204
   1540, 478461
   1541, 478722
   1542, 479000
   1543, 479262
   1544, 479540
   1545, 479837
   1546, 480102
   1547, 480370
   1548, 480655
   1549, 480953
   1550, 481263
   1551, 481581
   1552, 481912
   1553, 482247
   1554, 482547
   1555, 482865
   1556, 483190
   1557, 483520
   1558, 483852
   1559, 484187
   1560, 484514
   1561, 484823
   1562, 485132
   1563, 485444
   1564, 485778
   1565, 486098
   1566, 486425
   1567, 486751
   1568, 487061
   1569, 487385
   1570, 487724
   1571, 488075
   1572, 488411
   1573, 488744
   1574, 489070
   1575, 489381
   1576, 489643
   1577, 490045
   1578, 490398
   1579, 490731
   1580, 491056
   1581, 491379
   1582, 491699
   1583, 492022
   1584, 492347
   1585, 492681
   1586, 492988
   1587, 493289
   1588, 493595
   1589, 493898
   1590, 494227
   1591, 494546
   1592, 494879
   1593, 495198
   1594, 495512
   1595, 495821
   1596, 496131
   1597, 496467
   1598, 496804
   1599, 497126
   1600, 497437
   1601, 497744
   1602, 498062
   1603, 498366
   1604, 498679
   1605, 499004
   1606, 499346
   1607, 499649
   1608, 499953
   1609, 500284
   1610, 500603
   1611, 500918
   1612, 501240
   1613, 501571
   1614, 501885
   1615, 502190
   1616, 502525
   1617, 502868
   1618, 503202
   1619, 503528
   1620, 503860
   1621, 504178
   1622, 504497
   1623, 504823
   1624, 505161
   1625, 505492
   1626, 505825
   1627, 506142
   1628, 506453
   1629, 506769
   1630, 507103
   1631, 507433
   1632, 507755
   1633, 508072
   1634, 508384
   1635, 508683
   1636, 508977
   1637, 509297
   1638, 509618
   1639, 509933
   1640, 510256
   1641, 510569
   1642, 510882
   1643, 511197
   1644, 511534
   1645, 511882
   1646, 512195
   1647, 512508
   1648, 512811
   1649, 513117
   1650, 513407
   1651, 513698
   1652, 514006
   1653, 514313
   1654, 514611
   1655, 514912
   1656, 515237
   1657, 515573
   1658, 515900
   1659, 516265
   1660, 516617
   1661, 516945
   1662, 517256
   1663, 517590
   1664, 517931
   1665, 518256
   1666, 518599
   1667, 518922
   1668, 519228
   1669, 519538
   1670, 519861
   1671, 520194
   1672, 520513
   1673, 520854
   1674, 521170
   1675, 521474
   1676, 521779
   1677, 522103
   1678, 522426
   1679, 522740
   1680, 523049
   1681, 523345
   1682, 523632
   1683, 523926
   1684, 524223
   1685, 524550
   1686, 524876
   1687, 525209
   1688, 525515
   1689, 525810
   1690, 526118
   1691, 526441
   1692, 526772
   1693, 527102
   1694, 527432
   1695, 527754
   1696, 528046
   1697, 528347
   1698, 528661
   1699, 528999
   1700, 529322
   1701, 529648
   1702, 529981
   1703, 530297
   1704, 530610
   1705, 530940
   1706, 531290
   1707, 531624
   1708, 531943
   1709, 532273
   1710, 532592
   1711, 532915
   1712, 533255
   1713, 533603
   1714, 533940
   1715, 534257
   1716, 534583
   1717, 534895
   1718, 535220
   1719, 535551
   1720, 535874
   1721, 536179
   1722, 536485
   1723, 536805
   1724, 537123
   1725, 537458
   1726, 537782
   1727, 538112
   1728, 538403
   1729, 538683
   1730, 538979
   1731, 539268
   1732, 539561
   1733, 539875
   1734, 540200
   1735, 540520
   1736, 540830
   1737, 541147
   1738, 541483
   1739, 541808
   1740, 542148
   1741, 542490
   1742, 542808
   1743, 543118
   1744, 543438
   1745, 543761
   1746, 544086
   1747, 544416
   1748, 544740
   1749, 545054
   1750, 545360
   1751, 545674
   1752, 546005
   1753, 546336
   1754, 546672
   1755, 546992
   1756, 547313
   1757, 547626
   1758, 547939
   1759, 548273
   1760, 548598
   1761, 548921
   1762, 549238
   1763, 549557
   1764, 549862
   1765, 550177
   1766, 550510
   1767, 550840
   1768, 551164
   1769, 551474
   1770, 551783
   1771, 552087
   1772, 552398
   1773, 552734
   1774, 553051
   1775, 553362
   1776, 553666
   1777, 553969
   1778, 554271
   1779, 554580
   1780, 554917
   1781, 555243
   1782, 555548
   1783, 555852
   1784, 556164
   1785, 556480
   1786, 556800
   1787, 557143
   1788, 557485
   1789, 557824
   1790, 558136
   1791, 558464
   1792, 558795
   1793, 559120
   1794, 559468
   1795, 559801
   1796, 560115
   1797, 560407
   1798, 560714
   1799, 561036
   1800, 561360
   1801, 561686
   1802, 562010
   1803, 562317
   1804, 562625
   1805, 562931
   1806, 563243
   1807, 563562
   1808, 563891
   1809, 564205
   1810, 564511
   1811, 564822
   1812, 565137
   1813, 565458
   1814, 565783
   1815, 566118
   1816, 566450
   1817, 566755
   1818, 567066
   1819, 567390
   1820, 567734
   1821, 568055
   1822, 568383
   1823, 568711
   1824, 569011
   1825, 569310
   1826, 569625
   1827, 569954
   1828, 570277
   1829, 570590
   1830, 570910
   1831, 571218
   1832, 571517
   1833, 571819
   1834, 572140
   1835, 572462
   1836, 572764
   1837, 573067
   1838, 573361
   1839, 573657
   1840, 573967
   1841, 574289
   1842, 574617
   1843, 574932
   1844, 575237
   1845, 575539
   1846, 575838
   1847, 576154
   1848, 576478
   1849, 576803
   1850, 577117
   1851, 577424
   1852, 577740
   1853, 578056
   1854, 578373
   1855, 578713
   1856, 579066
   1857, 579378
   1858, 579685
   1859, 580011
   1860, 580325
   1861, 580633
   1862, 580947
   1863, 581268
   1864, 581584
   1865, 581872
   1866, 582183
   1867, 582499
   1868, 582823
   1869, 583145
   1870, 583467
   1871, 583783
   1872, 584084
   1873, 584393
   1874, 584709
   1875, 585033
   1876, 585368
   1877, 585701
   1878, 586025
   1879, 586338
   1880, 586660
   1881, 586989
   1882, 587318
   1883, 587650
   1884, 587973
   1885, 588284
   1886, 588587
   1887, 588901
   1888, 589232
   1889, 589551
   1890, 589877
   1891, 590200
   1892, 590512
   1893, 590812
   1894, 591122
   1895, 591459
   1896, 591791
   1897, 592119
   1898, 592444
   1899, 592766
   1900, 593077
   1901, 593399
   1902, 593739
   1903, 594073
   1904, 594410
   1905, 594721
   1906, 595033
   1907, 595337
   1908, 595649
   1909, 595982
   1910, 596302
   1911, 596615
   1912, 596922
   1913, 597226
   1914, 597534
   1915, 597850
   1916, 598195
   1917, 598512
   1918, 598822
   1919, 599133
   1920, 599450
   1921, 599762
   1922, 600084
   1923, 600429
   1924, 600759
   1925, 601085
   1926, 601396
   1927, 601722
   1928, 602056
   1929, 602392
   1930, 602744
   1931, 603075
   1932, 603387
   1933, 603702
   1934, 604026
   1935, 604350
   1936, 604668
   1937, 605004
   1938, 605325
   1939, 605623
   1940, 605931
   1941, 606250
   1942, 606577
   1943, 606912
   1944, 607249
   1945, 607564
   1946, 607870
   1947, 608180
   1948, 608506
   1949, 608836
   1950, 609154
   1951, 609492
   1952, 609793
   1953, 610087
   1954, 610385
   1955, 610683
   1956, 611003
   1957, 611314
   1958, 611628
   1959, 611957
   1960, 612270
   1961, 612574
   1962, 612898
   1963, 613240
   1964, 613569
   1965, 613889
   1966, 614211
   1967, 614523
   1968, 614845
   1969, 615168
   1970, 615510
   1971, 615835
   1972, 616156
   1973, 616464
   1974, 616769
   1975, 617086
   1976, 617420
   1977, 617766
   1978, 618103
   1979, 618425
   1980, 618750
   1981, 619064
   1982, 619389
   1983, 619726
   1984, 620070
   1985, 620393
   1986, 620710
   1987, 621032
   1988, 621347
   1989, 621680
   1990, 622019
   1991, 622358
   1992, 622671
   1993, 622979
   1994, 623290
   1995, 623590
   1996, 623899
   1997, 624201
   1998, 624504
   1999, 624799
   2000, 625086
   2001, 625389
   2002, 625695
   2003, 626015
   2004, 626350
   2005, 626685
   2006, 626999
   2007, 627306
   2008, 627625
   2009, 627957
   2010, 628290
   2011, 628626
   2012, 628964
   2013, 629285
   2014, 629589
   2015, 629911
   2016, 630236
   2017, 630562
   2018, 630888
   2019, 631205
   2020, 631517
   2021, 631818
   2022, 632138
   2023, 632451
   2024, 632768
   2025, 633088
   2026, 633394
   2027, 633690
   2028, 633981
   2029, 634282
   2030, 634606
   2031, 634936
   2032, 635269
   2033, 635598
   2034, 635924
   2035, 636242
   2036, 636574
   2037, 636927
   2038, 637268
   2039, 637608
   2040, 637934
   2041, 638266
   2042, 638589
   2043, 638927
   2044, 639271
   2045, 639601
   2046, 639927
   2047, 640241
   2048, 640558
   2049, 640873
   2050, 641202
   2051, 641534
   2052, 641854
   2053, 642163
   2054, 642467
   2055, 642781
   2056, 643092
   2057, 643417
   2058, 643749
   2059, 644062
   2060, 644368
   2061, 644672
   2062, 644985
   2063, 645290
   2064, 645606
   2065, 645951
   2066, 646273
   2067, 646579
   2068, 646894
   2069, 647219
   2070, 647551
   2071, 647883
   2072, 648231
   2073, 648561
   2074, 648876
   2075, 649199
   2076, 649538
   2077, 649879
