      0,   1189
      1,   1469
      2,   1752
      3,   2064
      4,   2363
      5,   2653
      6,   2944
      7,   3234
      8,   3517
      9,   3799
     10,   4104
     11,   4409
     12,   4706
     13,   4998
     14,   5283
     15,   5568
     16,   5853
     17,   6145
     18,   6453
     19,   6747
     20,   7044
     21,   7334
     22,   7618
     23,   7904
     24,   8186
     25,   8496
     26,   8797
     27,   9090
     28,   9381
     29,   9672
     30,   9955
     31,  10234
     32,  10536
     33,  10841
     34,  11137
     35,  11435
     36,  11722
     37,  12009
     38,  12289
     39,  12577
     40,  12887
     41,  13187
     42,  13481
     43,  13770
     44,  14063
     45,  14342
     46,  14620
     47,  14932
     48,  15235
     49,  15527
     50,  15817
     51,  16107
     52,  16393
     53,  16677
     54,  16974
     55,  17280
     56,  17578
     57,  17876
     58,  18164
     59,  18452
     60,  18730
     61,  19010
     62,  19321
     63,  19619
     64,  19917
     65,  20191
     66,  20496
     67,  20781
     68,  21063
     69,  21364
     70,  21674
     71,  21966
     72,  22257
     73,  22526
     74,  22650
     75,  22780
     76,  22855
     77,  23104
     78,  23400
     79,  23704
     80,  24004
     81,  24307
     82,  24592
     83,  24881
     84,  25160
     85,  25442
     86,  25750
     87,  26050
     88,  26343
     89,  26636
     90,  26933
     91,  27186
     92,  27478
     93,  27786
     94,  28087
     95,  28382
     96,  28678
     97,  28970
     98,  29253
     99,  29520
    100,  29812
    101,  30128
    102,  30424
    103,  30722
    104,  31015
    105,  31304
    106,  31582
    107,  31864
    108,  32170
    109,  32448
    110,  32737
    111,  33043
    112,  33335
    113,  33620
    114,  33915
    115,  34197
    116,  34501
    117,  34796
    118,  35094
    119,  35361
    120,  35662
    121,  35941
    122,  36227
    123,  36531
    124,  36830
    125,  37126
    126,  37418
    127,  37711
    128,  37979
    129,  38270
    130,  38575
    131,  38874
    132,  39167
    133,  39469
    134,  39757
    135,  40041
    136,  40304
    137,  40609
    138,  40913
    139,  41211
    140,  41517
    141,  41804
    142,  42097
    143,  42374
    144,  42657
    145,  42953
    146,  43246
    147,  43552
    148,  43847
    149,  44146
    150,  44303
    151,  44410
    152,  44705
    153,  45008
    154,  45307
    155,  45606
    156,  45899
    157,  46181
    158,  46458
    159,  46747
    160,  47037
    161,  47342
    162,  47642
    163,  47890
    164,  47985
    165,  48069
    166,  48234
    167,  48526
    168,  48813
    169,  49087
    170,  49403
    171,  49686
    172,  49937
    173,  50244
    174,  50538
    175,  50687
    176,  50828
    177,  51101
    178,  51395
    179,  51699
    180,  51995
    181,  52297
    182,  52593
    183,  52877
    184,  53156
    185,  53438
    186,  53745
    187,  54037
    188,  54297
    189,  54584
    190,  54880
    191,  55175
    192,  55457
    193,  55759
    194,  56054
    195,  56350
    196,  56646
    197,  56940
    198,  57228
    199,  57506
    200,  57793
    201,  58096
    202,  58398
    203,  58670
    204,  58952
    205,  59262
    206,  59540
    207,  59819
    208,  60124
    209,  60423
    210,  60715
    211,  61013
    212,  61125
    213,  61312
    214,  61602
    215,  61871
    216,  62140
    217,  62445
    218,  62741
    219,  63042
    220,  63340
    221,  63630
    222,  63906
    223,  64190
    224,  64494
    225,  64787
    226,  65071
    227,  65338
    228,  65651
    229,  65935
    230,  66210
    231,  66510
    232,  66815
    233,  67101
    234,  67400
    235,  67697
    236,  67982
    237,  68262
    238,  68553
    239,  68850
    240,  69147
    241,  69451
    242,  69707
    243,  69998
    244,  70280
    245,  70565
    246,  70867
    247,  71167
    248,  71460
    249,  71763
    250,  72057
    251,  72346
    252,  72619
    253,  72917
    254,  73212
    255,  73509
    256,  73816
    257,  74110
    258,  74401
    259,  74671
    260,  74957
    261,  75259
    262,  75554
    263,  75853
    264,  76146
    265,  76430
    266,  76702
    267,  76969
    268,  77259
    269,  77551
    270,  77841
    271,  78136
    272,  78428
    273,  78710
    274,  78985
    275,  79262
    276,  79556
    277,  79847
    278,  80138
    279,  80432
    280,  80723
    281,  81001
    282,  81269
    283,  81555
    284,  81846
    285,  82135
    286,  82640
    287,  82934
    288,  83211
    289,  83494
    290,  83789
    291,  84083
    292,  84379
    293,  84688
    294,  84978
    295,  85262
    296,  85539
    297,  85832
    298,  86129
    299,  86425
    300,  86728
    301,  87023
    302,  87318
    303,  87595
    304,  87877
    305,  88174
    306,  88469
    307,  88771
    308,  89070
    309,  89367
    310,  89645
    311,  89922
    312,  90221
    313,  90516
    314,  90809
    315,  91108
    316,  91409
    317,  91693
    318,  91971
    319,  92267
    320,  92510
    321,  92825
    322,  93122
    323,  93418
    324,  93714
    325,  93994
    326,  94279
    327,  94569
    328,  94863
    329,  95162
    330,  95463
    331,  95766
    332,  96054
    333,  96327
    334,  96624
    335,  96920
    336,  97207
    337,  97507
    338,  97807
    339,  98100
    340,  98372
    341,  98663
    342,  98931
    343,  99011
    344,  99165
    345,  99250
    346,  99555
    347,  99855
    348, 100118
    349, 100352
    350, 100627
    351, 100904
    352, 101189
    353, 101480
    354, 101768
    355, 102064
    356, 102350
    357, 102619
    358, 102895
    359, 103178
    360, 103466
    361, 103754
    362, 104046
    363, 104341
    364, 104614
    365, 104883
    366, 105176
    367, 105451
    368, 105741
    369, 106042
    370, 106330
    371, 106626
    372, 106901
    373, 107178
    374, 107475
    375, 107765
    376, 108058
    377, 108363
    378, 108666
    379, 108946
    380, 109223
    381, 109518
    382, 109809
    383, 110107
    384, 110400
    385, 110702
    386, 110990
    387, 111270
    388, 111515
    389, 111662
    390, 111746
    391, 111848
    392, 111928
    393, 112023
    394, 112105
    395, 112457
    396, 112759
    397, 112908
    398, 113016
    399, 113120
    400, 113329
    401, 113616
    402, 113908
    403, 114195
    404, 114499
    405, 114801
    406, 114884
    407, 114957
    408, 115055
    409, 115134
    410, 115214
    411, 115386
    412, 115637
    413, 115964
    414, 116248
    415, 116539
    416, 116840
    417, 117143
    418, 117436
    419, 117714
    420, 118000
    421, 118293
    422, 118584
    423, 118886
    424, 119186
    425, 119487
    426, 119765
    427, 120048
    428, 120342
    429, 120629
    430, 120927
    431, 121229
    432, 121532
    433, 121818
    434, 122094
    435, 122389
    436, 122678
    437, 122967
    438, 123266
    439, 123572
    440, 123867
    441, 124147
    442, 124437
    443, 124729
    444, 125014
    445, 125317
    446, 125617
    447, 125920
    448, 126206
    449, 126482
    450, 126780
    451, 127062
    452, 127361
    453, 127659
    454, 127966
    455, 128255
    456, 128532
    457, 128831
    458, 129107
    459, 129382
    460, 129668
    461, 129952
    462, 130238
    463, 130504
    464, 130772
    465, 131059
    466, 131332
    467, 131613
    468, 131903
    469, 132203
    470, 132490
    471, 132763
    472, 133049
    473, 133336
    474, 133624
    475, 133919
    476, 134219
    477, 134527
    478, 134808
    479, 135087
    480, 135387
    481, 135674
    482, 135969
    483, 136272
    484, 136578
    485, 136865
    486, 137142
    487, 137437
    488, 137722
    489, 138010
    490, 138310
    491, 138619
    492, 138913
    493, 139197
    494, 139485
    495, 139775
    496, 140057
    497, 140358
    498, 140664
    499, 140964
    500, 141248
    501, 141528
    502, 141817
    503, 142102
    504, 142395
    505, 142696
    506, 143004
    507, 143293
    508, 143562
    509, 143858
    510, 144144
    511, 144434
    512, 144734
    513, 145048
    514, 145344
    515, 145625
    516, 145918
    517, 146205
    518, 146488
    519, 146787
    520, 147088
    521, 147395
    522, 147679
    523, 147966
    524, 148257
    525, 148534
    526, 148828
    527, 149135
    528, 149439
    529, 149733
    530, 150007
    531, 150307
    532, 150587
    533, 150875
    534, 151168
    535, 151478
    536, 151740
    537, 151997
    538, 152287
    539, 152577
    540, 152863
    541, 153156
    542, 153456
    543, 153765
    544, 154063
    545, 154343
    546, 154635
    547, 154919
    548, 155205
    549, 155504
    550, 155817
    551, 156115
    552, 156394
    553, 156689
    554, 156973
    555, 157252
    556, 157549
    557, 157857
    558, 158154
    559, 158442
    560, 158702
    561, 158989
    562, 159279
    563, 159578
    564, 159886
    565, 160192
    566, 160482
    567, 160762
    568, 161059
    569, 161337
    570, 161620
    571, 161919
    572, 162228
    573, 162529
    574, 162817
    575, 163103
    576, 163391
    577, 163673
    578, 163931
    579, 164225
    580, 164539
    581, 164831
    582, 165115
    583, 165409
    584, 165688
    585, 165976
    586, 166275
    587, 166584
    588, 166883
    589, 167163
    590, 167462
    591, 167742
    592, 168022
    593, 168317
    594, 168623
    595, 168925
    596, 169213
    597, 169501
    598, 169787
    599, 170073
    600, 170368
    601, 170630
    602, 170913
    603, 171216
    604, 171501
    605, 171792
    606, 172072
    607, 172356
    608, 172653
    609, 172962
    610, 173260
    611, 173544
    612, 173839
    613, 174122
    614, 174405
    615, 174694
    616, 174997
    617, 175309
    618, 175599
    619, 175882
    620, 176170
    621, 176449
    622, 176740
    623, 177040
    624, 177349
    625, 177648
    626, 177927
    627, 178186
    628, 178464
    629, 178742
    630, 179043
    631, 179355
    632, 179658
    633, 179943
    634, 180243
    635, 180526
    636, 180803
    637, 181093
    638, 181393
    639, 181697
    640, 181990
    641, 182285
    642, 182568
    643, 182846
    644, 183139
    645, 183432
    646, 183743
    647, 184007
    648, 184282
    649, 184587
    650, 184873
    651, 185149
    652, 185438
    653, 185745
    654, 186051
    655, 186348
    656, 186641
    657, 186922
    658, 187201
    659, 187491
    660, 187789
    661, 188096
    662, 188391
    663, 188684
    664, 188971
    665, 189248
    666, 189531
    667, 189820
    668, 190080
    669, 190389
    670, 190687
    671, 190983
    672, 191272
    673, 191546
    674, 191835
    675, 192140
    676, 192442
    677, 192736
    678, 193027
    679, 193319
    680, 193594
    681, 193881
    682, 194179
    683, 194504
    684, 194786
    685, 195050
    686, 195348
    687, 195642
    688, 195922
    689, 196206
    690, 196517
    691, 196814
    692, 197109
    693, 197402
    694, 197687
    695, 197969
    696, 198258
    697, 198551
    698, 198863
    699, 199156
    700, 199417
    701, 199710
    702, 200000
    703, 200286
    704, 200573
    705, 200885
    706, 201184
    707, 201474
    708, 201773
    709, 202059
    710, 202328
    711, 202615
    712, 202921
    713, 203224
    714, 203517
    715, 203821
    716, 204080
    717, 204342
    718, 204636
    719, 204938
    720, 205246
    721, 205536
    722, 205831
    723, 206129
    724, 206403
    725, 206686
    726, 206981
    727, 207285
    728, 207586
    729, 207876
    730, 208177
    731, 208467
    732, 208739
    733, 208999
    734, 209284
    735, 209599
    736, 209895
    737, 210197
    738, 210486
    739, 210768
    740, 211050
    741, 211340
    742, 211646
    743, 211943
    744, 212242
    745, 212534
    746, 212817
    747, 213090
    748, 213377
    749, 213666
    750, 213953
    751, 214261
    752, 214566
    753, 214850
    754, 215126
    755, 215408
    756, 215704
    757, 216016
    758, 216312
    759, 216607
    760, 216898
    761, 217173
    762, 217444
    763, 217715
    764, 218036
    765, 218334
    766, 218628
    767, 218930
    768, 219210
    769, 219487
    770, 219776
    771, 220073
    772, 220378
    773, 220671
    774, 220980
    775, 221258
    776, 221539
    777, 221829
    778, 222122
    779, 222427
    780, 222720
    781, 223021
    782, 223321
    783, 223594
    784, 223876
    785, 224163
    786, 224470
    787, 224746
    788, 225041
    789, 225358
    790, 225642
    791, 225919
    792, 226199
    793, 226498
    794, 226804
    795, 227096
    796, 227407
    797, 227691
    798, 227973
    799, 228251
    800, 228539
    801, 228828
    802, 229119
    803, 229428
    804, 229729
    805, 230008
    806, 230287
    807, 230579
    808, 230879
    809, 231179
    810, 231475
    811, 231781
    812, 232065
    813, 232336
    814, 232622
    815, 232915
    816, 233198
    817, 233485
    818, 233806
    819, 234099
    820, 234375
    821, 234658
    822, 234950
    823, 235250
    824, 235544
    825, 235846
    826, 236143
    827, 236423
    828, 236706
    829, 236989
    830, 237280
    831, 237585
    832, 237889
    833, 238196
    834, 238483
    835, 238754
    836, 239037
    837, 239339
    838, 239637
    839, 239927
    840, 240238
    841, 240532
    842, 240799
    843, 241082
    844, 241373
    845, 241672
    846, 241973
    847, 242274
    848, 242574
    849, 242854
    850, 243138
    851, 243422
    852, 243720
    853, 244019
    854, 244298
    855, 244613
    856, 244905
    857, 245180
    858, 245461
    859, 245758
    860, 246058
    861, 246353
    862, 246670
    863, 246960
    864, 247234
    865, 247516
    866, 247779
    867, 248086
    868, 248384
    869, 248687
    870, 248988
    871, 249270
    872, 249553
    873, 249838
    874, 250137
    875, 250446
    876, 250728
    877, 251039
    878, 251324
    879, 251572
    880, 251866
    881, 252157
    882, 252453
    883, 252749
    884, 253057
    885, 253359
    886, 253643
    887, 253921
    888, 254206
    889, 254503
    890, 254801
    891, 255090
    892, 255408
    893, 255692
    894, 255972
    895, 256255
    896, 256547
    897, 256842
    898, 257138
    899, 257451
    900, 257745
    901, 258021
    902, 258296
    903, 258593
    904, 258887
    905, 259183
    906, 259494
    907, 259792
    908, 260075
    909, 260355
    910, 260636
    911, 260932
    912, 261227
    913, 261487
    914, 261810
    915, 262102
    916, 262377
    917, 262660
    918, 262954
    919, 263245
    920, 263540
    921, 263850
    922, 264138
    923, 264428
    924, 264704
    925, 264994
    926, 265287
    927, 265580
    928, 265891
    929, 266195
    930, 266480
    931, 266761
    932, 267049
    933, 267327
    934, 267620
    935, 267930
    936, 268242
    937, 268525
    938, 268810
    939, 269091
    940, 269385
    941, 269678
    942, 269968
    943, 270285
    944, 270585
    945, 270863
    946, 271109
    947, 271406
    948, 271697
    949, 271994
    950, 272302
    951, 272607
    952, 272889
    953, 273172
    954, 273453
    955, 273745
    956, 274037
    957, 274352
    958, 274653
    959, 274939
    960, 275201
    961, 275491
    962, 275789
    963, 276077
    964, 276370
    965, 276683
    966, 276980
    967, 277260
    968, 277543
    969, 277830
    970, 278118
    971, 278406
    972, 278717
    973, 279030
    974, 279312
    975, 279597
    976, 279880
    977, 280167
    978, 280454
    979, 280758
    980, 281066
    981, 281358
    982, 281646
    983, 281931
    984, 282224
    985, 282515
    986, 282801
    987, 283118
    988, 283418
    989, 283698
    990, 283981
    991, 284271
    992, 284555
    993, 284844
    994, 285159
    995, 285463
    996, 285753
    997, 286038
    998, 286320
    999, 286608
   1000, 286897
   1001, 287192
   1002, 287504
   1003, 287796
   1004, 288085
   1005, 288369
   1006, 288657
   1007, 288942
   1008, 289234
   1009, 289549
   1010, 289848
   1011, 290121
   1012, 290408
   1013, 290711
   1014, 290993
   1015, 291277
   1016, 291595
   1017, 291896
   1018, 292182
   1019, 292470
   1020, 292754
   1021, 293035
   1022, 293294
   1023, 293608
   1024, 293920
   1025, 294209
   1026, 294518
   1027, 294786
   1028, 295075
   1029, 295355
   1030, 295645
   1031, 295958
   1032, 296255
   1033, 296523
   1034, 296821
   1035, 297111
   1036, 297395
   1037, 297679
   1038, 297990
   1039, 298301
   1040, 298586
   1041, 298876
   1042, 299159
   1043, 299434
   1044, 299724
   1045, 300028
   1046, 300341
   1047, 300635
   1048, 300924
   1049, 301209
   1050, 301496
   1051, 301776
   1052, 302067
   1053, 302380
   1054, 302674
   1055, 302969
   1056, 303258
   1057, 303545
   1058, 303828
   1059, 304110
   1060, 304422
   1061, 304723
   1062, 305014
   1063, 305303
   1064, 305593
   1065, 305879
   1066, 306160
   1067, 306467
   1068, 306769
   1069, 307063
   1070, 307358
   1071, 307642
   1072, 307935
   1073, 308209
   1074, 308500
   1075, 308808
   1076, 309103
   1077, 309403
   1078, 309683
   1079, 309983
   1080, 310265
   1081, 310551
   1082, 310856
   1083, 311158
   1084, 311450
   1085, 311739
   1086, 312031
   1087, 312300
   1088, 312587
   1089, 312893
   1090, 313205
   1091, 313495
   1092, 313798
   1093, 314080
   1094, 314367
   1095, 314645
   1096, 314936
   1097, 315234
   1098, 315541
   1099, 315837
   1100, 316128
   1101, 316419
   1102, 316702
   1103, 316978
   1104, 317288
   1105, 317589
   1106, 317872
   1107, 318169
   1108, 318470
   1109, 318750
   1110, 319034
   1111, 319328
   1112, 319633
   1113, 319929
   1114, 320228
   1115, 320517
   1116, 320801
   1117, 321079
   1118, 321375
   1119, 321675
   1120, 321971
   1121, 322271
   1122, 322564
   1123, 322853
   1124, 323132
   1125, 323417
   1126, 323716
   1127, 324019
   1128, 324309
   1129, 324605
   1130, 324901
   1131, 325186
   1132, 325458
   1133, 325762
   1134, 326062
   1135, 326361
   1136, 326652
   1137, 326947
   1138, 327234
   1139, 327510
   1140, 327800
   1141, 328103
   1142, 328405
   1143, 328700
   1144, 328993
   1145, 329285
   1146, 329561
   1147, 329851
   1148, 330149
   1149, 330449
   1150, 330743
   1151, 331040
   1152, 331334
   1153, 331614
   1154, 331890
   1155, 332191
   1156, 332485
   1157, 332781
   1158, 333083
   1159, 333372
   1160, 333661
   1161, 333935
   1162, 334229
   1163, 334526
   1164, 334813
   1165, 335115
   1166, 335418
   1167, 335715
   1168, 335988
   1169, 336271
   1170, 336570
   1171, 336864
   1172, 337163
   1173, 337453
   1174, 337757
   1175, 338046
   1176, 338318
   1177, 338617
   1178, 338915
   1179, 339207
   1180, 339505
   1181, 339811
   1182, 340095
   1183, 340366
   1184, 340662
   1185, 340964
   1186, 341260
   1187, 341557
   1188, 341857
   1189, 342148
   1190, 342425
   1191, 342711
   1192, 343001
   1193, 343301
   1194, 343604
   1195, 343902
   1196, 344202
   1197, 344481
   1198, 344757
   1199, 345058
   1200, 345353
   1201, 345645
   1202, 345952
   1203, 346249
   1204, 346532
   1205, 346813
   1206, 347104
   1207, 347402
   1208, 347696
   1209, 347991
   1210, 348294
   1211, 348584
   1212, 348863
   1213, 349148
   1214, 349447
   1215, 349736
   1216, 350037
   1217, 350338
   1218, 350644
   1219, 350918
   1220, 351198
   1221, 351492
   1222, 351786
   1223, 352077
   1224, 352376
   1225, 352676
   1226, 352972
   1227, 353246
   1228, 353543
   1229, 353829
   1230, 354122
   1231, 354418
   1232, 354725
   1233, 354995
   1234, 355284
   1235, 355574
   1236, 355863
   1237, 356155
   1238, 356458
   1239, 356758
   1240, 357064
   1241, 357340
   1242, 357620
   1243, 357903
   1244, 358202
   1245, 358500
   1246, 358803
   1247, 359109
   1248, 359396
   1249, 359668
   1250, 359964
   1251, 360250
   1252, 360555
   1253, 360812
   1254, 361130
   1255, 361425
   1256, 361701
   1257, 361994
   1258, 362283
   1259, 362573
   1260, 362873
   1261, 363175
   1262, 363461
   1263, 363754
   1264, 364039
   1265, 364333
   1266, 364614
   1267, 364915
   1268, 365217
   1269, 365527
   1270, 365815
   1271, 366091
   1272, 366383
   1273, 366674
   1274, 366960
   1275, 367264
   1276, 367566
   1277, 367859
   1278, 368139
   1279, 368438
   1280, 368717
   1281, 369003
   1282, 369302
   1283, 369608
   1284, 369910
   1285, 370193
   1286, 370480
   1287, 370768
   1288, 371051
   1289, 371351
   1290, 371654
   1291, 371959
   1292, 372247
   1293, 372528
   1294, 372821
   1295, 373111
   1296, 373394
   1297, 373695
   1298, 374007
   1299, 374300
   1300, 374578
   1301, 374875
   1302, 375160
   1303, 375441
   1304, 375726
   1305, 376044
   1306, 376343
   1307, 376629
   1308, 376920
   1309, 377206
   1310, 377490
   1311, 377787
   1312, 378093
   1313, 378380
   1314, 378674
   1315, 378964
   1316, 379256
   1317, 379534
   1318, 379823
   1319, 380130
   1320, 380436
   1321, 380732
   1322, 381013
   1323, 381288
   1324, 381584
   1325, 381867
   1326, 382158
   1327, 382467
   1328, 382768
   1329, 383051
   1330, 383345
   1331, 383635
   1332, 383893
   1333, 384195
   1334, 384502
   1335, 384807
   1336, 385104
   1337, 385393
   1338, 385675
   1339, 385957
   1340, 386249
   1341, 386547
   1342, 386858
   1343, 387155
   1344, 387434
   1345, 387733
   1346, 388010
   1347, 388293
   1348, 388586
   1349, 388897
   1350, 389196
   1351, 389483
   1352, 389781
   1353, 390065
   1354, 390346
   1355, 390629
   1356, 390935
   1357, 391238
   1358, 391527
   1359, 391828
   1360, 392109
   1361, 392388
   1362, 392678
   1363, 392976
   1364, 393285
   1365, 393582
   1366, 393873
   1367, 394167
   1368, 394446
   1369, 394726
   1370, 395019
   1371, 395333
   1372, 395632
   1373, 395911
   1374, 396218
   1375, 396502
   1376, 396772
   1377, 397064
   1378, 397370
   1379, 397672
   1380, 397966
   1381, 398264
   1382, 398547
   1383, 398824
   1384, 399111
   1385, 399409
   1386, 399717
   1387, 400011
   1388, 400308
   1389, 400603
   1390, 400876
   1391, 401151
   1392, 401458
   1393, 401773
   1394, 402066
   1395, 402356
   1396, 402654
   1397, 402936
   1398, 403210
   1399, 403498
   1400, 403808
   1401, 404093
   1402, 404397
   1403, 404708
   1404, 404992
   1405, 405262
   1406, 405548
   1407, 405849
   1408, 406149
   1409, 406449
   1410, 406743
   1411, 407031
   1412, 407315
   1413, 407599
   1414, 407887
   1415, 408196
   1416, 408498
   1417, 408789
   1418, 409087
   1419, 409361
   1420, 409638
   1421, 409932
   1422, 410240
   1423, 410541
   1424, 410834
   1425, 411138
   1426, 411427
   1427, 411694
   1428, 411976
   1429, 412278
   1430, 412594
   1431, 412876
   1432, 413183
   1433, 413471
   1434, 413746
   1435, 414030
   1436, 414320
   1437, 414629
   1438, 414922
   1439, 415222
   1440, 415521
   1441, 415796
   1442, 416084
   1443, 416367
   1444, 416672
   1445, 416971
   1446, 417267
   1447, 417572
   1448, 417855
   1449, 418129
   1450, 418418
   1451, 418708
   1452, 419007
   1453, 419308
   1454, 419619
   1455, 419913
   1456, 420181
   1457, 420461
   1458, 420762
   1459, 421057
   1460, 421335
   1461, 421657
   1462, 421952
   1463, 422229
   1464, 422513
   1465, 422796
   1466, 423097
   1467, 423398
   1468, 423697
   1469, 423999
   1470, 424264
   1471, 424554
   1472, 424839
   1473, 425141
   1474, 425438
   1475, 425734
   1476, 426046
   1477, 426331
   1478, 426604
   1479, 426873
   1480, 427177
   1481, 427481
   1482, 427773
   1483, 428084
   1484, 428379
   1485, 428657
   1486, 428940
   1487, 429226
   1488, 429523
   1489, 429819
   1490, 430126
   1491, 430433
   1492, 430713
   1493, 430993
   1494, 431276
   1495, 431573
   1496, 431870
   1497, 432170
   1498, 432482
   1499, 432769
   1500, 433043
   1501, 433329
   1502, 433625
   1503, 433919
   1504, 434210
   1505, 434526
   1506, 434825
   1507, 435097
   1508, 435378
   1509, 435668
   1510, 435963
   1511, 436254
   1512, 436562
   1513, 436866
   1514, 437151
   1515, 437433
   1516, 437716
   1517, 438010
   1518, 438308
   1519, 438605
   1520, 438913
   1521, 439204
   1522, 439481
   1523, 439763
   1524, 440057
   1525, 440351
   1526, 440646
   1527, 440961
   1528, 441256
   1529, 441536
   1530, 441811
   1531, 442108
   1532, 442397
   1533, 442685
   1534, 442999
   1535, 443299
   1536, 443564
   1537, 443859
   1538, 444142
   1539, 444438
   1540, 444726
   1541, 445032
   1542, 445338
   1543, 445628
   1544, 445914
   1545, 446181
   1546, 446484
   1547, 446770
   1548, 447068
   1549, 447381
   1550, 447680
   1551, 447963
   1552, 448240
   1553, 448535
   1554, 448818
   1555, 449108
   1556, 449427
   1557, 449727
   1558, 450008
   1559, 450289
   1560, 450577
   1561, 450861
   1562, 451149
   1563, 451462
   1564, 451754
   1565, 452057
   1566, 452343
   1567, 452637
   1568, 452913
   1569, 453202
   1570, 453502
   1571, 453815
   1572, 454105
   1573, 454393
   1574, 454677
   1575, 454968
   1576, 455256
   1577, 455544
   1578, 455864
   1579, 456156
   1580, 456452
   1581, 456725
   1582, 457014
   1583, 457305
   1584, 457586
   1585, 457904
   1586, 458201
   1587, 458494
   1588, 458779
   1589, 459061
   1590, 459346
   1591, 459631
   1592, 459938
   1593, 460249
   1594, 460540
   1595, 460835
   1596, 461117
   1597, 461406
   1598, 461688
   1599, 461980
   1600, 462295
   1601, 462592
   1602, 462885
   1603, 463171
   1604, 463458
   1605, 463739
   1606, 464025
   1607, 464342
   1608, 464644
   1609, 464933
   1610, 465224
   1611, 465510
   1612, 465790
   1613, 466053
   1614, 466372
   1615, 466679
   1616, 466973
   1617, 467265
   1618, 467549
   1619, 467836
   1620, 468118
   1621, 468430
   1622, 468700
   1623, 469007
   1624, 469304
   1625, 469589
   1626, 469880
   1627, 470161
   1628, 470444
   1629, 470757
   1630, 471056
   1631, 471344
   1632, 471612
   1633, 471916
   1634, 472198
   1635, 472482
   1636, 472790
   1637, 473087
   1638, 473380
   1639, 473677
   1640, 473961
   1641, 474234
   1642, 474515
   1643, 474820
   1644, 475130
   1645, 475427
   1646, 475722
   1647, 476011
   1648, 476304
   1649, 476582
   1650, 476861
   1651, 477171
   1652, 477473
   1653, 477766
   1654, 478062
   1655, 478350
   1656, 478634
   1657, 478907
   1658, 479215
   1659, 479513
   1660, 479813
   1661, 480109
   1662, 480403
   1663, 480679
   1664, 480957
   1665, 481273
   1666, 481564
   1667, 481853
   1668, 482154
   1669, 482442
   1670, 482729
   1671, 483009
   1672, 483298
   1673, 483601
   1674, 483899
   1675, 484199
   1676, 484495
   1677, 484787
   1678, 485070
   1679, 485348
   1680, 485648
   1681, 485944
   1682, 486241
   1683, 486538
   1684, 486833
   1685, 487116
   1686, 487391
   1687, 487693
   1688, 487991
   1689, 488285
   1690, 488574
   1691, 488883
   1692, 489167
   1693, 489445
   1694, 489740
   1695, 490041
   1696, 490334
   1697, 490635
   1698, 490906
   1699, 491210
   1700, 491488
   1701, 491771
   1702, 492077
   1703, 492366
   1704, 492666
   1705, 492966
   1706, 493265
   1707, 493543
   1708, 493800
   1709, 494113
   1710, 494408
   1711, 494702
   1712, 495000
   1713, 495300
   1714, 495591
   1715, 495862
   1716, 496163
   1717, 496455
   1718, 496727
   1719, 497041
   1720, 497340
   1721, 497631
   1722, 497911
   1723, 498201
   1724, 498488
   1725, 498782
   1726, 499085
   1727, 499375
   1728, 499682
   1729, 499965
   1730, 500249
   1731, 500540
   1732, 500835
   1733, 501125
   1734, 501432
   1735, 501737
   1736, 502019
   1737, 502290
   1738, 502586
   1739, 502874
   1740, 503165
   1741, 503466
   1742, 503778
   1743, 504065
   1744, 504346
   1745, 504633
   1746, 504925
   1747, 505215
   1748, 505515
   1749, 505823
   1750, 506115
   1751, 506399
   1752, 506680
   1753, 506969
   1754, 507258
   1755, 507566
   1756, 507862
   1757, 508173
   1758, 508453
   1759, 508732
   1760, 509023
   1761, 509312
   1762, 509600
   1763, 509908
   1764, 510210
   1765, 510498
   1766, 510775
   1767, 511071
   1768, 511360
   1769, 511647
   1770, 511939
   1771, 512249
   1772, 512548
   1773, 512833
   1774, 513123
   1775, 513412
   1776, 513692
   1777, 513990
   1778, 514294
   1779, 514575
   1780, 514873
   1781, 515157
   1782, 515450
   1783, 515727
   1784, 516025
   1785, 516327
   1786, 516635
   1787, 516925
   1788, 517198
   1789, 517474
   1790, 517767
   1791, 518052
   1792, 518351
   1793, 518668
   1794, 518959
   1795, 519246
   1796, 519535
   1797, 519825
   1798, 520094
   1799, 520392
   1800, 520707
   1801, 521010
   1802, 521296
   1803, 521584
   1804, 521874
   1805, 522153
   1806, 522453
   1807, 522752
   1808, 523060
   1809, 523348
   1810, 523634
   1811, 523927
   1812, 524208
   1813, 524495
   1814, 524795
   1815, 525105
   1816, 525397
   1817, 525682
   1818, 525978
   1819, 526260
   1820, 526538
   1821, 526838
   1822, 527143
   1823, 527444
   1824, 527732
   1825, 528019
   1826, 528316
   1827, 528597
   1828, 528887
   1829, 529184
   1830, 529498
   1831, 529785
   1832, 530072
   1833, 530360
   1834, 530638
   1835, 530928
   1836, 531229
   1837, 531536
   1838, 531830
   1839, 532126
   1840, 532411
   1841, 532682
   1842, 532971
   1843, 533268
   1844, 533580
   1845, 533882
   1846, 534164
   1847, 534460
   1848, 534743
   1849, 535019
   1850, 535290
   1851, 535613
   1852, 535920
   1853, 536207
   1854, 536505
   1855, 536791
   1856, 537068
   1857, 537353
   1858, 537651
   1859, 537929
   1860, 538231
   1861, 538525
   1862, 538818
   1863, 539095
   1864, 539380
   1865, 539675
   1866, 539988
   1867, 540280
   1868, 540556
   1869, 540853
   1870, 541142
   1871, 541425
   1872, 541706
   1873, 542013
   1874, 542322
   1875, 542609
   1876, 542913
   1877, 543202
   1878, 543460
   1879, 543755
   1880, 544056
   1881, 544367
   1882, 544658
   1883, 544959
   1884, 545248
   1885, 545523
   1886, 545813
   1887, 546097
   1888, 546403
   1889, 546702
   1890, 547000
   1891, 547296
   1892, 547573
   1893, 547861
   1894, 548147
   1895, 548453
   1896, 548756
   1897, 549051
   1898, 549355
   1899, 549633
   1900, 549908
   1901, 550195
   1902, 550493
   1903, 550797
   1904, 551091
   1905, 551399
   1906, 551690
   1907, 551963
   1908, 552245
   1909, 552540
   1910, 552841
   1911, 553137
   1912, 553457
   1913, 553743
   1914, 554016
   1915, 554300
   1916, 554586
   1917, 554889
   1918, 555185
   1919, 555484
   1920, 555789
   1921, 556069
   1922, 556348
   1923, 556633
   1924, 556934
   1925, 557233
   1926, 557515
   1927, 557838
   1928, 558124
   1929, 558398
   1930, 558682
   1931, 558973
   1932, 559277
   1933, 559572
   1934, 559881
   1935, 560155
   1936, 560445
   1937, 560724
   1938, 561010
   1939, 561311
   1940, 561604
   1941, 561910
   1942, 562208
   1943, 562489
   1944, 562774
   1945, 563031
   1946, 563340
   1947, 563640
   1948, 563933
   1949, 564242
   1950, 564530
   1951, 564814
   1952, 565091
   1953, 565386
   1954, 565680
   1955, 565953
   1956, 566280
   1957, 566576
   1958, 566851
   1959, 567135
   1960, 567421
   1961, 567720
   1962, 568008
   1963, 568320
   1964, 568621
   1965, 568905
   1966, 569189
   1967, 569468
   1968, 569763
   1969, 570051
   1970, 570357
   1971, 570665
   1972, 570949
   1973, 571227
   1974, 571516
   1975, 571810
   1976, 572107
   1977, 572399
   1978, 572712
   1979, 573004
   1980, 573289
   1981, 573566
   1982, 573859
   1983, 574150
   1984, 574448
   1985, 574759
   1986, 575061
   1987, 575336
   1988, 575618
   1989, 575905
   1990, 576194
   1991, 576485
   1992, 576801
   1993, 577101
   1994, 577392
   1995, 577672
   1996, 577960
   1997, 578245
   1998, 578521
   1999, 578828
   2000, 579146
   2001, 579444
   2002, 579729
   2003, 580011
   2004, 580309
   2005, 580590
   2006, 580881
   2007, 581184
   2008, 581491
   2009, 581776
   2010, 582059
   2011, 582352
   2012, 582636
   2013, 582925
   2014, 583243
   2015, 583545
   2016, 583832
   2017, 584090
   2018, 584382
   2019, 584670
   2020, 584955
   2021, 585261
   2022, 585568
   2023, 585861
   2024, 586151
   2025, 586435
   2026, 586723
   2027, 586987
   2028, 587287
   2029, 587612
   2030, 587903
   2031, 588194
   2032, 588482
   2033, 588770
   2034, 589058
   2035, 589338
   2036, 589653
   2037, 589938
   2038, 590220
   2039, 590519
   2040, 590813
   2041, 591096
   2042, 591373
   2043, 591686
   2044, 591988
   2045, 592279
   2046, 592573
   2047, 592850
   2048, 593145
   2049, 593420
   2050, 593720
   2051, 594028
   2052, 594329
   2053, 594621
   2054, 594906
   2055, 595199
   2056, 595474
   2057, 595764
   2058, 596078
   2059, 596370
   2060, 596681
   2061, 596955
   2062, 597246
   2063, 597525
   2064, 597802
   2065, 598118
   2066, 598419
   2067, 598714
   2068, 599002
   2069, 599296
   2070, 599576
   2071, 599855
   2072, 600162
   2073, 600463
   2074, 600760
   2075, 601050
   2076, 601340
   2077, 601625
   2078, 601905
   2079, 602201
   2080, 602506
   2081, 602798
   2082, 603097
   2083, 603394
   2084, 603689
   2085, 603961
   2086, 604248
   2087, 604551
   2088, 604846
   2089, 605147
   2090, 605445
   2091, 605716
   2092, 606009
   2093, 606286
   2094, 606590
   2095, 606889
   2096, 607184
   2097, 607482
   2098, 607780
   2099, 608066
   2100, 608338
   2101, 608632
   2102, 608937
   2103, 609233
   2104, 609534
   2105, 609826
   2106, 610114
   2107, 610391
   2108, 610686
   2109, 610983
   2110, 611284
   2111, 611582
   2112, 611869
   2113, 612169
   2114, 612445
   2115, 612731
   2116, 613030
   2117, 613323
   2118, 613624
   2119, 613924
   2120, 614221
   2121, 614501
   2122, 614768
   2123, 615076
   2124, 615374
   2125, 615672
   2126, 615971
   2127, 616269
   2128, 616554
   2129, 616835
   2130, 617132
   2131, 617420
   2132, 617714
   2133, 618012
   2134, 618313
   2135, 618611
   2136, 618884
   2137, 619177
   2138, 619467
   2139, 619760
   2140, 620059
   2141, 620349
   2142, 620656
   2143, 620935
   2144, 621235
   2145, 621509
   2146, 621796
   2147, 622102
   2148, 622404
   2149, 622701
   2150, 622981
   2151, 623271
   2152, 623565
   2153, 623850
   2154, 624144
   2155, 624446
   2156, 624755
   2157, 625042
   2158, 625305
   2159, 625600
   2160, 625902
   2161, 626188
   2162, 626493
   2163, 626796
   2164, 627090
   2165, 627367
   2166, 627659
   2167, 627949
   2168, 628226
   2169, 628533
   2170, 628837
   2171, 629137
   2172, 629417
   2173, 629703
   2174, 629991
   2175, 630275
   2176, 630578
   2177, 630879
   2178, 631174
   2179, 631461
   2180, 631751
   2181, 632047
   2182, 632330
   2183, 632616
   2184, 632917
   2185, 633229
   2186, 633522
   2187, 633801
   2188, 634101
   2189, 634368
   2190, 634650
   2191, 634962
   2192, 635269
   2193, 635569
   2194, 635852
   2195, 636143
   2196, 636428
   2197, 636709
   2198, 637005
   2199, 637304
   2200, 637614
   2201, 637901
   2202, 638195
   2203, 638478
   2204, 638759
   2205, 639060
   2206, 639359
   2207, 639667
   2208, 639959
   2209, 640241
   2210, 640534
   2211, 640816
   2212, 641099
   2213, 641398
   2214, 641712
   2215, 642012
   2216, 642292
   2217, 642589
   2218, 642868
   2219, 643155
   2220, 643445
   2221, 643753
   2222, 644055
   2223, 644342
   2224, 644636
   2225, 644926
   2226, 645199
   2227, 645489
   2228, 645796
   2229, 646099
   2230, 646393
   2231, 646689
   2232, 646972
   2233, 647250
   2234, 647541
   2235, 647838
   2236, 648150
   2237, 648445
   2238, 648733
   2239, 649025
   2240, 649307
   2241, 649582
   2242, 649878
