      0,   1186
      1,   1445
      2,   1752
      3,   1979
      4,   2289
      5,   2562
      6,   2767
      7,   3016
      8,   3269
      9,   3574
     10,   3794
     11,   3888
     12,   4113
     13,   4382
     14,   4601
     15,   4862
     16,   5166
     17,   5373
     18,   5572
     19,   5934
     20,   6206
     21,   6480
     22,   6747
     23,   7007
     24,   7257
     25,   7517
     26,   7778
     27,   7933
     28,   8302
     29,   8575
     30,   8841
     31,   9105
     32,   9361
     33,   9612
     34,   9857
     35,  10117
     36,  10392
     37,  10657
     38,  10919
     39,  11180
     40,  11436
     41,  11687
     42,  11943
     43,  12199
     44,  12462
     45,  12636
     46,  13000
     47,  13265
     48,  13519
     49,  13767
     50,  14018
     51,  14265
     52,  14529
     53,  14799
     54,  15065
     55,  15324
     56,  15587
     57,  15846
     58,  16096
     59,  16347
     60,  16602
     61,  16866
     62,  17140
     63,  17410
     64,  17672
     65,  17928
     66,  18181
     67,  18439
     68,  18695
     69,  18959
     70,  19225
     71,  19496
     72,  19759
     73,  20020
     74,  20274
     75,  20527
     76,  20776
     77,  21043
     78,  21212
     79,  21589
     80,  21850
     81,  22113
     82,  22364
     83,  22616
     84,  22872
     85,  23127
     86,  23388
     87,  23653
     88,  23928
     89,  24193
     90,  24441
     91,  24689
     92,  24853
     93,  25204
     94,  25475
     95,  25745
     96,  26009
     97,  26267
     98,  26529
     99,  26783
    100,  27032
    101,  27285
    102,  27542
    103,  27807
    104,  28078
    105,  28347
    106,  28602
    107,  28848
    108,  29101
    109,  29361
    110,  29618
    111,  29882
    112,  30150
    113,  30413
    114,  30674
    115,  30929
    116,  31178
    117,  31429
    118,  31681
    119,  31947
    120,  32219
    121,  32488
    122,  32748
    123,  32998
    124,  33246
    125,  33502
    126,  33761
    127,  34022
    128,  34286
    129,  34555
    130,  34831
    131,  35088
    132,  35334
    133,  35583
    134,  35842
    135,  36106
    136,  36379
    137,  36646
    138,  36804
    139,  37163
    140,  37426
    141,  37678
    142,  37926
    143,  38178
    144,  38442
    145,  38705
    146,  38972
    147,  39238
    148,  39490
    149,  39733
    150,  39988
    151,  40243
    152,  40502
    153,  40758
    154,  41021
    155,  41284
    156,  41540
    157,  41794
    158,  42039
    159,  42286
    160,  42536
    161,  42805
    162,  43070
    163,  43334
    164,  43586
    165,  43832
    166,  44073
    167,  44325
    168,  44579
    169,  44828
    170,  45087
    171,  45351
    172,  45621
    173,  45774
    174,  46114
    175,  46359
    176,  46606
    177,  46857
    178,  47119
    179,  47384
    180,  47647
    181,  47900
    182,  48152
    183,  48405
    184,  48655
    185,  48901
    186,  49157
    187,  49423
    188,  49691
    189,  49955
    190,  50210
    191,  50460
    192,  50704
    193,  50961
    194,  51219
    195,  51484
    196,  51748
    197,  52014
    198,  52269
    199,  52525
    200,  52781
    201,  53032
    202,  53283
    203,  53550
    204,  53827
    205,  54091
    206,  54345
    207,  54600
    208,  54849
    209,  55103
    210,  55361
    211,  55620
    212,  55885
    213,  56152
    214,  56425
    215,  56679
    216,  56930
    217,  57177
    218,  57325
    219,  57679
    220,  57953
    221,  58222
    222,  58485
    223,  58742
    224,  58997
    225,  59252
    226,  59505
    227,  59755
    228,  60015
    229,  60282
    230,  60556
    231,  60821
    232,  61074
    233,  61323
    234,  61571
    235,  61831
    236,  62093
    237,  62361
    238,  62621
    239,  62888
    240,  63142
    241,  63394
    242,  63647
    243,  63899
    244,  64147
    245,  64412
    246,  64687
    247,  64949
    248,  65200
    249,  65449
    250,  65698
    251,  65946
    252,  66201
    253,  66457
    254,  66718
    255,  66878
    256,  67241
    257,  67499
    258,  67748
    259,  67990
    260,  68238
    261,  68488
    262,  68753
    263,  69021
    264,  69281
    265,  69534
    266,  69784
    267,  70039
    268,  70285
    269,  70535
    270,  70792
    271,  71059
    272,  71323
    273,  71591
    274,  71843
    275,  72091
    276,  72339
    277,  72496
    278,  72859
    279,  73129
    280,  73391
    281,  73656
    282,  73916
    283,  74172
    284,  74310
    285,  74672
    286,  74930
    287,  75196
    288,  75472
    289,  75739
    290,  75995
    291,  76245
    292,  76496
    293,  76749
    294,  77009
    295,  77270
    296,  77539
    297,  77801
    298,  78068
    299,  78325
    300,  78575
    301,  78821
    302,  79075
    303,  79330
    304,  79597
    305,  79872
    306,  80134
    307,  80384
    308,  80639
    309,  80895
    310,  81144
    311,  81393
    312,  81654
    313,  81920
    314,  82184
    315,  82450
    316,  82703
    317,  82947
    318,  83195
    319,  83458
    320,  83717
    321,  83983
    322,  84245
    323,  84507
    324,  84759
    325,  85017
    326,  85270
    327,  85520
    328,  85774
    329,  86045
    330,  86319
    331,  86583
    332,  86834
    333,  87085
    334,  87331
    335,  87585
    336,  87846
    337,  88107
    338,  88380
    339,  88645
    340,  88916
    341,  89172
    342,  89422
    343,  89669
    344,  89927
    345,  90187
    346,  90457
    347,  90728
    348,  90994
    349,  91248
    350,  91500
    351,  91759
    352,  92013
    353,  92268
    354,  92536
    355,  92806
    356,  93075
    357,  93343
    358,  93598
    359,  93843
    360,  94098
    361,  94368
    362,  94633
    363,  94899
    364,  95170
    365,  95437
    366,  95694
    367,  95950
    368,  96203
    369,  96460
    370,  96721
    371,  96999
    372,  97269
    373,  97536
    374,  97791
    375,  98044
    376,  98291
    377,  98555
    378,  98822
    379,  99091
    380,  99356
    381,  99630
    382,  99895
    383, 100149
    384, 100397
    385, 100649
    386, 100907
    387, 101179
    388, 101453
    389, 101714
    390, 101972
    391, 102125
    392, 102482
    393, 102734
    394, 102986
    395, 103247
    396, 103515
    397, 103776
    398, 104038
    399, 104292
    400, 104541
    401, 104784
    402, 105041
    403, 105307
    404, 105573
    405, 105830
    406, 106095
    407, 106351
    408, 106603
    409, 106855
    410, 107104
    411, 107358
    412, 107617
    413, 107890
    414, 108038
    415, 108407
    416, 108659
    417, 108909
    418, 109154
    419, 109410
    420, 109675
    421, 109941
    422, 110200
    423, 110466
    424, 110729
    425, 110976
    426, 111220
    427, 111470
    428, 111724
    429, 111990
    430, 112260
    431, 112522
    432, 112775
    433, 113027
    434, 113283
    435, 113532
    436, 113787
    437, 114047
    438, 114317
    439, 114581
    440, 114846
    441, 115101
    442, 115350
    443, 115595
    444, 115851
    445, 116118
    446, 116388
    447, 116652
    448, 116914
    449, 117170
    450, 117425
    451, 117681
    452, 117930
    453, 118186
    454, 118355
    455, 118727
    456, 118996
    457, 119251
    458, 119499
    459, 119751
    460, 119917
    461, 120003
    462, 120257
    463, 120521
    464, 120790
    465, 121048
    466, 121316
    467, 121573
    468, 121827
    469, 122069
    470, 122325
    471, 122582
    472, 122852
    473, 123126
    474, 123390
    475, 123642
    476, 123892
    477, 124155
    478, 124406
    479, 124658
    480, 124925
    481, 125195
    482, 125462
    483, 125729
    484, 125982
    485, 126122
    486, 126480
    487, 126748
    488, 127014
    489, 127283
    490, 127550
    491, 127811
    492, 128067
    493, 128324
    494, 128579
    495, 128834
    496, 129094
    497, 129365
    498, 129640
    499, 129905
    500, 130156
    501, 130406
    502, 130658
    503, 130914
    504, 131175
    505, 131439
    506, 131705
    507, 131968
    508, 132233
    509, 132483
    510, 132731
    511, 132978
    512, 133237
    513, 133499
    514, 133772
    515, 134039
    516, 134303
    517, 134550
    518, 134803
    519, 135061
    520, 135317
    521, 135573
    522, 135843
    523, 136109
    524, 136379
    525, 136640
    526, 136892
    527, 137139
    528, 137392
    529, 137664
    530, 137931
    531, 138198
    532, 138462
    533, 138726
    534, 138976
    535, 139233
    536, 139487
    537, 139744
    538, 140008
    539, 140287
    540, 140559
    541, 140822
    542, 141074
    543, 141323
    544, 141573
    545, 141837
    546, 142107
    547, 142374
    548, 142638
    549, 142908
    550, 143169
    551, 143422
    552, 143670
    553, 143925
    554, 144189
    555, 144463
    556, 144736
    557, 145000
    558, 145259
    559, 145509
    560, 145767
    561, 146021
    562, 146281
    563, 146546
    564, 146816
    565, 146960
    566, 147341
    567, 147597
    568, 147847
    569, 148096
    570, 148357
    571, 148626
    572, 148899
    573, 149157
    574, 149415
    575, 149667
    576, 149918
    577, 150175
    578, 150428
    579, 150686
    580, 150951
    581, 151226
    582, 151487
    583, 151737
    584, 151986
    585, 152237
    586, 152488
    587, 152747
    588, 153015
    589, 153281
    590, 153543
    591, 153810
    592, 154066
    593, 154318
    594, 154569
    595, 154830
    596, 155093
    597, 155367
    598, 155642
    599, 155899
    600, 156151
    601, 156403
    602, 156660
    603, 156816
    604, 157179
    605, 157445
    606, 157712
    607, 157978
    608, 158237
    609, 158484
    610, 158733
    611, 158981
    612, 159245
    613, 159511
    614, 159779
    615, 160041
    616, 160297
    617, 160544
    618, 160796
    619, 161049
    620, 161302
    621, 161562
    622, 161830
    623, 162104
    624, 162364
    625, 162609
    626, 162856
    627, 163107
    628, 163360
    629, 163622
    630, 163770
    631, 164155
    632, 164420
    633, 164683
    634, 164936
    635, 165185
    636, 165434
    637, 165694
    638, 165858
    639, 166230
    640, 166507
    641, 166766
    642, 167013
    643, 167268
    644, 167525
    645, 167783
    646, 168042
    647, 168310
    648, 168576
    649, 168840
    650, 169102
    651, 169349
    652, 169600
    653, 169856
    654, 170128
    655, 170395
    656, 170663
    657, 170930
    658, 171190
    659, 171441
    660, 171696
    661, 171950
    662, 172211
    663, 172475
    664, 172746
    665, 173014
    666, 173276
    667, 173523
    668, 173772
    669, 173944
    670, 174286
    671, 174556
    672, 174820
    673, 175085
    674, 175343
    675, 175605
    676, 175853
    677, 176102
    678, 176351
    679, 176615
    680, 176885
    681, 177152
    682, 177415
    683, 177673
    684, 177916
    685, 178169
    686, 178427
    687, 178683
    688, 178940
    689, 179205
    690, 179467
    691, 179727
    692, 179985
    693, 180231
    694, 180477
    695, 180735
    696, 181008
    697, 181273
    698, 181536
    699, 181798
    700, 182052
    701, 182303
    702, 182557
    703, 182813
    704, 183073
    705, 183338
    706, 183612
    707, 183880
    708, 184138
    709, 184386
    710, 184635
    711, 184885
    712, 185151
    713, 185424
    714, 185691
    715, 185955
    716, 186220
    717, 186479
    718, 186732
    719, 186980
    720, 187236
    721, 187503
    722, 187776
    723, 188044
    724, 188303
    725, 188556
    726, 188803
    727, 189060
    728, 189314
    729, 189574
    730, 189834
    731, 190106
    732, 190370
    733, 190627
    734, 190880
    735, 191131
    736, 191379
    737, 191640
    738, 191915
    739, 192184
    740, 192444
    741, 192706
    742, 192957
    743, 193209
    744, 193467
    745, 193725
    746, 193990
    747, 194258
    748, 194534
    749, 194798
    750, 195050
    751, 195300
    752, 195555
    753, 195811
    754, 196083
    755, 196353
    756, 196621
    757, 196884
    758, 197150
    759, 197406
    760, 197660
    761, 197915
    762, 198179
    763, 198340
    764, 198719
    765, 198987
    766, 199243
    767, 199490
    768, 199746
    769, 200002
    770, 200258
    771, 200516
    772, 200780
    773, 201043
    774, 201305
    775, 201559
    776, 201804
    777, 202053
    778, 202308
    779, 202575
    780, 202843
    781, 203109
    782, 203367
    783, 203622
    784, 203871
    785, 204124
    786, 204380
    787, 204644
    788, 204903
    789, 205172
    790, 205444
    791, 205704
    792, 205949
    793, 206196
    794, 206450
    795, 206710
    796, 206981
    797, 207250
    798, 207515
    799, 207779
    800, 208043
    801, 208294
    802, 208543
    803, 208802
    804, 209072
    805, 209342
    806, 209616
    807, 209882
    808, 210138
    809, 210385
    810, 210648
    811, 210906
    812, 211171
    813, 211438
    814, 211705
    815, 211965
    816, 212226
    817, 212486
    818, 212734
    819, 212984
    820, 213249
    821, 213526
    822, 213798
    823, 214062
    824, 214322
    825, 214577
    826, 214834
    827, 215094
    828, 215351
    829, 215619
    830, 215890
    831, 216167
    832, 216430
    833, 216685
    834, 216935
    835, 217192
    836, 217450
    837, 217718
    838, 217991
    839, 218259
    840, 218521
    841, 218780
    842, 219036
    843, 219290
    844, 219542
    845, 219805
    846, 220075
    847, 220347
    848, 220621
    849, 220880
    850, 221129
    851, 221383
    852, 221647
    853, 221911
    854, 222175
    855, 222445
    856, 222713
    857, 222976
    858, 223239
    859, 223490
    860, 223743
    861, 224003
    862, 224282
    863, 224550
    864, 224819
    865, 225081
    866, 225337
    867, 225592
    868, 225854
    869, 226110
    870, 226375
    871, 226643
    872, 226924
    873, 227185
    874, 227337
    875, 227441
    876, 227691
    877, 227944
    878, 228198
    879, 228468
    880, 228742
    881, 229012
    882, 229274
    883, 229537
    884, 229794
    885, 230049
    886, 230302
    887, 230562
    888, 230831
    889, 231104
    890, 231273
    891, 231637
    892, 231891
    893, 232142
    894, 232404
    895, 232670
    896, 232933
    897, 233203
    898, 233475
    899, 233738
    900, 233998
    901, 234251
    902, 234504
    903, 234760
    904, 235039
    905, 235312
    906, 235582
    907, 235845
    908, 236105
    909, 236356
    910, 236613
    911, 236876
    912, 237146
    913, 237412
    914, 237692
    915, 237958
    916, 238098
    917, 238460
    918, 238713
    919, 238966
    920, 239229
    921, 239507
    922, 239774
    923, 240032
    924, 240292
    925, 240550
    926, 240802
    927, 241049
    928, 241305
    929, 241573
    930, 241842
    931, 241992
    932, 242366
    933, 242622
    934, 242869
    935, 243122
    936, 243380
    937, 243645
    938, 243907
    939, 244170
    940, 244431
    941, 244686
    942, 244938
    943, 245185
    944, 245435
    945, 245697
    946, 245971
    947, 246239
    948, 246497
    949, 246753
    950, 247007
    951, 247259
    952, 247511
    953, 247767
    954, 248031
    955, 248296
    956, 248570
    957, 248829
    958, 249081
    959, 249325
    960, 249578
    961, 249830
    962, 250097
    963, 250373
    964, 250638
    965, 250897
    966, 251153
    967, 251412
    968, 251662
    969, 251909
    970, 252171
    971, 252438
    972, 252711
    973, 252982
    974, 253238
    975, 253488
    976, 253742
    977, 254006
    978, 254267
    979, 254436
    980, 254806
    981, 255078
    982, 255339
    983, 255602
    984, 255854
    985, 256108
    986, 256368
    987, 256644
    988, 256919
    989, 257193
    990, 257457
    991, 257714
    992, 257968
    993, 258231
    994, 258496
    995, 258766
    996, 259036
    997, 259313
    998, 259585
    999, 259845
   1000, 260096
   1001, 260352
   1002, 260613
   1003, 260886
   1004, 261169
   1005, 261443
   1006, 261711
   1007, 261974
   1008, 262239
   1009, 262499
   1010, 262752
   1011, 263020
   1012, 263295
   1013, 263571
   1014, 263846
   1015, 264106
   1016, 264358
   1017, 264614
   1018, 264882
   1019, 265146
   1020, 265413
   1021, 265687
   1022, 265957
   1023, 266222
   1024, 266484
   1025, 266738
   1026, 266993
   1027, 267258
   1028, 267539
   1029, 267809
   1030, 268079
   1031, 268341
   1032, 268597
   1033, 268852
   1034, 269112
   1035, 269375
   1036, 269536
   1037, 269912
   1038, 270190
   1039, 270452
   1040, 270711
   1041, 270960
   1042, 271212
   1043, 271470
   1044, 271742
   1045, 272015
   1046, 272280
   1047, 272542
   1048, 272803
   1049, 273061
   1050, 273318
   1051, 273571
   1052, 273834
   1053, 274106
   1054, 274382
   1055, 274652
   1056, 274907
   1057, 275158
   1058, 275411
   1059, 275675
   1060, 275936
   1061, 276200
   1062, 276467
   1063, 276734
   1064, 276994
   1065, 277246
   1066, 277499
   1067, 277755
   1068, 278010
   1069, 278284
   1070, 278557
   1071, 278826
   1072, 279085
   1073, 279341
   1074, 279590
   1075, 279846
   1076, 280113
   1077, 280377
   1078, 280638
   1079, 280909
   1080, 281179
   1081, 281434
   1082, 281676
   1083, 281927
   1084, 282179
   1085, 282444
   1086, 282717
   1087, 282981
   1088, 283243
   1089, 283501
   1090, 283760
   1091, 284006
   1092, 284257
   1093, 284514
   1094, 284779
   1095, 285044
   1096, 285311
   1097, 285570
   1098, 285820
   1099, 286066
   1100, 286319
   1101, 286575
   1102, 286840
   1103, 287102
   1104, 287364
   1105, 287625
   1106, 287883
   1107, 288136
   1108, 288382
   1109, 288633
   1110, 288888
   1111, 289160
   1112, 289429
   1113, 289691
   1114, 289942
   1115, 290193
   1116, 290442
   1117, 290696
   1118, 290957
   1119, 291222
   1120, 291484
   1121, 291755
   1122, 292022
   1123, 292275
   1124, 292519
   1125, 292769
   1126, 293024
   1127, 293287
   1128, 293560
   1129, 293825
   1130, 294083
   1131, 294338
   1132, 294597
   1133, 294844
   1134, 295093
   1135, 295350
   1136, 295617
   1137, 295879
   1138, 296147
   1139, 296405
   1140, 296551
   1141, 296898
   1142, 297156
   1143, 297413
   1144, 297675
   1145, 297938
   1146, 298198
   1147, 298455
   1148, 298711
   1149, 298965
   1150, 299211
   1151, 299458
   1152, 299719
   1153, 299991
   1154, 300255
   1155, 300517
   1156, 300769
   1157, 301020
   1158, 301269
   1159, 301525
   1160, 301781
   1161, 302046
   1162, 302309
   1163, 302574
   1164, 302835
   1165, 303086
   1166, 303328
   1167, 303574
   1168, 303826
   1169, 304090
   1170, 304358
   1171, 304620
   1172, 304877
   1173, 305128
   1174, 305379
   1175, 305624
   1176, 307159
   1177, 307406
   1178, 307641
   1179, 307888
   1180, 308146
   1181, 308405
   1182, 308660
   1183, 308919
   1184, 309178
   1185, 309428
   1186, 309677
   1187, 309922
   1188, 310164
   1189, 310414
   1190, 310680
   1191, 310944
   1192, 311204
   1193, 311455
   1194, 311593
   1195, 311940
   1196, 312190
   1197, 312443
   1198, 312693
   1199, 312949
   1200, 313208
   1201, 313472
   1202, 313715
   1203, 313956
   1204, 314192
   1205, 314674
   1206, 314827
   1207, 314926
   1208, 315187
   1209, 315431
   1210, 315679
   1211, 315920
   1212, 316160
   1213, 316398
   1214, 316638
   1215, 316881
   1216, 317134
   1217, 317388
   1218, 317648
   1219, 317904
   1220, 318149
   1221, 318388
   1222, 318629
   1223, 318883
   1224, 319135
   1225, 319390
   1226, 319644
   1227, 319904
   1228, 320157
   1229, 320401
   1230, 320646
   1231, 320894
   1232, 321138
   1233, 321397
   1234, 321666
   1235, 321926
   1236, 322176
   1237, 322424
   1238, 322671
   1239, 322917
   1240, 323167
   1241, 323420
   1242, 323683
   1243, 323943
   1244, 324209
   1245, 324467
   1246, 324715
   1247, 324958
   1248, 325210
   1249, 325458
   1250, 325722
   1251, 325994
   1252, 326255
   1253, 326510
   1254, 326765
   1255, 327023
   1256, 327271
   1257, 327523
   1258, 327780
   1259, 328049
   1260, 328316
   1261, 328586
   1262, 328843
   1263, 329092
   1264, 329344
   1265, 329604
   1266, 329866
   1267, 330134
   1268, 330401
   1269, 330666
   1270, 330925
   1271, 331182
   1272, 331435
   1273, 331687
   1274, 331942
   1275, 332208
   1276, 332484
   1277, 332754
   1278, 333011
   1279, 333263
   1280, 333515
   1281, 333769
   1282, 334026
   1283, 334288
   1284, 334556
   1285, 334820
   1286, 335093
   1287, 335351
   1288, 335600
   1289, 335849
   1290, 336105
   1291, 336364
   1292, 336636
   1293, 336909
   1294, 337176
   1295, 337430
   1296, 337689
   1297, 337945
   1298, 338197
   1299, 338451
   1300, 338717
   1301, 338983
   1302, 339254
   1303, 339523
   1304, 339776
   1305, 340022
   1306, 340279
   1307, 340543
   1308, 340807
   1309, 341073
   1310, 341344
   1311, 341608
   1312, 341868
   1313, 342127
   1314, 342377
   1315, 342630
   1316, 342892
   1317, 343168
   1318, 343433
   1319, 343701
   1320, 343960
   1321, 344214
   1322, 344467
   1323, 344728
   1324, 344992
   1325, 345260
   1326, 345529
   1327, 345806
   1328, 346073
   1329, 346332
   1330, 346582
   1331, 346838
   1332, 347100
   1333, 347376
   1334, 347652
   1335, 347924
   1336, 348187
   1337, 348451
   1338, 348711
   1339, 348971
   1340, 349225
   1341, 349492
   1342, 349763
   1343, 350033
   1344, 350299
   1345, 350556
   1346, 350805
   1347, 351062
   1348, 351329
   1349, 351596
   1350, 351861
   1351, 352133
   1352, 352401
   1353, 352662
   1354, 352924
   1355, 353179
   1356, 353437
   1357, 353702
   1358, 353984
   1359, 354251
   1360, 354515
   1361, 354777
   1362, 355032
   1363, 355291
   1364, 355557
   1365, 355826
   1366, 356098
   1367, 356372
   1368, 356658
   1369, 356922
   1370, 357180
   1371, 357437
   1372, 357699
   1373, 357965
   1374, 358239
   1375, 358507
   1376, 358777
   1377, 359035
   1378, 359297
   1379, 359539
   1380, 359807
   1381, 360068
   1382, 360339
   1383, 360608
   1384, 360881
   1385, 361145
   1386, 361400
   1387, 361648
   1388, 361906
   1389, 362169
   1390, 362437
   1391, 362703
   1392, 362970
   1393, 363235
   1394, 363492
   1395, 363748
   1396, 363998
   1397, 364251
   1398, 364511
   1399, 364792
   1400, 365060
   1401, 365322
   1402, 365577
   1403, 365831
   1404, 366080
   1405, 366334
   1406, 366594
   1407, 366857
   1408, 367119
   1409, 367389
   1410, 367649
   1411, 367902
   1412, 368145
   1413, 368396
   1414, 368645
   1415, 368909
   1416, 369180
   1417, 369440
   1418, 369694
   1419, 369946
   1420, 370199
   1421, 370443
   1422, 370687
   1423, 370791
   1424, 370938
   1425, 371203
   1426, 371386
   1427, 371672
   1428, 371978
   1429, 372220
   1430, 372458
   1431, 372703
   1432, 372955
   1433, 373210
   1434, 373463
   1435, 373720
   1436, 373972
   1437, 374224
   1438, 374472
   1439, 374713
   1440, 374957
   1441, 375207
   1442, 375470
   1443, 375732
   1444, 375992
   1445, 376240
   1446, 376482
   1447, 376723
   1448, 376969
   1449, 377217
   1450, 377466
   1451, 377723
   1452, 377979
   1453, 378241
   1454, 378490
   1455, 378731
   1456, 378969
   1457, 379211
   1458, 379457
   1459, 379714
   1460, 379977
   1461, 380234
   1462, 380482
   1463, 380729
   1464, 380977
   1465, 381216
   1466, 381454
   1467, 381702
   1468, 381960
   1469, 382214
   1470, 382472
   1471, 382724
   1472, 382967
   1473, 383199
   1474, 383440
   1475, 383693
   1476, 383942
   1477, 384191
   1478, 384444
   1479, 384697
   1480, 384941
   1481, 385182
   1482, 385421
   1483, 385657
   1484, 385892
   1485, 386145
   1486, 386409
   1487, 386661
   1488, 386906
   1489, 387150
   1490, 387391
   1491, 387628
   1492, 387873
   1493, 388117
   1494, 388369
   1495, 388620
   1496, 388879
   1497, 389134
   1498, 389378
   1499, 389613
   1500, 389851
   1501, 390094
   1502, 390344
   1503, 390603
   1504, 390860
   1505, 391117
   1506, 391364
   1507, 391608
   1508, 391855
   1509, 392099
   1510, 392337
   1511, 392584
   1512, 392843
   1513, 393105
   1514, 393363
   1515, 393609
   1516, 393853
   1517, 394091
   1518, 394338
   1519, 394587
   1520, 394844
   1521, 395096
   1522, 395351
   1523, 395604
   1524, 395853
   1525, 396099
   1526, 396338
   1527, 396581
   1528, 396830
   1529, 397098
   1530, 397355
   1531, 397610
   1532, 397861
   1533, 398107
   1534, 398345
   1535, 398593
   1536, 398847
   1537, 399101
   1538, 399356
   1539, 399618
   1540, 399884
   1541, 400132
   1542, 400374
   1543, 400620
   1544, 400867
   1545, 401120
   1546, 401385
   1547, 401648
   1548, 401908
   1549, 402159
   1550, 402412
   1551, 402661
   1552, 402910
   1553, 403157
   1554, 403412
   1555, 403676
   1556, 403946
   1557, 404214
   1558, 404461
   1559, 404705
   1560, 404952
   1561, 405208
   1562, 405461
   1563, 405721
   1564, 405980
   1565, 406242
   1566, 406495
   1567, 406745
   1568, 406992
   1569, 407238
   1570, 407486
   1571, 407745
   1572, 408015
   1573, 408279
   1574, 408529
   1575, 408776
   1576, 409021
   1577, 409263
   1578, 409510
   1579, 409757
   1580, 410016
   1581, 410269
   1582, 410532
   1583, 410794
   1584, 411519
   1585, 411764
   1586, 412022
   1587, 412289
   1588, 412545
   1589, 412798
   1590, 413047
   1591, 413296
   1592, 413538
   1593, 413780
   1594, 414028
   1595, 414286
   1596, 414543
   1597, 414808
   1598, 415072
   1599, 415319
   1600, 415561
   1601, 415813
   1602, 416069
   1603, 416323
   1604, 416581
   1605, 416847
   1606, 417107
   1607, 417365
   1608, 417616
   1609, 417864
   1610, 418111
   1611, 418363
   1612, 418630
   1613, 418892
   1614, 419156
   1615, 419410
   1616, 419656
   1617, 419896
   1618, 420146
   1619, 420397
   1620, 420646
   1621, 420903
   1622, 421166
   1623, 421431
   1624, 421683
   1625, 421927
   1626, 422169
   1627, 422416
   1628, 422667
   1629, 422929
   1630, 423190
   1631, 423449
   1632, 423701
   1633, 423953
   1634, 424202
   1635, 424449
   1636, 424687
   1637, 424938
   1638, 425196
   1639, 425457
   1640, 425716
   1641, 425965
   1642, 426208
   1643, 426446
   1644, 426693
   1645, 426941
   1646, 427086
   1647, 427443
   1648, 427703
   1649, 427952
   1650, 428197
   1651, 428443
   1652, 428680
   1653, 428917
   1654, 429158
   1655, 429417
   1656, 429670
   1657, 429924
   1658, 430170
   1659, 430355
   1660, 430616
   1661, 430880
   1662, 431123
   1663, 431360
   1664, 431477
   1665, 431607
   1666, 431858
   1667, 432113
   1668, 432353
   1669, 432590
   1670, 432817
   1671, 432909
   1672, 433053
   1673, 433275
   1674, 433521
   1675, 433643
   1676, 433927
   1677, 434014
   1678, 434400
   1679, 434726
   1680, 434864
   1681, 434936
   1682, 435011
   1683, 435088
   1684, 435180
   1685, 435254
   1686, 435329
   1687, 435401
   1688, 435474
   1689, 435546
   1690, 435618
   1691, 435697
   1692, 435787
   1693, 435859
   1694, 435942
   1695, 436014
   1696, 436087
   1697, 436159
   1698, 436231
   1699, 436308
   1700, 436390
   1701, 436462
   1702, 436539
   1703, 436611
   1704, 436683
   1705, 436755
   1706, 436834
   1707, 436906
   1708, 436978
   1709, 437055
   1710, 437131
   1711, 437232
   1712, 437329
   1713, 437405
   1714, 437479
   1715, 437568
   1716, 437641
   1717, 437713
   1718, 437806
   1719, 437879
   1720, 437951
   1721, 438028
   1722, 438101
   1723, 438192
   1724, 438264
   1725, 438338
   1726, 438415
   1727, 438487
   1728, 438559
   1729, 438631
   1730, 438704
   1731, 438782
   1732, 438876
   1733, 438949
   1734, 439021
   1735, 439107
   1736, 439179
   1737, 439253
   1738, 439340
   1739, 439430
   1740, 439503
   1741, 439575
   1742, 439659
   1743, 439734
   1744, 439808
   1745, 439886
   1746, 439993
   1747, 440065
   1748, 440137
   1749, 440228
   1750, 440300
   1751, 440372
   1752, 440444
   1753, 440516
   1754, 440588
   1755, 440667
   1756, 440739
   1757, 440813
   1758, 440897
   1759, 440973
   1760, 441045
   1761, 441128
   1762, 441200
   1763, 441284
   1764, 441359
   1765, 441457
   1766, 441537
   1767, 441612
   1768, 441684
   1769, 441762
   1770, 441834
   1771, 441924
   1772, 441997
   1773, 442092
   1774, 442165
   1775, 442237
   1776, 442327
   1777, 442399
   1778, 442471
   1779, 442543
   1780, 442615
   1781, 442687
   1782, 442770
   1783, 442844
   1784, 442917
   1785, 442994
   1786, 443082
   1787, 443165
   1788, 443258
   1789, 443362
   1790, 443434
   1791, 443507
   1792, 443585
   1793, 443657
   1794, 443729
   1795, 443801
   1796, 443881
   1797, 443953
   1798, 444026
   1799, 444116
   1800, 444200
   1801, 444272
   1802, 444368
   1803, 444456
   1804, 444528
   1805, 444602
   1806, 444674
   1807, 444747
   1808, 444821
   1809, 444911
   1810, 444985
   1811, 445065
   1812, 445151
   1813, 445230
   1814, 445302
   1815, 445378
   1816, 445454
   1817, 445529
   1818, 445603
   1819, 445680
   1820, 445752
   1821, 445824
   1822, 445897
   1823, 445970
   1824, 446042
   1825, 446137
   1826, 446209
   1827, 446281
   1828, 446353
   1829, 446425
   1830, 446501
   1831, 446573
   1832, 446651
   1833, 446725
   1834, 446798
   1835, 446875
   1836, 446947
   1837, 447028
   1838, 447107
   1839, 447179
   1840, 447252
   1841, 447342
   1842, 447414
   1843, 447503
   1844, 447580
   1845, 447654
   1846, 447726
   1847, 447804
   1848, 447876
   1849, 447972
   1850, 448044
   1851, 448123
   1852, 448222
   1853, 448296
   1854, 448368
   1855, 448440
   1856, 448512
   1857, 448585
   1858, 448657
   1859, 448752
   1860, 448831
   1861, 448922
   1862, 448994
   1863, 449066
   1864, 449138
   1865, 449227
   1866, 449303
   1867, 449376
   1868, 449462
   1869, 449540
   1870, 449612
   1871, 449700
   1872, 449772
   1873, 449844
   1874, 449934
   1875, 450013
   1876, 450085
   1877, 450157
   1878, 450233
   1879, 450311
   1880, 450384
   1881, 450457
   1882, 450535
   1883, 450607
   1884, 450679
   1885, 450751
   1886, 450823
   1887, 450895
   1888, 450967
   1889, 451051
   1890, 451123
   1891, 451195
   1892, 451271
   1893, 451343
   1894, 451415
   1895, 451489
   1896, 451577
   1897, 451649
   1898, 451723
   1899, 451811
   1900, 451885
   1901, 451957
   1902, 452045
   1903, 452117
   1904, 452189
   1905, 452269
   1906, 452341
   1907, 452413
   1908, 452500
   1909, 452574
   1910, 452646
   1911, 452729
   1912, 452802
   1913, 452874
   1914, 452946
   1915, 453019
   1916, 453091
   1917, 453166
   1918, 453240
   1919, 453313
   1920, 453388
   1921, 453461
   1922, 453534
   1923, 453606
   1924, 453702
   1925, 453786
   1926, 453858
   1927, 453942
   1928, 454038
   1929, 454110
   1930, 454182
   1931, 454266
   1932, 454362
   1933, 454435
   1934, 454513
   1935, 454590
   1936, 454669
   1937, 454743
   1938, 454820
   1939, 454892
   1940, 454964
   1941, 455039
   1942, 455111
   1943, 455184
   1944, 455256
   1945, 455350
   1946, 455423
   1947, 455495
   1948, 455567
   1949, 455639
   1950, 455711
   1951, 455795
   1952, 455869
   1953, 455941
   1954, 456016
   1955, 456090
   1956, 456166
   1957, 456238
   1958, 456312
   1959, 456384
   1960, 456456
   1961, 456546
   1962, 456618
   1963, 456718
   1964, 456792
   1965, 456865
   1966, 456937
   1967, 457014
   1968, 457086
   1969, 457161
   1970, 457237
   1971, 457309
   1972, 457381
   1973, 457461
   1974, 457548
   1975, 457621
   1976, 457693
   1977, 457768
   1978, 457840
   1979, 457918
   1980, 457996
   1981, 458068
   1982, 458163
   1983, 458237
   1984, 458310
   1985, 458397
   1986, 458469
   1987, 458544
   1988, 458620
   1989, 458692
   1990, 458765
   1991, 458844
   1992, 458918
   1993, 458992
   1994, 459065
   1995, 459137
   1996, 459209
   1997, 459282
   1998, 459359
   1999, 459432
   2000, 459504
   2001, 459586
   2002, 459658
   2003, 459730
   2004, 459802
   2005, 459874
   2006, 459947
   2007, 460024
   2008, 460098
   2009, 460172
   2010, 460246
   2011, 460318
   2012, 460394
   2013, 460470
   2014, 460542
   2015, 460614
   2016, 460686
   2017, 460768
   2018, 460841
   2019, 460913
   2020, 460996
   2021, 461068
   2022, 461141
   2023, 461214
   2024, 461286
   2025, 461369
   2026, 461442
   2027, 461514
   2028, 461586
   2029, 461675
   2030, 461747
   2031, 461820
   2032, 461892
   2033, 461965
   2034, 462037
   2035, 462114
   2036, 462196
   2037, 462268
   2038, 462346
   2039, 462423
   2040, 462497
   2041, 462581
   2042, 462653
   2043, 462729
   2044, 462811
   2045, 462891
   2046, 462963
   2047, 463035
   2048, 463109
   2049, 463182
   2050, 463259
   2051, 463331
   2052, 463403
   2053, 463475
   2054, 463547
   2055, 463640
   2056, 463726
   2057, 463798
   2058, 463884
   2059, 463956
   2060, 464037
   2061, 464109
   2062, 464181
   2063, 464254
   2064, 464326
   2065, 464398
   2066, 464490
   2067, 464572
   2068, 464644
   2069, 464721
   2070, 464793
   2071, 464865
   2072, 464949
   2073, 465022
   2074, 465094
   2075, 465168
   2076, 465240
   2077, 465312
   2078, 465393
   2079, 465465
   2080, 465537
   2081, 465618
   2082, 465693
   2083, 465765
   2084, 465855
   2085, 465929
   2086, 466001
   2087, 466096
   2088, 466168
   2089, 466240
   2090, 466335
   2091, 466407
   2092, 466481
   2093, 466553
   2094, 466630
   2095, 466702
   2096, 466774
   2097, 466846
   2098, 466921
   2099, 467001
   2100, 467073
   2101, 467145
   2102, 467217
   2103, 467289
   2104, 467362
   2105, 467445
   2106, 467525
   2107, 467597
   2108, 467669
   2109, 467741
   2110, 467814
   2111, 467890
   2112, 467965
   2113, 468038
   2114, 468113
   2115, 468191
   2116, 468264
   2117, 468336
   2118, 468425
   2119, 468499
   2120, 468581
   2121, 468661
   2122, 468735
   2123, 468814
   2124, 468886
   2125, 468958
   2126, 469036
   2127, 469108
   2128, 469180
   2129, 469270
   2130, 469343
   2131, 469415
   2132, 469487
   2133, 469559
   2134, 469633
   2135, 469708
   2136, 469785
   2137, 469880
   2138, 469966
   2139, 470038
   2140, 470110
   2141, 470187
   2142, 470259
   2143, 470332
   2144, 470404
   2145, 470486
   2146, 470572
   2147, 470652
   2148, 470725
   2149, 470801
   2150, 470873
   2151, 470951
   2152, 471023
   2153, 471095
   2154, 471167
   2155, 471243
   2156, 471320
   2157, 471392
   2158, 471464
   2159, 471536
   2160, 471610
   2161, 471682
   2162, 471764
   2163, 471838
   2164, 471911
   2165, 471983
   2166, 472055
   2167, 472127
   2168, 472199
   2169, 472271
   2170, 472355
   2171, 472431
   2172, 472503
   2173, 472586
   2174, 472664
   2175, 472736
   2176, 472809
   2177, 472881
   2178, 472953
   2179, 473025
   2180, 473097
   2181, 473169
   2182, 473241
   2183, 473324
   2184, 473404
   2185, 473481
   2186, 473560
   2187, 473632
   2188, 473704
   2189, 473786
   2190, 473865
   2191, 473963
   2192, 474046
   2193, 474126
   2194, 474198
   2195, 474270
   2196, 474345
   2197, 474417
   2198, 474489
   2199, 474576
   2200, 474648
   2201, 474720
   2202, 474803
   2203, 474875
   2204, 474947
   2205, 475026
   2206, 475103
   2207, 475175
   2208, 475251
   2209, 475323
   2210, 475395
   2211, 475473
   2212, 475545
   2213, 475617
   2214, 475689
   2215, 475761
   2216, 475837
   2217, 475910
   2218, 475997
   2219, 476069
   2220, 476141
   2221, 476218
   2222, 476314
   2223, 476409
   2224, 476485
   2225, 476577
   2226, 476649
   2227, 476721
   2228, 476793
   2229, 476889
   2230, 476961
   2231, 477033
   2232, 477119
   2233, 477191
   2234, 477263
   2235, 477335
   2236, 477407
   2237, 477479
   2238, 477554
   2239, 477641
   2240, 477755
   2241, 477832
   2242, 477913
   2243, 477985
   2244, 478070
   2245, 478142
   2246, 478215
   2247, 478291
   2248, 478364
   2249, 478436
   2250, 478516
   2251, 478589
   2252, 478669
   2253, 478745
   2254, 478817
   2255, 478889
   2256, 478961
   2257, 479033
   2258, 479107
   2259, 479179
   2260, 479251
   2261, 479327
   2262, 479399
   2263, 479482
   2264, 479554
   2265, 479626
   2266, 479698
   2267, 479789
   2268, 479866
   2269, 479939
   2270, 480011
   2271, 480083
   2272, 480155
   2273, 480227
   2274, 480302
   2275, 480383
   2276, 480460
   2277, 480537
   2278, 480621
   2279, 480695
   2280, 480771
   2281, 480852
   2282, 480933
   2283, 481005
   2284, 481084
   2285, 481163
   2286, 481239
   2287, 481311
   2288, 481385
   2289, 481457
   2290, 481529
   2291, 481601
   2292, 481678
   2293, 481750
   2294, 481826
   2295, 481899
   2296, 481971
   2297, 482045
   2298, 482120
   2299, 482192
   2300, 482264
   2301, 482345
   2302, 482433
   2303, 482507
   2304, 482580
   2305, 482655
   2306, 482727
   2307, 482801
   2308, 482877
   2309, 482949
   2310, 483035
   2311, 483107
   2312, 483189
   2313, 483261
   2314, 483333
   2315, 483406
   2316, 483478
   2317, 483550
   2318, 483622
   2319, 483694
   2320, 483780
   2321, 483852
   2322, 483928
   2323, 484000
   2324, 484072
   2325, 484144
   2326, 484220
   2327, 484294
   2328, 484367
   2329, 484442
   2330, 484545
   2331, 484618
   2332, 484690
   2333, 484762
   2334, 484835
   2335, 484907
   2336, 484979
   2337, 485051
   2338, 485129
   2339, 485201
   2340, 485273
   2341, 485345
   2342, 485440
   2343, 485512
   2344, 485584
   2345, 485685
   2346, 485769
   2347, 485848
   2348, 485920
   2349, 485992
   2350, 486064
   2351, 486136
   2352, 486208
   2353, 486280
   2354, 486352
   2355, 486424
   2356, 486502
   2357, 486574
   2358, 486647
   2359, 486725
   2360, 486807
   2361, 486879
   2362, 486952
   2363, 487024
   2364, 487099
   2365, 487172
   2366, 487253
   2367, 487325
   2368, 487397
   2369, 487469
   2370, 487541
   2371, 487613
   2372, 487685
   2373, 487759
   2374, 487837
   2375, 487911
   2376, 487983
   2377, 488055
   2378, 488127
   2379, 488200
   2380, 488272
   2381, 488344
   2382, 488424
   2383, 488518
   2384, 488590
   2385, 488663
   2386, 488735
   2387, 488807
   2388, 488879
   2389, 488951
   2390, 489029
   2391, 489101
   2392, 489173
   2393, 489247
   2394, 489322
   2395, 489394
   2396, 489466
   2397, 489538
   2398, 489610
   2399, 489683
   2400, 489755
   2401, 489827
   2402, 489910
   2403, 489982
   2404, 490054
   2405, 490126
   2406, 490198
   2407, 490270
   2408, 490342
   2409, 490414
   2410, 490486
   2411, 490558
   2412, 490635
   2413, 490708
   2414, 490780
   2415, 490852
   2416, 490924
   2417, 491003
   2418, 491077
   2419, 491149
   2420, 491224
   2421, 491296
   2422, 491368
   2423, 491440
   2424, 491518
   2425, 491603
   2426, 491675
   2427, 491747
   2428, 491819
   2429, 491891
   2430, 491965
   2431, 492039
   2432, 492113
   2433, 492185
   2434, 492273
   2435, 492345
   2436, 492417
   2437, 492509
   2438, 492581
   2439, 492653
   2440, 492725
   2441, 492797
   2442, 492869
   2443, 492942
   2444, 493014
   2445, 493086
   2446, 493172
   2447, 493246
   2448, 493318
   2449, 493397
   2450, 493472
   2451, 493544
   2452, 493620
   2453, 493695
   2454, 493767
   2455, 493854
   2456, 493943
   2457, 494015
   2458, 494097
   2459, 494169
   2460, 494241
   2461, 494319
   2462, 494392
   2463, 494464
   2464, 494536
   2465, 494626
   2466, 494699
   2467, 494771
   2468, 494843
   2469, 494916
   2470, 495004
   2471, 495076
   2472, 495148
   2473, 495221
   2474, 495293
   2475, 495369
   2476, 495441
   2477, 495513
   2478, 495598
   2479, 495672
   2480, 495747
   2481, 495819
   2482, 495891
   2483, 495963
   2484, 496035
   2485, 496109
   2486, 496213
   2487, 496287
   2488, 496359
   2489, 496431
   2490, 496504
   2491, 496576
   2492, 496652
   2493, 496724
   2494, 496796
   2495, 496869
   2496, 496950
   2497, 497026
   2498, 497098
   2499, 497174
   2500, 497246
   2501, 497319
   2502, 497403
   2503, 497476
   2504, 497550
   2505, 497641
   2506, 497714
   2507, 497786
   2508, 497869
   2509, 497954
   2510, 498026
   2511, 498104
   2512, 498184
   2513, 498257
   2514, 498343
   2515, 498417
   2516, 498489
   2517, 498567
   2518, 498639
   2519, 498712
   2520, 498784
   2521, 498873
   2522, 498945
   2523, 499017
   2524, 499106
   2525, 499178
   2526, 499251
   2527, 499323
   2528, 499395
   2529, 499469
   2530, 499545
   2531, 499617
   2532, 499689
   2533, 499775
   2534, 499857
   2535, 499929
   2536, 500001
   2537, 500079
   2538, 500151
   2539, 500225
   2540, 500312
   2541, 500388
   2542, 500462
   2543, 500535
   2544, 500614
   2545, 500686
   2546, 500758
   2547, 500836
   2548, 500908
   2549, 500992
   2550, 501064
   2551, 501136
   2552, 501208
   2553, 501281
   2554, 501357
   2555, 501429
   2556, 501502
   2557, 501574
   2558, 501646
   2559, 501718
   2560, 501790
   2561, 501862
   2562, 501938
   2563, 502011
   2564, 502101
   2565, 502173
   2566, 502246
   2567, 502318
   2568, 502391
   2569, 502463
   2570, 502535
   2571, 502623
   2572, 502696
   2573, 502768
   2574, 502840
   2575, 502912
   2576, 502985
   2577, 503061
   2578, 503134
   2579, 503206
   2580, 503283
   2581, 503374
   2582, 503446
   2583, 503522
   2584, 503594
   2585, 503668
   2586, 503740
   2587, 503840
   2588, 503912
   2589, 503992
   2590, 504064
   2591, 504136
   2592, 504208
   2593, 504280
   2594, 504352
   2595, 504424
   2596, 504496
   2597, 504568
   2598, 504641
   2599, 504741
   2600, 504813
   2601, 504885
   2602, 504957
   2603, 505029
   2604, 505101
   2605, 505180
   2606, 505252
   2607, 505326
   2608, 505401
   2609, 505473
   2610, 505545
   2611, 505617
   2612, 505701
   2613, 505773
   2614, 505845
   2615, 505934
   2616, 506007
   2617, 506079
   2618, 506158
   2619, 506230
   2620, 506302
   2621, 506385
   2622, 506457
   2623, 506529
   2624, 506602
   2625, 506674
   2626, 506746
   2627, 506818
   2628, 506894
   2629, 506967
   2630, 507039
   2631, 507112
   2632, 507184
   2633, 507263
   2634, 507335
   2635, 507413
   2636, 507485
   2637, 507576
   2638, 507651
   2639, 507723
   2640, 507808
   2641, 507880
   2642, 507952
   2643, 508024
   2644, 508096
   2645, 508168
   2646, 508240
   2647, 508312
   2648, 508384
   2649, 508456
   2650, 508528
   2651, 508604
   2652, 508676
   2653, 508749
   2654, 508821
   2655, 508893
   2656, 508965
   2657, 509037
   2658, 509110
   2659, 509188
   2660, 509261
   2661, 509333
   2662, 509423
   2663, 509496
   2664, 509571
   2665, 509644
   2666, 509716
   2667, 509788
   2668, 509860
   2669, 509932
   2670, 510004
   2671, 510082
   2672, 510154
   2673, 510226
   2674, 510298
   2675, 510376
   2676, 510454
   2677, 510526
   2678, 510604
   2679, 510679
   2680, 510752
   2681, 510826
   2682, 510898
   2683, 510970
   2684, 511052
   2685, 511125
   2686, 511197
   2687, 511285
   2688, 511359
   2689, 511431
   2690, 511526
   2691, 511598
   2692, 511670
   2693, 511742
   2694, 511814
   2695, 511887
   2696, 511966
   2697, 512038
   2698, 512111
   2699, 512186
   2700, 512260
   2701, 512336
   2702, 512410
   2703, 512482
   2704, 512554
   2705, 512654
   2706, 512731
   2707, 512803
   2708, 512886
   2709, 512961
   2710, 513033
   2711, 513111
   2712, 513189
   2713, 513261
   2714, 513343
   2715, 513417
   2716, 513489
   2717, 513561
   2718, 513633
   2719, 513706
   2720, 513778
   2721, 513860
   2722, 513932
   2723, 514004
   2724, 514076
   2725, 514148
   2726, 514220
   2727, 514298
   2728, 514372
   2729, 514444
   2730, 514520
   2731, 514592
   2732, 514664
   2733, 514760
   2734, 514835
   2735, 514908
   2736, 514986
   2737, 515061
   2738, 515149
   2739, 515221
   2740, 515294
   2741, 515384
   2742, 515456
   2743, 515531
   2744, 515619
   2745, 515691
   2746, 515763
   2747, 515838
   2748, 515921
   2749, 516009
   2750, 516081
   2751, 516154
   2752, 516226
   2753, 516301
   2754, 516376
   2755, 516453
   2756, 516525
   2757, 516597
   2758, 516669
   2759, 516741
   2760, 516813
   2761, 516897
   2762, 516974
   2763, 517046
   2764, 517125
   2765, 517201
   2766, 517273
   2767, 517353
   2768, 517427
   2769, 517501
   2770, 517579
   2771, 517652
   2772, 517724
   2773, 517818
   2774, 517892
   2775, 517964
   2776, 518049
   2777, 518121
   2778, 518196
   2779, 518268
   2780, 518356
   2781, 518430
   2782, 518510
   2783, 518582
   2784, 518655
   2785, 518727
   2786, 518802
   2787, 518877
   2788, 518976
   2789, 519049
   2790, 519121
   2791, 519203
   2792, 519277
   2793, 519350
   2794, 519431
   2795, 519511
   2796, 519584
   2797, 519662
   2798, 519735
   2799, 519808
   2800, 519884
   2801, 519956
   2802, 520029
   2803, 520101
   2804, 520184
   2805, 520256
   2806, 520332
   2807, 520406
   2808, 520478
   2809, 520551
   2810, 520623
   2811, 520695
   2812, 520772
   2813, 520844
   2814, 520916
   2815, 520988
   2816, 521060
   2817, 521142
   2818, 521216
   2819, 521288
   2820, 521370
   2821, 521444
   2822, 521516
   2823, 521592
   2824, 521666
   2825, 521738
   2826, 521815
   2827, 521887
   2828, 521960
   2829, 522035
   2830, 522107
   2831, 522182
   2832, 522254
   2833, 522333
   2834, 522406
   2835, 522494
   2836, 522566
   2837, 522638
   2838, 522714
   2839, 522788
   2840, 522860
   2841, 522932
   2842, 523028
   2843, 523100
   2844, 523172
   2845, 523254
   2846, 523326
   2847, 523398
   2848, 523493
   2849, 523567
   2850, 523639
   2851, 523727
   2852, 523799
   2853, 523871
   2854, 523952
   2855, 524026
   2856, 524098
   2857, 524191
   2858, 524267
   2859, 524339
   2860, 524412
   2861, 524484
   2862, 524556
   2863, 524636
   2864, 524724
   2865, 524800
   2866, 524878
   2867, 524953
   2868, 525025
   2869, 525097
   2870, 525171
   2871, 525244
   2872, 525319
   2873, 525394
   2874, 525466
   2875, 525540
   2876, 525612
   2877, 525684
   2878, 525757
   2879, 525830
   2880, 525906
   2881, 525978
   2882, 526052
   2883, 526125
   2884, 526199
   2885, 526273
   2886, 526353
   2887, 526425
   2888, 526499
   2889, 526571
   2890, 526646
   2891, 526718
   2892, 526790
   2893, 526866
   2894, 526938
   2895, 527010
   2896, 527095
   2897, 527167
   2898, 527241
   2899, 527313
   2900, 527387
   2901, 527463
   2902, 527535
   2903, 527616
   2904, 527690
   2905, 527772
   2906, 527849
   2907, 527922
   2908, 528000
   2909, 528072
   2910, 528145
   2911, 528217
   2912, 528290
   2913, 528365
   2914, 528437
   2915, 528528
   2916, 528600
   2917, 528672
   2918, 528744
   2919, 528817
   2920, 528890
   2921, 528971
   2922, 529043
   2923, 529115
   2924, 529187
   2925, 529259
   2926, 529334
   2927, 529409
   2928, 529489
   2929, 529565
   2930, 529639
   2931, 529727
   2932, 529812
   2933, 529884
   2934, 529962
   2935, 530035
   2936, 530107
   2937, 530180
   2938, 530252
   2939, 530328
   2940, 530400
   2941, 530479
   2942, 530551
   2943, 530628
   2944, 530700
   2945, 530773
   2946, 530845
   2947, 530917
   2948, 530989
   2949, 531061
   2950, 531133
   2951, 531205
   2952, 531277
   2953, 531349
   2954, 531434
   2955, 531509
   2956, 531582
   2957, 531655
   2958, 531732
   2959, 531804
   2960, 531877
   2961, 531950
   2962, 532022
   2963, 532094
   2964, 532166
   2965, 532241
   2966, 532315
   2967, 532398
   2968, 532471
   2969, 532543
   2970, 532615
   2971, 532687
   2972, 532759
   2973, 532831
   2974, 532921
   2975, 532993
   2976, 533066
   2977, 533138
   2978, 533221
   2979, 533293
   2980, 533365
   2981, 533437
   2982, 533509
   2983, 533585
   2984, 533657
   2985, 533730
   2986, 533802
   2987, 533885
   2988, 533959
   2989, 534031
   2990, 534103
   2991, 534175
   2992, 534247
   2993, 534319
   2994, 534409
   2995, 534481
   2996, 534553
   2997, 534643
   2998, 534715
   2999, 534794
   3000, 534887
   3001, 534961
   3002, 535033
   3003, 535128
   3004, 535201
   3005, 535277
   3006, 535349
   3007, 535421
   3008, 535497
   3009, 535571
   3010, 535643
   3011, 535715
   3012, 535787
   3013, 535859
   3014, 535932
   3015, 536005
   3016, 536090
   3017, 536165
   3018, 536237
   3019, 536314
   3020, 536386
   3021, 536460
   3022, 536532
   3023, 536605
   3024, 536682
   3025, 536754
   3026, 536838
   3027, 536910
   3028, 536986
   3029, 537058
   3030, 537137
   3031, 537209
   3032, 537292
   3033, 537364
   3034, 537437
   3035, 537509
   3036, 537588
   3037, 537660
   3038, 537739
   3039, 537812
   3040, 537884
   3041, 537960
   3042, 538032
   3043, 538104
   3044, 538176
   3045, 538248
   3046, 538329
   3047, 538402
   3048, 538474
   3049, 538547
   3050, 538619
   3051, 538691
   3052, 538766
   3053, 538838
   3054, 538913
   3055, 538999
   3056, 539086
   3057, 539158
   3058, 539235
   3059, 539310
   3060, 539382
   3061, 539465
   3062, 539538
   3063, 539612
   3064, 539686
   3065, 539758
   3066, 539832
   3067, 539904
   3068, 539979
   3069, 540052
   3070, 540126
   3071, 540198
   3072, 540287
   3073, 540359
   3074, 540431
   3075, 540528
   3076, 540605
   3077, 540677
   3078, 540759
   3079, 540832
   3080, 540904
   3081, 540988
   3082, 541060
   3083, 541132
   3084, 541224
   3085, 541296
   3086, 541368
   3087, 541440
   3088, 541512
   3089, 541588
   3090, 541669
   3091, 541761
   3092, 541833
   3093, 541916
   3094, 541990
   3095, 542062
   3096, 542134
   3097, 542207
   3098, 542279
   3099, 542352
   3100, 542424
   3101, 542507
   3102, 542579
   3103, 542657
   3104, 542736
   3105, 542812
   3106, 542885
   3107, 542957
   3108, 543029
   3109, 543104
   3110, 543177
   3111, 543251
   3112, 543323
   3113, 543400
   3114, 543472
   3115, 543545
   3116, 543617
   3117, 543693
   3118, 543765
   3119, 543849
   3120, 543927
   3121, 544002
   3122, 544089
   3123, 544162
   3124, 544235
   3125, 544307
   3126, 544397
   3127, 544469
   3128, 544545
   3129, 544617
   3130, 544689
   3131, 544761
   3132, 544838
   3133, 544923
   3134, 544996
   3135, 545078
   3136, 545153
   3137, 545225
   3138, 545297
   3139, 545369
   3140, 545447
   3141, 545519
   3142, 545601
   3143, 545675
   3144, 545747
   3145, 545836
   3146, 545914
   3147, 545986
   3148, 546082
   3149, 546154
   3150, 546226
   3151, 546298
   3152, 546370
   3153, 546442
   3154, 546514
   3155, 546589
   3156, 546662
   3157, 546736
   3158, 546808
   3159, 546881
   3160, 546953
   3161, 547030
   3162, 547109
   3163, 547181
   3164, 547266
   3165, 547342
   3166, 547414
   3167, 547486
   3168, 547559
   3169, 547631
   3170, 547706
   3171, 547786
   3172, 547858
   3173, 547930
   3174, 548003
   3175, 548075
   3176, 548148
   3177, 548235
   3178, 548307
   3179, 548379
   3180, 548463
   3181, 548535
   3182, 548619
   3183, 548704
   3184, 548776
   3185, 548848
   3186, 548920
   3187, 548992
   3188, 549064
   3189, 549139
   3190, 549214
   3191, 549292
   3192, 549364
   3193, 549436
   3194, 549508
   3195, 549580
   3196, 549658
   3197, 549734
   3198, 549806
   3199, 549878
   3200, 549965
   3201, 550040
   3202, 550112
   3203, 550186
   3204, 550258
   3205, 550331
   3206, 550417
   3207, 550491
   3208, 550564
   3209, 550636
   3210, 550714
   3211, 550786
   3212, 550861
   3213, 550933
   3214, 551011
   3215, 551085
   3216, 551167
   3217, 551247
   3218, 551319
   3219, 551406
   3220, 551480
   3221, 551553
   3222, 551631
   3223, 551704
   3224, 551780
   3225, 551853
   3226, 551926
   3227, 552003
   3228, 552075
   3229, 552160
   3230, 552232
   3231, 552307
   3232, 552379
   3233, 552453
   3234, 552525
   3235, 552603
   3236, 552675
   3237, 552751
   3238, 552823
   3239, 552908
   3240, 552981
   3241, 553057
   3242, 553129
   3243, 553208
   3244, 553281
   3245, 553358
   3246, 553430
   3247, 553502
   3248, 553575
   3249, 553653
   3250, 553725
   3251, 553797
   3252, 553885
   3253, 553957
   3254, 554029
   3255, 554101
   3256, 554173
   3257, 554245
   3258, 554319
   3259, 554392
   3260, 554464
   3261, 554536
   3262, 554615
   3263, 554687
   3264, 554759
   3265, 554831
   3266, 554918
   3267, 554991
   3268, 555063
   3269, 555135
   3270, 555207
   3271, 555279
   3272, 555369
   3273, 555441
   3274, 555513
   3275, 555585
   3276, 555657
   3277, 555730
   3278, 555810
   3279, 555891
   3280, 555963
   3281, 556035
   3282, 556107
   3283, 556184
   3284, 556257
   3285, 556332
   3286, 556406
   3287, 556478
   3288, 556566
   3289, 556640
   3290, 556712
   3291, 556784
   3292, 556856
   3293, 556928
   3294, 557001
   3295, 557073
   3296, 557146
   3297, 557218
   3298, 557312
   3299, 557384
   3300, 557456
   3301, 557528
   3302, 557600
   3303, 557672
   3304, 557749
   3305, 557822
   3306, 557894
   3307, 557967
   3308, 558043
   3309, 558120
   3310, 558192
   3311, 558271
   3312, 558344
   3313, 558417
   3314, 558489
   3315, 558566
   3316, 558638
   3317, 558715
   3318, 558788
   3319, 558861
   3320, 558936
   3321, 559010
   3322, 559082
   3323, 559154
   3324, 559226
   3325, 559303
   3326, 559375
   3327, 559458
   3328, 559536
   3329, 559608
   3330, 559703
   3331, 559783
   3332, 559855
   3333, 559927
   3334, 559999
   3335, 560077
   3336, 560149
   3337, 560229
   3338, 560301
   3339, 560373
   3340, 560461
   3341, 560533
   3342, 560605
   3343, 560696
   3344, 560768
   3345, 560840
   3346, 560937
   3347, 561009
   3348, 561086
   3349, 561158
   3350, 561235
   3351, 561307
   3352, 561385
   3353, 561458
   3354, 561530
   3355, 561602
   3356, 561691
   3357, 561763
   3358, 561836
   3359, 561908
   3360, 561982
   3361, 562054
   3362, 562129
   3363, 562201
   3364, 562275
   3365, 562351
   3366, 562423
   3367, 562495
   3368, 562568
   3369, 562640
   3370, 562718
   3371, 562790
   3372, 562880
   3373, 562952
   3374, 563029
   3375, 563120
   3376, 563192
   3377, 563264
   3378, 563336
   3379, 563419
   3380, 563502
   3381, 563575
   3382, 563648
   3383, 563720
   3384, 563792
   3385, 563870
   3386, 563942
   3387, 564014
   3388, 564086
   3389, 564158
   3390, 564230
   3391, 564317
   3392, 564389
   3393, 564463
   3394, 564544
   3395, 564620
   3396, 564692
   3397, 564775
   3398, 564854
   3399, 564926
   3400, 564998
   3401, 565070
   3402, 565148
   3403, 565220
   3404, 565303
   3405, 565375
   3406, 565447
   3407, 565519
   3408, 565595
   3409, 565667
   3410, 565766
   3411, 565838
   3412, 565910
   3413, 565982
   3414, 566066
   3415, 566138
   3416, 566210
   3417, 566282
   3418, 566357
   3419, 566429
   3420, 566512
   3421, 566587
   3422, 566659
   3423, 566737
   3424, 566809
   3425, 566881
   3426, 566953
   3427, 567040
   3428, 567115
   3429, 567187
   3430, 567271
   3431, 567343
   3432, 567423
   3433, 567495
   3434, 567571
   3435, 567647
   3436, 567720
   3437, 567793
   3438, 567865
   3439, 567937
   3440, 568009
   3441, 568082
   3442, 568156
   3443, 568247
   3444, 568319
   3445, 568391
   3446, 568465
   3447, 568541
   3448, 568615
   3449, 568688
   3450, 568760
   3451, 568832
   3452, 568907
   3453, 568979
   3454, 569053
   3455, 569126
   3456, 569198
   3457, 569271
   3458, 569343
   3459, 569415
   3460, 569508
   3461, 569580
   3462, 569655
   3463, 569727
   3464, 569801
   3465, 569873
   3466, 569973
   3467, 570065
   3468, 570139
   3469, 570231
   3470, 570307
   3471, 570384
   3472, 570457
   3473, 570529
   3474, 570601
   3475, 570681
   3476, 570775
   3477, 570848
   3478, 570927
   3479, 571019
   3480, 571092
   3481, 571166
   3482, 571240
   3483, 571312
   3484, 571387
   3485, 571459
   3486, 571531
   3487, 571603
   3488, 571681
   3489, 571753
   3490, 571825
   3491, 571897
   3492, 571969
   3493, 572041
   3494, 572113
   3495, 572191
   3496, 572263
   3497, 572335
   3498, 572407
   3499, 572479
   3500, 572551
   3501, 572623
   3502, 572700
   3503, 572772
   3504, 572844
   3505, 572917
   3506, 573002
   3507, 573078
   3508, 573150
   3509, 573228
   3510, 573300
   3511, 573379
   3512, 573451
   3513, 573523
   3514, 573595
   3515, 573667
   3516, 573739
   3517, 573811
   3518, 573883
   3519, 573967
   3520, 574039
   3521, 574119
   3522, 574192
   3523, 574266
   3524, 574338
   3525, 574415
   3526, 574488
   3527, 574561
   3528, 574640
   3529, 574712
   3530, 574786
   3531, 574860
   3532, 574944
   3533, 575016
   3534, 575088
   3535, 575161
   3536, 575237
   3537, 575309
   3538, 575381
   3539, 575465
   3540, 575538
   3541, 575615
   3542, 575688
   3543, 575760
   3544, 575832
   3545, 575909
   3546, 575982
   3547, 576055
   3548, 576127
   3549, 576209
   3550, 576282
   3551, 576354
   3552, 576426
   3553, 576499
   3554, 576571
   3555, 576644
   3556, 576731
   3557, 576809
   3558, 576881
   3559, 576953
   3560, 577025
   3561, 577098
   3562, 577187
   3563, 577259
   3564, 577331
   3565, 577404
   3566, 577476
   3567, 577548
   3568, 577621
   3569, 577693
   3570, 577765
   3571, 577837
   3572, 577911
   3573, 577986
   3574, 578059
   3575, 578136
   3576, 578208
   3577, 578280
   3578, 578358
   3579, 578431
   3580, 578503
   3581, 578575
   3582, 578647
   3583, 578719
   3584, 578791
   3585, 578863
   3586, 578935
   3587, 579007
   3588, 579079
   3589, 579156
   3590, 579228
   3591, 579300
   3592, 579376
   3593, 579451
   3594, 579523
   3595, 579597
   3596, 579669
   3597, 579743
   3598, 579815
   3599, 579887
   3600, 579960
   3601, 580032
   3602, 580104
   3603, 580176
   3604, 580249
   3605, 580321
   3606, 580394
   3607, 580470
   3608, 580543
   3609, 580615
   3610, 580705
   3611, 580777
   3612, 580854
   3613, 580926
   3614, 580998
   3615, 581070
   3616, 581145
   3617, 581218
   3618, 581293
   3619, 581374
   3620, 581449
   3621, 581522
   3622, 581598
   3623, 581673
   3624, 581749
   3625, 581821
   3626, 581899
   3627, 581971
   3628, 582046
   3629, 582120
   3630, 582197
   3631, 582269
   3632, 582342
   3633, 582437
   3634, 582509
   3635, 582581
   3636, 582653
   3637, 582725
   3638, 582802
   3639, 582875
   3640, 582954
   3641, 583030
   3642, 583104
   3643, 583179
   3644, 583251
   3645, 583325
   3646, 583397
   3647, 583470
   3648, 583542
   3649, 583614
   3650, 583686
   3651, 583758
   3652, 583831
   3653, 583903
   3654, 583975
   3655, 584048
   3656, 584124
   3657, 584207
   3658, 584279
   3659, 584351
   3660, 584431
   3661, 584503
   3662, 584578
   3663, 584676
   3664, 584748
   3665, 584826
   3666, 584898
   3667, 584970
   3668, 585043
   3669, 585132
   3670, 585204
   3671, 585277
   3672, 585349
   3673, 585439
   3674, 585511
   3675, 585584
   3676, 585656
   3677, 585730
   3678, 585802
   3679, 585875
   3680, 585947
   3681, 586019
   3682, 586091
   3683, 586163
   3684, 586236
   3685, 586311
   3686, 586405
   3687, 586480
   3688, 586552
   3689, 586637
   3690, 586709
   3691, 586781
   3692, 586853
   3693, 586933
   3694, 587010
   3695, 587082
   3696, 587154
   3697, 587226
   3698, 587299
   3699, 587371
   3700, 587444
   3701, 587518
   3702, 587592
   3703, 587665
   3704, 587737
   3705, 587809
   3706, 587899
   3707, 587981
   3708, 588054
   3709, 588127
   3710, 588199
   3711, 588276
   3712, 588348
   3713, 588426
   3714, 588498
   3715, 588581
   3716, 588653
   3717, 588725
   3718, 588798
   3719, 588873
   3720, 588946
   3721, 589018
   3722, 589090
   3723, 589163
   3724, 589235
   3725, 589320
   3726, 589404
   3727, 589476
   3728, 589555
   3729, 589627
   3730, 589699
   3731, 589778
   3732, 589850
   3733, 589925
   3734, 589997
   3735, 590069
   3736, 590141
   3737, 590213
   3738, 590285
   3739, 590363
   3740, 590435
   3741, 590515
   3742, 590605
   3743, 590677
   3744, 590752
   3745, 590824
   3746, 590896
   3747, 590969
   3748, 591058
   3749, 591144
   3750, 591216
   3751, 591291
   3752, 591363
   3753, 591435
   3754, 591508
   3755, 591580
   3756, 591652
   3757, 591724
   3758, 591804
   3759, 591876
   3760, 591948
   3761, 592020
   3762, 592108
   3763, 592180
   3764, 592254
   3765, 592326
   3766, 592398
   3767, 592470
   3768, 592547
   3769, 592620
   3770, 592699
   3771, 592776
   3772, 592848
   3773, 592927
   3774, 593003
   3775, 593087
   3776, 593159
   3777, 593231
   3778, 593303
   3779, 593381
   3780, 593456
   3781, 593537
   3782, 593609
   3783, 593681
   3784, 593771
   3785, 593843
   3786, 593915
   3787, 593987
   3788, 594077
   3789, 594149
   3790, 594234
   3791, 594306
   3792, 594383
   3793, 594473
   3794, 594545
   3795, 594617
   3796, 594689
   3797, 594764
   3798, 594836
   3799, 594908
   3800, 594982
   3801, 595054
   3802, 595126
   3803, 595198
   3804, 595270
   3805, 595342
   3806, 595415
   3807, 595487
   3808, 595567
   3809, 595642
   3810, 595720
   3811, 595792
   3812, 595864
   3813, 595936
   3814, 596008
   3815, 596080
   3816, 596154
   3817, 596231
   3818, 596310
   3819, 596382
   3820, 596454
   3821, 596538
   3822, 596610
   3823, 596686
   3824, 596776
   3825, 596868
   3826, 596940
   3827, 597012
   3828, 597095
   3829, 597167
   3830, 597261
   3831, 597334
   3832, 597406
   3833, 597492
   3834, 597575
   3835, 597647
   3836, 597719
   3837, 597791
   3838, 597887
   3839, 597959
   3840, 598031
   3841, 598103
   3842, 598180
   3843, 598252
   3844, 598324
   3845, 598398
   3846, 598470
   3847, 598546
   3848, 598618
   3849, 598690
   3850, 598763
   3851, 598836
   3852, 598908
   3853, 598986
   3854, 599058
   3855, 599130
   3856, 599202
   3857, 599279
   3858, 599351
   3859, 599424
   3860, 599496
   3861, 599568
   3862, 599644
   3863, 599716
   3864, 599788
   3865, 599860
   3866, 599946
   3867, 600018
   3868, 600095
   3869, 600167
   3870, 600239
   3871, 600312
   3872, 600384
   3873, 600460
   3874, 600532
   3875, 600605
   3876, 600677
   3877, 600749
   3878, 600821
   3879, 600893
   3880, 600965
   3881, 601037
   3882, 601109
   3883, 601187
   3884, 601259
   3885, 601331
   3886, 601403
   3887, 601476
   3888, 601548
   3889, 601631
   3890, 601710
   3891, 601783
   3892, 601859
   3893, 601943
   3894, 602015
   3895, 602090
   3896, 602163
   3897, 602235
   3898, 602313
   3899, 602385
   3900, 602459
   3901, 602531
   3902, 602603
   3903, 602675
   3904, 602753
   3905, 602825
   3906, 602914
   3907, 602986
   3908, 603059
   3909, 603131
   3910, 603207
   3911, 603279
   3912, 603353
   3913, 603425
   3914, 603497
   3915, 603574
   3916, 603646
   3917, 603718
   3918, 603796
   3919, 603868
   3920, 603940
   3921, 604012
   3922, 604084
   3923, 604157
   3924, 604229
   3925, 604301
   3926, 604373
   3927, 604445
   3928, 604522
   3929, 604594
   3930, 604666
   3931, 604738
   3932, 604822
   3933, 604894
   3934, 604966
   3935, 605055
   3936, 605134
   3937, 605206
   3938, 605278
   3939, 605356
   3940, 605428
   3941, 605501
   3942, 605573
   3943, 605645
   3944, 605717
   3945, 605795
   3946, 605870
   3947, 605943
   3948, 606016
   3949, 606093
   3950, 606167
   3951, 606239
   3952, 606323
   3953, 606395
   3954, 606467
   3955, 606539
   3956, 606611
   3957, 606683
   3958, 606759
   3959, 606831
   3960, 606905
   3961, 606977
   3962, 607049
   3963, 607121
   3964, 607193
   3965, 607275
   3966, 607347
   3967, 607419
   3968, 607492
   3969, 607564
   3970, 607636
   3971, 607708
   3972, 607781
   3973, 607853
   3974, 607925
   3975, 607997
   3976, 608069
   3977, 608145
   3978, 608217
   3979, 608289
   3980, 608368
   3981, 608452
   3982, 608531
   3983, 608603
   3984, 608675
   3985, 608751
   3986, 608823
   3987, 608895
   3988, 608967
   3989, 609046
   3990, 609129
   3991, 609201
   3992, 609273
   3993, 609345
   3994, 609417
   3995, 609504
   3996, 609583
   3997, 609655
   3998, 609730
   3999, 609804
   4000, 609878
   4001, 609953
   4002, 610027
   4003, 610100
   4004, 610172
   4005, 610244
   4006, 610323
   4007, 610395
   4008, 610468
   4009, 610543
   4010, 610621
   4011, 610702
   4012, 610792
   4013, 610867
   4014, 610939
   4015, 611011
   4016, 611090
   4017, 611168
   4018, 611251
   4019, 611323
   4020, 611404
   4021, 611476
   4022, 611551
   4023, 611628
   4024, 611700
   4025, 611789
   4026, 611861
   4027, 611934
   4028, 612009
   4029, 612081
   4030, 612160
   4031, 612233
   4032, 612310
   4033, 612393
   4034, 612465
   4035, 612545
   4036, 612621
   4037, 612693
   4038, 612776
   4039, 612850
   4040, 612922
   4041, 613005
   4042, 613077
   4043, 613150
   4044, 613222
   4045, 613312
   4046, 613384
   4047, 613456
   4048, 613528
   4049, 613601
   4050, 613673
   4051, 613747
   4052, 613820
   4053, 613892
   4054, 613967
   4055, 614044
   4056, 614116
   4057, 614188
   4058, 614273
   4059, 614349
   4060, 614421
   4061, 614504
   4062, 614576
   4063, 614648
   4064, 614738
   4065, 614810
   4066, 614893
   4067, 614989
   4068, 615064
   4069, 615136
   4070, 615234
   4071, 615310
   4072, 615383
   4073, 615471
   4074, 615543
   4075, 615615
   4076, 615687
   4077, 615764
   4078, 615837
   4079, 615920
   4080, 615999
   4081, 616071
   4082, 616153
   4083, 616231
   4084, 616308
   4085, 616383
   4086, 616456
   4087, 616528
   4088, 616603
   4089, 616675
   4090, 616747
   4091, 616834
   4092, 616910
   4093, 616982
   4094, 617069
   4095, 617141
   4096, 617216
   4097, 617294
   4098, 617374
   4099, 617446
   4100, 617525
   4101, 617599
   4102, 617685
   4103, 617760
   4104, 617832
   4105, 617911
   4106, 617992
   4107, 618064
   4108, 618148
   4109, 618231
   4110, 618303
   4111, 618378
   4112, 618450
   4113, 618524
   4114, 618620
   4115, 618699
   4116, 618796
   4117, 618868
   4118, 618940
   4119, 619024
   4120, 619097
   4121, 619178
   4122, 619250
   4123, 619322
   4124, 619394
   4125, 619467
   4126, 619539
   4127, 619612
   4128, 619684
   4129, 619762
   4130, 619834
   4131, 619906
   4132, 619978
   4133, 620053
   4134, 620126
   4135, 620210
   4136, 620282
   4137, 620355
   4138, 620433
   4139, 620505
   4140, 620578
   4141, 620650
   4142, 620733
   4143, 620806
   4144, 620878
   4145, 620967
   4146, 621044
   4147, 621116
   4148, 621208
   4149, 621280
   4150, 621352
   4151, 621442
   4152, 621514
   4153, 621586
   4154, 621658
   4155, 621730
   4156, 621802
   4157, 621879
   4158, 621952
   4159, 622024
   4160, 622096
   4161, 622168
   4162, 622240
   4163, 622312
   4164, 622384
   4165, 622456
   4166, 622533
   4167, 622605
   4168, 622696
   4169, 622768
   4170, 622842
   4171, 622915
   4172, 622987
   4173, 623061
   4174, 623133
   4175, 623206
   4176, 623278
   4177, 623356
   4178, 623428
   4179, 623500
   4180, 623572
   4181, 623661
   4182, 623733
   4183, 623805
   4184, 623877
   4185, 623955
   4186, 624027
   4187, 624100
   4188, 624172
   4189, 624247
   4190, 624319
   4191, 624391
   4192, 624466
   4193, 624538
   4194, 624615
   4195, 624687
   4196, 624760
   4197, 624832
   4198, 624916
   4199, 624988
   4200, 625062
   4201, 625155
   4202, 625228
   4203, 625300
   4204, 625372
   4205, 625444
   4206, 625516
   4207, 625600
   4208, 625676
   4209, 625749
   4210, 625834
   4211, 625907
   4212, 625982
   4213, 626054
   4214, 626126
   4215, 626199
   4216, 626271
   4217, 626347
   4218, 626421
   4219, 626493
   4220, 626565
   4221, 626654
   4222, 626726
   4223, 626805
   4224, 626878
   4225, 626950
   4226, 627022
   4227, 627103
   4228, 627177
   4229, 627249
   4230, 627326
   4231, 627398
   4232, 627471
   4233, 627543
   4234, 627631
   4235, 627703
   4236, 627777
   4237, 627849
   4238, 627921
   4239, 627993
   4240, 628065
   4241, 628137
   4242, 628210
   4243, 628287
   4244, 628359
   4245, 628437
   4246, 628509
   4247, 628587
   4248, 628659
   4249, 628732
   4250, 628807
   4251, 628880
   4252, 628952
   4253, 629024
   4254, 629101
   4255, 629175
   4256, 629247
   4257, 629345
   4258, 629420
   4259, 629492
   4260, 629564
   4261, 629636
   4262, 629709
   4263, 629781
   4264, 629871
   4265, 629944
   4266, 630016
   4267, 630088
   4268, 630160
   4269, 630232
   4270, 630304
   4271, 630379
   4272, 630451
   4273, 630523
   4274, 630595
   4275, 630668
   4276, 630740
   4277, 630819
   4278, 630895
   4279, 630967
   4280, 631041
   4281, 631113
   4282, 631185
   4283, 631263
   4284, 631342
   4285, 631418
   4286, 631490
   4287, 631578
   4288, 631653
   4289, 631726
   4290, 631801
   4291, 631873
   4292, 631945
   4293, 632017
   4294, 632103
   4295, 632176
   4296, 632250
   4297, 632322
   4298, 632396
   4299, 632470
   4300, 632558
   4301, 632636
   4302, 632708
   4303, 632783
   4304, 632855
   4305, 632940
   4306, 633012
   4307, 633093
   4308, 633165
   4309, 633237
   4310, 633316
   4311, 633392
   4312, 633465
   4313, 633537
   4314, 633629
   4315, 633703
   4316, 633775
   4317, 633847
   4318, 633921
   4319, 633993
   4320, 634065
   4321, 634138
   4322, 634210
   4323, 634288
   4324, 634366
   4325, 634438
   4326, 634514
   4327, 634586
   4328, 634660
   4329, 634734
   4330, 634809
   4331, 634882
   4332, 634954
   4333, 635026
   4334, 635098
   4335, 635175
   4336, 635248
   4337, 635320
   4338, 635398
   4339, 635470
   4340, 635548
   4341, 635620
   4342, 635693
   4343, 635769
   4344, 635841
   4345, 635914
   4346, 635987
   4347, 636064
   4348, 636136
   4349, 636208
   4350, 636281
   4351, 636353
   4352, 636429
   4353, 636505
   4354, 636577
   4355, 636651
   4356, 636723
   4357, 636796
   4358, 636868
   4359, 636940
   4360, 637012
   4361, 637090
   4362, 637162
   4363, 637234
   4364, 637310
   4365, 637382
   4366, 637454
   4367, 637527
   4368, 637599
   4369, 637671
   4370, 637744
   4371, 637816
   4372, 637904
   4373, 637976
   4374, 638049
   4375, 638121
   4376, 638193
   4377, 638265
   4378, 638341
   4379, 638413
   4380, 638488
   4381, 638564
   4382, 638637
   4383, 638709
   4384, 638786
   4385, 638858
   4386, 638930
   4387, 639002
   4388, 639074
   4389, 639146
   4390, 639218
   4391, 639290
   4392, 639362
   4393, 639434
   4394, 639506
   4395, 639578
   4396, 639651
   4397, 639723
   4398, 639795
   4399, 639877
   4400, 639951
   4401, 640024
   4402, 640096
   4403, 640168
   4404, 640240
   4405, 640312
   4406, 640384
   4407, 640456
   4408, 640533
   4409, 640610
   4410, 640682
   4411, 640754
   4412, 640832
   4413, 640909
   4414, 640982
   4415, 641055
   4416, 641127
   4417, 641199
   4418, 641271
   4419, 641350
   4420, 641423
   4421, 641498
   4422, 641570
   4423, 641642
   4424, 641716
   4425, 641788
   4426, 641860
   4427, 641937
   4428, 642009
   4429, 642081
   4430, 642153
   4431, 642226
   4432, 642302
   4433, 642380
   4434, 642454
   4435, 642526
   4436, 642605
   4437, 642678
   4438, 642752
   4439, 642824
   4440, 642909
   4441, 642981
   4442, 643053
   4443, 643125
   4444, 643198
   4445, 643275
   4446, 643347
   4447, 643431
   4448, 643503
   4449, 643581
   4450, 643653
   4451, 643726
   4452, 643798
   4453, 643870
   4454, 643948
   4455, 644020
   4456, 644101
   4457, 644173
   4458, 644246
   4459, 644319
   4460, 644391
   4461, 644463
   4462, 644537
   4463, 644609
   4464, 644698
   4465, 644770
   4466, 644847
   4467, 644919
   4468, 644991
   4469, 645063
   4470, 645135
   4471, 645208
   4472, 645284
   4473, 645356
   4474, 645428
   4475, 645501
   4476, 645573
   4477, 645652
   4478, 645728
   4479, 645800
   4480, 645872
   4481, 645944
   4482, 646029
   4483, 646102
   4484, 646184
   4485, 646257
   4486, 646329
   4487, 646401
   4488, 646490
   4489, 646562
   4490, 646641
   4491, 646713
   4492, 646785
   4493, 646857
   4494, 646940
   4495, 647019
   4496, 647092
   4497, 647168
   4498, 647246
   4499, 647319
   4500, 647397
   4501, 647469
   4502, 647546
   4503, 647618
   4504, 647692
   4505, 647764
   4506, 647836
   4507, 647908
   4508, 647980
   4509, 648058
   4510, 648130
   4511, 648207
   4512, 648280
   4513, 648353
   4514, 648429
   4515, 648501
   4516, 648574
   4517, 648647
   4518, 648723
   4519, 648795
   4520, 648867
   4521, 648939
   4522, 649018
   4523, 649091
   4524, 649163
   4525, 649235
   4526, 649312
   4527, 649389
   4528, 649462
   4529, 649534
   4530, 649610
   4531, 649682
   4532, 649754
   4533, 649826
   4534, 649899
   4535, 649976
