      0,   1450
      1,   1831
      2,   2199
      3,   2573
      4,   2920
      5,   3235
      6,   3572
      7,   3932
      8,   4283
      9,   4614
     10,   4949
     11,   5256
     12,   5560
     13,   5864
     14,   6176
     15,   6474
     16,   6759
     17,   7047
     18,   7337
     19,   7617
     20,   7899
     21,   8184
     22,   8476
     23,   8760
     24,   9026
     25,   9273
     26,   9519
     27,   9771
     28,  10040
     29,  10316
     30,  10584
     31,  10886
     32,  11246
     33,  11591
     34,  11938
     35,  12298
     36,  12661
     37,  13013
     38,  13331
     39,  13629
     40,  13930
     41,  14918
     42,  18977
     43,  19288
     44,  21001
     45,  21312
     46,  21651
     47,  22020
     48,  22376
     49,  22703
     50,  23028
     51,  23376
     52,  23731
     53,  24060
     54,  24373
     55,  24695
     56,  25021
     57,  25350
     58,  25708
     59,  26080
     60,  26445
     61,  26790
     62,  27141
     63,  27473
     64,  27812
     65,  28162
     66,  28502
     67,  28803
     68,  29107
     69,  29409
     70,  29713
     71,  30027
     72,  30336
     73,  30633
     74,  30922
     75,  31192
     76,  31464
     77,  31728
     78,  32015
     79,  32337
     80,  32669
     81,  32879
     82,  33058
     83,  33478
     84,  33664
     85,  33840
     86,  34307
     87,  34668
     88,  34870
     89,  35282
     90,  35481
     91,  35654
     92,  36104
     93,  36302
     94,  36769
     95,  36964
     96,  37146
     97,  37593
     98,  37924
     99,  38105
    100,  38286
    101,  38758
    102,  38951
    103,  39137
    104,  39593
    105,  39905
    106,  40098
    107,  40272
    108,  40726
    109,  41045
    110,  41236
    111,  41411
    112,  41840
    113,  42016
    114,  42442
    115,  42638
    116,  42815
    117,  43278
    118,  43472
    119,  43917
    120,  44097
    121,  44518
    122,  44706
    123,  44886
    124,  45353
    125,  45549
    126,  45978
    127,  46168
    128,  46339
    129,  46789
    130,  46968
    131,  47425
    132,  47619
    133,  48237
    134,  48414
    135,  48587
    136,  49012
    137,  49204
    138,  49395
    139,  49847
    140,  50035
    141,  50436
    142,  50620
    143,  50789
    144,  51215
    145,  51413
    146,  51861
    147,  52050
    148,  52230
    149,  52673
    150,  52849
    151,  53288
    152,  53590
    153,  53888
    154,  54090
    155,  54267
    156,  54902
    157,  55762
    158,  57889
    159,  58549
    160,  59969
    161,  60649
    162,  61290
    163,  63705
    164,  63879
    165,  64051
    166,  64780
    167,  66117
    168,  66498
    169,  66898
    170,  67314
    171,  67714
    172,  68106
    173,  68476
    174,  68881
    175,  69281
    176,  69639
    177,  69968
    178,  70284
    179,  70621
    180,  71000
    181,  71409
    182,  71818
    183,  72195
    184,  72561
    185,  72947
    186,  73338
    187,  73731
    188,  74089
    189,  74410
    190,  74744
    191,  75140
    192,  75516
    193,  75909
    194,  76290
    195,  76672
    196,  77026
    197,  77402
    198,  77773
    199,  78158
    200,  78502
    201,  78858
    202,  79262
    203,  79652
    204,  80035
    205,  80376
    206,  80687
    207,  81021
    208,  81392
    209,  81806
    210,  82215
    211,  82587
    212,  82946
    213,  83309
    214,  83665
    215,  84036
    216,  84437
    217,  84838
    218,  85214
    219,  85601
    220,  86012
    221,  86382
    222,  86757
    223,  87134
    224,  87509
    225,  87890
    226,  88300
    227,  88713
    228,  89098
    229,  89432
    230,  89744
    231,  90059
    232,  90400
    233,  90779
    234,  91135
    235,  91457
    236,  91755
    237,  92048
    238,  92346
    239,  92660
    240,  93016
    241,  93396
    242,  93715
    243,  94035
    244,  94377
    245,  94718
    246,  95043
    247,  95382
    248,  95718
    249,  95917
    250,  96338
    251,  96665
    252,  97012
    253,  97342
    254,  97623
    255,  97920
    256,  98228
    257,  98525
    258,  98831
    259,  99146
    260,  99483
    261,  99820
    262, 100130
    263, 101531
    264, 103316
    265, 103682
    266, 104422
    267, 104790
    268, 105137
    269, 105515
    270, 105910
    271, 106302
    272, 106646
    273, 106991
    274, 107378
    275, 107788
    276, 108166
    277, 108549
    278, 108932
    279, 109301
    280, 109680
    281, 110076
    282, 110443
    283, 110799
    284, 111147
    285, 111481
    286, 111845
    287, 112238
    288, 112618
    289, 112959
    290, 113307
    291, 113674
    292, 114061
    293, 114405
    294, 114740
    295, 115083
    296, 115430
    297, 115765
    298, 116122
    299, 116532
    300, 116909
    301, 117280
    302, 117653
    303, 117991
    304, 118364
    305, 118759
    306, 119141
    307, 119486
    308, 119851
    309, 120224
    310, 120604
    311, 121006
    312, 121403
    313, 121771
    314, 122120
    315, 122471
    316, 122811
    317, 123139
    318, 123485
    319, 123884
    320, 124249
    321, 124646
    322, 125032
    323, 125417
    324, 125789
    325, 126117
    326, 126453
    327, 126813
    328, 127168
    329, 127565
    330, 127956
    331, 128311
    332, 128679
    333, 129049
    334, 129449
    335, 129820
    336, 130185
    337, 130541
    338, 130872
    339, 131234
    340, 131633
    341, 132013
    342, 132383
    343, 132723
    344, 133079
    345, 133466
    346, 133836
    347, 134208
    348, 134570
    349, 134905
    350, 135252
    351, 135617
    352, 135978
    353, 136355
    354, 136725
    355, 137059
    356, 137407
    357, 137758
    358, 138102
    359, 138462
    360, 138821
    361, 139176
    362, 139541
    363, 139887
    364, 140249
    365, 140585
    366, 140933
    367, 141290
    368, 141654
    369, 141988
    370, 147207
    371, 147553
    372, 148206
    373, 148533
    374, 148901
    375, 149314
    376, 149702
    377, 150044
    378, 150398
    379, 150792
    380, 151191
    381, 151585
    382, 151944
    383, 152299
    384, 152677
    385, 153056
    386, 153434
    387, 153788
    388, 154091
    389, 154383
    390, 154685
    391, 155007
    392, 155322
    393, 155636
    394, 155943
    395, 156229
    396, 156501
    397, 156775
    398, 157054
    399, 157341
    400, 157618
    401, 157898
    402, 158173
    403, 158435
    404, 158693
    405, 158940
    406, 159203
    407, 159486
    408, 159787
    409, 160123
    410, 160483
    411, 160665
    412, 161077
    413, 161418
    414, 161751
    415, 162077
    416, 162427
    417, 162781
    418, 162967
    419, 163371
    420, 163710
    421, 164070
    422, 164416
    423, 164738
    424, 165063
    425, 165404
    426, 165754
    427, 166101
    428, 166421
    429, 166726
    430, 167031
    431, 167363
    432, 167697
    433, 168041
    434, 168402
    435, 168771
    436, 169113
    437, 169439
    438, 169759
    439, 170092
    440, 170467
    441, 170826
    442, 171159
    443, 171485
    444, 171832
    445, 172202
    446, 172564
    447, 172910
    448, 173259
    449, 173601
    450, 173921
    451, 174235
    452, 174558
    453, 174889
    454, 175188
    455, 175491
    456, 175784
    457, 176072
    458, 176384
    459, 176701
    460, 177017
    461, 177331
    462, 177619
    463, 177890
    464, 178187
    465, 178496
    466, 178834
    467, 179179
    468, 179503
    469, 179812
    470, 180124
    471, 180443
    472, 180782
    473, 181143
    474, 181503
    475, 181833
    476, 182149
    477, 182468
    478, 182788
    479, 183116
    480, 183447
    481, 183789
    482, 184129
    483, 184443
    484, 185467
    485, 185820
    486, 187164
    487, 189527
    488, 189847
    489, 190164
    490, 190493
    491, 190801
    492, 191463
    493, 191829
    494, 192193
    495, 192562
    496, 192916
    497, 193244
    498, 193580
    499, 193924
    500, 194268
    501, 194618
    502, 194968
    503, 195295
    504, 195618
    505, 195974
    506, 196335
    507, 196697
    508, 197062
    509, 197411
    510, 197747
    511, 198080
    512, 198424
    513, 198774
    514, 199146
    515, 199495
    516, 199814
    517, 200141
    518, 200498
    519, 200858
    520, 201217
    521, 201550
    522, 201860
    523, 202169
    524, 202481
    525, 202780
    526, 203085
    527, 203390
    528, 203684
    529, 203973
    530, 204266
    531, 204579
    532, 204918
    533, 205296
    534, 205668
    535, 206012
    536, 206361
    537, 206705
    538, 207069
    539, 207462
    540, 207833
    541, 208184
    542, 208532
    543, 208891
    544, 209252
    545, 209616
    546, 209973
    547, 210307
    548, 210644
    549, 210991
    550, 211355
    551, 211716
    552, 212082
    553, 212423
    554, 212758
    555, 213117
    556, 213476
    557, 213830
    558, 214186
    559, 214527
    560, 214821
    561, 215133
    562, 215479
    563, 215844
    564, 216206
    565, 216537
    566, 216852
    567, 217162
    568, 217489
    569, 217815
    570, 218138
    571, 218465
    572, 218795
    573, 219124
    574, 219453
    575, 219791
    576, 220144
    577, 220519
    578, 220879
    579, 221227
    580, 221599
    581, 221992
    582, 222394
    583, 222775
    584, 223141
    585, 223499
    586, 223845
    587, 224206
    588, 224565
    589, 224901
    590, 225232
    591, 225560
    592, 225869
    593, 226188
    594, 226509
    595, 226833
    596, 227142
    597, 232925
    598, 234581
    599, 234904
    600, 235241
    601, 235589
    602, 235946
    603, 236279
    604, 236605
    605, 236921
    606, 237248
    607, 237594
    608, 237945
    609, 238257
    610, 238577
    611, 238908
    612, 239268
    613, 239629
    614, 239963
    615, 240282
    616, 240577
    617, 240865
    618, 241173
    619, 241516
    620, 241868
    621, 242234
    622, 242600
    623, 242963
    624, 243307
    625, 243664
    626, 244023
    627, 244358
    628, 244700
    629, 245032
    630, 245370
    631, 245725
    632, 246075
    633, 246416
    634, 246750
    635, 247048
    636, 247341
    637, 247639
    638, 247953
    639, 248258
    640, 248565
    641, 248863
    642, 249163
    643, 249458
    644, 249744
    645, 250045
    646, 250354
    647, 250655
    648, 250960
    649, 251238
    650, 251521
    651, 251814
    652, 252119
    653, 252476
    654, 252830
    655, 253163
    656, 253474
    657, 253763
    658, 254066
    659, 254359
    660, 254671
    661, 254997
    662, 255308
    663, 255616
    664, 255920
    665, 256117
    666, 256510
    667, 256811
    668, 257114
    669, 257405
    670, 257594
    671, 257960
    672, 258149
    673, 258534
    674, 258726
    675, 259128
    676, 259419
    677, 259613
    678, 259992
    679, 260179
    680, 260597
    681, 260889
    682, 261181
    683, 261481
    684, 261680
    685, 262047
    686, 262316
    687, 262578
    688, 262761
    689, 262931
    690, 263357
    691, 263647
    692, 263836
    693, 264213
    694, 264397
    695, 264761
    696, 265042
    697, 265338
    698, 265534
    699, 265934
    700, 266213
    701, 266399
    702, 266572
    703, 266951
    704, 267118
    705, 267504
    706, 267773
    707, 267959
    708, 268145
    709, 268521
    710, 268677
    711, 269190
    712, 269539
    713, 269718
    714, 270224
    715, 270721
    716, 272236
    717, 272764
    718, 273256
    719, 273783
    720, 274149
    721, 274328
    722, 274696
    723, 274864
    724, 275205
    725, 275375
    726, 275700
    727, 275875
    728, 276216
    729, 276394
    730, 276731
    731, 276910
    732, 277238
    733, 277403
    734, 277731
    735, 277896
    736, 278245
    737, 278428
    738, 278782
    739, 278955
    740, 279282
    741, 279443
    742, 279751
    743, 279914
    744, 280241
    745, 280415
    746, 280741
    747, 280915
    748, 281236
    749, 281402
    750, 281719
    751, 281879
    752, 282215
    753, 282376
    754, 282726
    755, 282897
    756, 283240
    757, 283414
    758, 283726
    759, 283885
    760, 284195
    761, 284366
    762, 284693
    763, 284875
    764, 285202
    765, 285376
    766, 285696
    767, 285860
    768, 286171
    769, 286344
    770, 286665
    771, 286842
    772, 287184
    773, 287367
    774, 287722
    775, 287895
    776, 288232
    777, 288401
    778, 288746
    779, 288928
    780, 289298
    781, 289490
    782, 289832
    783, 290008
    784, 290320
    785, 290499
    786, 290819
    787, 291005
    788, 291332
    789, 291521
    790, 291847
    791, 292026
    792, 292340
    793, 292515
    794, 292838
    795, 293014
    796, 293366
    797, 293552
    798, 293923
    799, 294108
    800, 294445
    801, 294620
    802, 294951
    803, 295468
    804, 295678
    805, 296008
    806, 296196
    807, 296537
    808, 296713
    809, 297057
    810, 297237
    811, 297623
    812, 297802
    813, 298209
    814, 298398
    815, 298796
    816, 298973
    817, 299368
    818, 299552
    819, 299998
    820, 300192
    821, 300612
    822, 300799
    823, 301214
    824, 301399
    825, 301829
    826, 302022
    827, 302444
    828, 302643
    829, 303035
    830, 303221
    831, 303579
    832, 303765
    833, 304161
    834, 304356
    835, 304784
    836, 304979
    837, 305381
    838, 305563
    839, 305976
    840, 306175
    841, 306602
    842, 306803
    843, 307190
    844, 307753
    845, 307944
    846, 308346
    847, 308543
    848, 308973
    849, 309170
    850, 309581
    851, 309755
    852, 311512
    853, 316408
    854, 318623
    855, 319192
    856, 319782
    857, 320177
    858, 320357
    859, 320962
    860, 321770
    861, 321945
    862, 322342
    863, 322900
    864, 323077
    865, 323484
    866, 324078
    867, 324353
    868, 324619
    869, 324880
    870, 325073
    871, 325241
    872, 325625
    873, 325912
    874, 326194
    875, 326467
    876, 326657
    877, 327029
    878, 327214
    879, 327590
    880, 328161
    881, 328441
    882, 328634
    883, 329211
    884, 329769
    885, 330371
    886, 330653
    887, 330948
    888, 331243
    889, 331553
    890, 331738
    891, 332175
    892, 332516
    893, 332840
    894, 333166
    895, 333518
    896, 333839
    897, 334168
    898, 334518
    899, 334856
    900, 335179
    901, 335499
    902, 335799
    903, 336109
    904, 336425
    905, 336752
    906, 337079
    907, 337364
    908, 337657
    909, 337949
    910, 338238
    911, 338553
    912, 338876
    913, 339188
    914, 339507
    915, 339821
    916, 340124
    917, 340439
    918, 340783
    919, 341117
    920, 341458
    921, 341801
    922, 342112
    923, 342432
    924, 342776
    925, 343112
    926, 343451
    927, 343775
    928, 344091
    929, 344409
    930, 344716
    931, 345025
    932, 345360
    933, 345686
    934, 346013
    935, 346325
    936, 346618
    937, 346903
    938, 347180
    939, 347460
    940, 347764
    941, 347967
    942, 348137
    943, 348526
    944, 348707
    945, 349059
    946, 349592
    947, 349786
    948, 350135
    949, 350322
    950, 350660
    951, 350907
    952, 351097
    953, 351259
    954, 351664
    955, 351850
    956, 352255
    957, 352529
    958, 352796
    959, 352971
    960, 361736
    961, 365692
    962, 366262
    963, 366832
    964, 367143
    965, 367455
    966, 367745
    967, 368028
    968, 368606
    969, 368908
    970, 369215
    971, 369517
    972, 369806
    973, 370101
    974, 370403
    975, 370716
    976, 371031
    977, 371351
    978, 371668
    979, 371994
    980, 372308
    981, 372606
    982, 372925
    983, 373282
    984, 373630
    985, 373944
    986, 374248
    987, 374529
    988, 374819
    989, 375133
    990, 375476
    991, 375805
    992, 376164
    993, 376520
    994, 376845
    995, 377193
    996, 377553
    997, 377798
    998, 378249
    999, 378859
   1000, 379157
   1001, 379456
   1002, 379794
   1003, 380001
   1004, 380176
   1005, 380629
   1006, 380813
   1007, 381248
   1008, 381434
   1009, 381611
   1010, 382066
   1011, 382726
   1012, 382912
   1013, 383328
   1014, 383519
   1015, 383966
   1016, 384166
   1017, 384655
   1018, 384847
   1019, 385287
   1020, 385478
   1021, 385938
   1022, 386121
   1023, 386620
   1024, 386809
   1025, 387290
   1026, 387468
   1027, 387920
   1028, 388107
   1029, 388604
   1030, 388804
   1031, 389256
   1032, 389601
   1033, 389922
   1034, 390121
   1035, 390303
   1036, 390783
   1037, 391460
   1038, 391666
   1039, 391835
   1040, 392260
   1041, 392914
   1042, 393124
   1043, 393576
   1044, 393905
   1045, 394096
   1046, 394528
   1047, 394871
   1048, 395089
   1049, 395274
   1050, 395719
   1051, 396355
   1052, 396541
   1053, 396993
   1054, 397186
   1055, 398194
   1056, 399016
   1057, 405075
   1058, 405744
   1059, 406747
   1060, 407544
   1061, 408538
   1062, 408726
   1063, 409323
   1064, 409772
   1065, 409965
   1066, 410423
   1067, 410615
   1068, 411060
   1069, 411240
   1070, 411659
   1071, 411842
   1072, 412279
   1073, 412480
   1074, 412940
   1075, 413130
   1076, 413548
   1077, 413736
   1078, 414183
   1079, 414387
   1080, 414857
   1081, 415055
   1082, 415493
   1083, 415682
   1084, 416127
   1085, 416333
   1086, 416786
   1087, 416990
   1088, 417436
   1089, 417628
   1090, 418058
   1091, 418247
   1092, 418703
   1093, 418912
   1094, 419371
   1095, 419563
   1096, 419999
   1097, 420184
   1098, 420625
   1099, 420831
   1100, 421294
   1101, 421487
   1102, 421929
   1103, 422121
   1104, 422543
   1105, 422732
   1106, 423200
   1107, 423397
   1108, 423848
   1109, 424042
   1110, 424476
   1111, 424665
   1112, 425137
   1113, 425342
   1114, 425803
   1115, 425987
   1116, 426417
   1117, 426609
   1118, 427042
   1119, 427247
   1120, 427685
   1121, 428032
   1122, 428379
   1123, 428580
   1124, 428999
   1125, 429336
   1126, 429693
   1127, 430037
   1128, 430246
   1129, 430679
   1130, 431026
   1131, 431372
   1132, 431731
   1133, 432095
   1134, 432452
   1135, 432797
   1136, 433160
   1137, 433366
   1138, 433830
   1139, 434231
   1140, 434604
   1141, 434970
   1142, 435336
   1143, 435539
   1144, 436011
   1145, 436406
   1146, 436611
   1147, 437066
   1148, 437437
   1149, 437630
   1150, 438310
   1151, 439609
   1152, 440460
   1153, 441130
   1154, 441763
   1155, 442416
   1156, 443087
   1157, 443730
   1158, 444369
   1159, 445400
   1160, 446015
   1161, 446665
   1162, 447300
   1163, 447881
   1164, 448838
   1165, 449510
   1166, 450154
   1167, 450775
   1168, 451805
   1169, 452790
   1170, 453473
   1171, 453967
   1172, 454161
   1173, 454617
   1174, 454806
   1175, 455282
   1176, 455486
   1177, 455970
   1178, 456168
   1179, 456619
   1180, 456801
   1181, 457268
   1182, 457474
   1183, 457951
   1184, 458148
   1185, 458612
   1186, 458797
   1187, 459221
   1188, 459546
   1189, 459897
   1190, 460110
   1191, 460585
   1192, 460937
   1193, 461272
   1194, 461648
   1195, 462057
   1196, 462438
   1197, 462828
   1198, 463212
   1199, 463596
   1200, 463966
   1201, 464360
   1202, 464755
   1203, 465137
   1204, 465506
   1205, 465881
   1206, 466297
   1207, 466703
   1208, 467088
   1209, 467454
   1210, 467846
   1211, 468249
   1212, 468627
   1213, 469013
   1214, 469381
   1215, 469760
   1216, 470141
   1217, 470525
   1218, 470924
   1219, 471282
   1220, 471632
   1221, 472019
   1222, 472406
   1223, 472779
   1224, 473162
   1225, 473530
   1226, 473895
   1227, 474240
   1228, 474597
   1229, 474989
   1230, 475406
   1231, 475813
   1232, 476211
   1233, 476611
   1234, 477012
   1235, 477418
   1236, 477812
   1237, 478188
   1238, 478550
   1239, 478948
   1240, 479352
   1241, 479753
   1242, 480169
   1243, 480540
   1244, 489918
   1245, 490310
   1246, 490673
   1247, 491019
   1248, 491377
   1249, 491737
   1250, 492118
   1251, 492510
   1252, 492893
   1253, 493254
   1254, 493584
   1255, 493932
   1256, 494292
   1257, 494666
   1258, 495056
   1259, 495414
   1260, 495774
   1261, 496153
   1262, 496539
   1263, 496930
   1264, 497315
   1265, 497673
   1266, 498017
   1267, 498356
   1268, 498712
   1269, 499066
   1270, 499432
   1271, 499795
   1272, 500135
   1273, 500500
   1274, 500895
   1275, 501271
   1276, 501649
   1277, 502009
   1278, 502353
   1279, 502723
   1280, 503124
   1281, 503526
   1282, 503921
   1283, 504295
   1284, 504703
   1285, 505111
   1286, 505520
   1287, 505917
   1288, 506285
   1289, 506660
   1290, 507041
   1291, 507440
   1292, 507862
   1293, 508244
   1294, 508635
   1295, 509019
   1296, 509416
   1297, 509830
   1298, 510220
   1299, 510605
   1300, 510955
   1301, 511350
   1302, 511751
   1303, 512128
   1304, 512484
   1305, 512791
   1306, 513100
   1307, 513404
   1308, 513724
   1309, 514048
   1310, 514348
   1311, 514640
   1312, 514931
   1313, 515233
   1314, 515535
   1315, 515846
   1316, 516149
   1317, 516456
   1318, 516783
   1319, 516981
   1320, 517402
   1321, 517711
   1322, 517917
   1323, 518374
   1324, 518716
   1325, 518913
   1326, 519338
   1327, 519526
   1328, 519960
   1329, 520158
   1330, 520604
   1331, 520797
   1332, 521422
   1333, 521594
   1334, 522050
   1335, 522236
   1336, 522708
   1337, 522900
   1338, 523526
   1339, 534262
   1340, 535272
   1341, 536102
   1342, 537358
   1343, 537839
   1344, 538033
   1345, 538469
   1346, 538653
   1347, 539076
   1348, 539257
   1349, 539714
   1350, 540039
   1351, 540241
   1352, 540439
   1353, 540872
   1354, 541054
   1355, 541492
   1356, 541812
   1357, 542018
   1358, 542214
   1359, 542663
   1360, 542848
   1361, 543277
   1362, 543460
   1363, 543908
   1364, 544122
   1365, 544574
   1366, 544768
   1367, 545198
   1368, 545386
   1369, 545800
   1370, 545998
   1371, 546634
   1372, 546826
   1373, 547272
   1374, 547456
   1375, 547866
   1376, 548057
   1377, 548510
   1378, 548710
   1379, 549137
   1380, 549326
   1381, 549741
   1382, 549928
   1383, 550360
   1384, 550564
   1385, 550997
   1386, 551194
   1387, 551601
   1388, 551787
   1389, 552200
   1390, 552394
   1391, 552841
   1392, 553046
   1393, 553495
   1394, 553689
   1395, 554118
   1396, 554312
   1397, 554761
   1398, 554967
   1399, 555428
   1400, 555626
   1401, 556038
   1402, 556231
   1403, 556681
   1404, 556879
   1405, 557340
   1406, 557540
   1407, 557977
   1408, 558597
   1409, 558789
   1410, 559260
   1411, 559464
   1412, 559926
   1413, 560118
   1414, 560303
   1415, 560732
   1416, 560931
   1417, 561384
   1418, 561594
   1419, 561785
   1420, 562242
   1421, 562421
   1422, 562883
   1423, 563078
   1424, 563268
   1425, 563762
   1426, 564149
   1427, 564500
   1428, 564699
   1429, 564874
   1430, 565342
   1431, 565759
   1432, 565971
   1433, 566152
   1434, 566632
   1435, 566811
   1436, 567469
   1437, 567863
   1438, 568214
   1439, 568578
   1440, 568772
   1441, 577474
   1442, 578256
   1443, 578669
   1444, 579119
   1445, 579541
   1446, 579887
   1447, 580241
   1448, 580617
   1449, 580964
   1450, 581304
   1451, 581517
   1452, 581702
   1453, 582137
   1454, 582483
   1455, 582838
   1456, 583186
   1457, 583403
   1458, 583592
   1459, 584067
   1460, 584463
   1461, 584867
   1462, 585087
   1463, 585281
   1464, 585781
   1465, 586187
   1466, 586389
   1467, 586567
   1468, 587074
   1469, 587512
   1470, 587726
   1471, 587913
   1472, 588397
   1473, 588833
   1474, 589036
   1475, 589229
   1476, 589759
   1477, 589960
   1478, 590145
   1479, 590621
   1480, 591024
   1481, 591228
   1482, 591412
   1483, 591929
   1484, 592354
   1485, 592553
   1486, 592728
   1487, 593216
   1488, 593648
   1489, 593862
   1490, 594049
   1491, 594552
   1492, 594968
   1493, 595167
   1494, 595340
   1495, 595849
   1496, 596307
   1497, 596513
   1498, 596697
   1499, 597176
   1500, 597376
   1501, 597554
   1502, 598064
   1503, 598525
   1504, 598731
   1505, 598917
   1506, 599391
   1507, 599577
   1508, 599756
   1509, 600280
   1510, 600710
   1511, 600918
   1512, 601095
   1513, 601575
   1514, 601987
   1515, 602198
   1516, 602389
   1517, 602905
   1518, 603301
   1519, 603500
   1520, 603673
   1521, 604150
   1522, 604573
   1523, 604785
   1524, 604975
   1525, 605456
   1526, 605837
   1527, 606036
   1528, 606219
   1529, 606711
   1530, 607144
   1531, 607343
   1532, 607536
   1533, 608008
   1534, 608192
   1535, 609057
   1536, 611370
   1537, 618090
   1538, 618773
   1539, 620097
   1540, 621355
   1541, 622078
   1542, 622488
   1543, 622858
   1544, 623054
   1545, 623736
   1546, 624148
   1547, 624353
   1548, 625030
   1549, 625382
   1550, 625572
   1551, 626029
   1552, 626238
   1553, 626687
   1554, 626994
   1555, 627330
   1556, 627640
   1557, 627843
   1558, 628034
   1559, 628505
   1560, 628697
   1561, 629128
   1562, 629409
   1563, 629690
   1564, 629983
   1565, 630270
   1566, 630581
   1567, 630787
   1568, 630967
   1569, 631404
   1570, 631984
   1571, 632307
   1572, 632524
   1573, 632708
   1574, 633134
   1575, 633326
   1576, 633706
   1577, 633896
   1578, 634482
   1579, 634672
   1580, 635079
   1581, 635281
   1582, 635659
   1583, 635849
   1584, 636239
   1585, 636418
   1586, 636852
   1587, 637050
   1588, 637484
   1589, 637674
   1590, 638090
   1591, 638269
   1592, 638665
   1593, 638870
   1594, 639303
   1595, 639504
   1596, 639902
   1597, 640099
   1598, 640280
   1599, 640695
   1600, 640890
   1601, 641311
   1602, 641619
   1603, 641820
   1604, 642002
   1605, 642403
   1606, 642585
   1607, 642972
   1608, 643170
   1609, 643563
   1610, 643775
   1611, 644143
   1612, 644416
   1613, 644613
   1614, 644780
   1615, 645190
   1616, 645804
   1617, 646009
   1618, 646201
   1619, 646619
   1620, 646918
   1621, 647226
   1622, 647572
   1623, 647791
   1624, 648276
   1625, 648625
   1626, 648972
   1627, 649175
   1628, 649356
   1629, 649803
