      0,   1142
      1,   1431
      2,   1510
      3,   1603
      4,   1760
      5,   1837
      6,   2099
      7,   2173
      8,   2450
      9,   2533
     10,   2824
     11,   2906
     12,   3174
     13,   3255
     14,   3528
     15,   3610
     16,   3863
     17,   3941
     18,   4032
     19,   4106
     20,   4195
     21,   4543
     22,   4904
     23,   4987
     24,   5284
     25,   5366
     26,   5655
     27,   5734
     28,   6054
     29,   6135
     30,   6421
     31,   6819
     32,   6903
     33,   7224
     34,   7626
     35,   7998
     36,   8370
     37,   8744
     38,   9131
     39,   9520
     40,   9905
     41,  10055
     42,  10131
     43,  10266
     44,  10346
     45,  10692
     46,  10874
     47,  11448
     48,  11761
     49,  12169
     50,  12455
     51,  12796
     52,  13231
     53,  13639
     54,  14069
     55,  14464
     56,  14790
     57,  15165
     58,  15616
     59,  15958
     60,  16400
     61,  16731
     62,  17103
     63,  17476
     64,  17868
     65,  18267
     66,  18625
     67,  18987
     68,  19414
     69,  19739
     70,  20137
     71,  20526
     72,  20885
     73,  21306
     74,  21616
     75,  21994
     76,  22424
     77,  22792
     78,  23129
     79,  23557
     80,  23974
     81,  24390
     82,  24791
     83,  25174
     84,  25557
     85,  25931
     86,  26380
     87,  26782
     88,  27176
     89,  27486
     90,  27872
     91,  28309
     92,  28653
     93,  29096
     94,  29402
     95,  29743
     96,  30146
     97,  30541
     98,  30917
     99,  31415
    100,  31808
    101,  32259
    102,  32697
    103,  33117
    104,  33452
    105,  33890
    106,  34257
    107,  34571
    108,  35016
    109,  35412
    110,  35761
    111,  36065
    112,  36469
    113,  36846
    114,  37292
    115,  37777
    116,  38194
    117,  38586
    118,  38986
    119,  39385
    120,  39776
    121,  40112
    122,  40482
    123,  40913
    124,  41307
    125,  41696
    126,  42029
    127,  42409
    128,  42838
    129,  43159
    130,  43553
    131,  43635
    132,  43945
    133,  44331
    134,  44716
    135,  45089
    136,  45455
    137,  45681
    138,  45838
    139,  45910
    140,  46242
    141,  46658
    142,  46807
    143,  46943
    144,  47290
    145,  47725
    146,  47944
    147,  48021
    148,  48131
    149,  48318
    150,  48436
    151,  48573
    152,  48653
    153,  48950
    154,  49328
    155,  49417
    156,  49718
    157,  50111
    158,  50183
    159,  50484
    160,  50850
    161,  50933
    162,  51209
    163,  51561
    164,  51702
    165,  51948
    166,  52342
    167,  52710
    168,  52793
    169,  53147
    170,  53235
    171,  53454
    172,  53819
    173,  54192
    174,  54264
    175,  54661
    176,  55037
    177,  55354
    178,  55720
    179,  56108
    180,  56192
    181,  56499
    182,  56583
    183,  56903
    184,  56997
    185,  57295
    186,  57665
    187,  58034
    188,  58420
    189,  58880
    190,  59218
    191,  59290
    192,  59661
    193,  60013
    194,  60321
    195,  60416
    196,  60799
    197,  61193
    198,  61593
    199,  61965
    200,  62278
    201,  62710
    202,  63045
    203,  63134
    204,  63440
    205,  63535
    206,  63870
    207,  64259
    208,  64626
    209,  64945
    210,  65042
    211,  65404
    212,  65742
    213,  65835
    214,  66116
    215,  66535
    216,  66865
    217,  67291
    218,  67682
    219,  68086
    220,  68450
    221,  68810
    222,  69122
    223,  69217
    224,  69482
    225,  69900
    226,  70272
    227,  70727
    228,  71154
    229,  71625
    230,  72053
    231,  72458
    232,  72789
    233,  72884
    234,  73219
    235,  73584
    236,  74016
    237,  74342
    238,  74437
    239,  74715
    240,  74807
    241,  75086
    242,  75512
    243,  75886
    244,  76319
    245,  76699
    246,  77056
    247,  77429
    248,  77767
    249,  78209
    250,  78603
    251,  78989
    252,  79350
    253,  79721
    254,  80045
    255,  80135
    256,  80489
    257,  80872
    258,  81229
    259,  81569
    260,  81913
    261,  82291
    262,  82687
    263,  83145
    264,  83557
    265,  83838
    266,  84358
    267,  84806
    268,  85223
    269,  85597
    270,  85979
    271,  86334
    272,  86710
    273,  87094
    274,  87482
    275,  87852
    276,  88234
    277,  88614
    278,  89002
    279,  91359
    280,  91751
    281,  92122
    282,  92495
    283,  92866
    284,  93262
    285,  93639
    286,  94019
    287,  94379
    288,  94730
    289,  95071
    290,  95449
    291,  95872
    292,  96343
    293,  96763
    294,  97156
    295,  97560
    296,  97979
    297,  98364
    298,  98717
    299,  99079
    300,  99455
    301,  99835
    302, 100225
    303, 100594
    304, 100957
    305, 101319
    306, 101681
    307, 102049
    308, 102414
    309, 102786
    310, 103231
    311, 103634
    312, 104055
    313, 104471
    314, 104855
    315, 105240
    316, 105614
    317, 105995
    318, 106394
    319, 106809
    320, 107188
    321, 107319
    322, 107605
    323, 107960
    324, 108352
    325, 108749
    326, 109156
    327, 109545
    328, 109902
    329, 110314
    330, 110724
    331, 111113
    332, 111513
    333, 111876
    334, 112259
    335, 112666
    336, 113060
    337, 113448
    338, 113833
    339, 114212
    340, 114585
    341, 115004
    342, 115392
    343, 115783
    344, 116155
    345, 116536
    346, 116906
    347, 117326
    348, 117725
    349, 118109
    350, 118490
    351, 118884
    352, 119274
    353, 119690
    354, 120070
    355, 120440
    356, 120827
    357, 121229
    358, 121629
    359, 122022
    360, 122400
    361, 122755
    362, 123121
    363, 123503
    364, 123901
    365, 124277
    366, 124652
    367, 125011
    368, 125392
    369, 125778
    370, 126182
    371, 126555
    372, 126938
    373, 127320
    374, 127696
    375, 128097
    376, 128511
    377, 128872
    378, 129252
    379, 129639
    380, 130031
    381, 130433
    382, 130821
    383, 131201
    384, 131569
    385, 131963
    386, 132355
    387, 132748
    388, 133111
    389, 133469
    390, 133808
    391, 134173
    392, 134554
    393, 134939
    394, 135420
    395, 135859
    396, 136269
    397, 136670
    398, 137087
    399, 137460
    400, 137841
    401, 138228
    402, 138611
    403, 139026
    404, 139411
    405, 139785
    406, 140160
    407, 140550
    408, 140952
    409, 141341
    410, 141730
    411, 142105
    412, 142481
    413, 142896
    414, 143299
    415, 143704
    416, 144092
    417, 144477
    418, 144859
    419, 145280
    420, 145682
    421, 146072
    422, 146471
    423, 146853
    424, 147264
    425, 147675
    426, 148082
    427, 148462
    428, 148854
    429, 149249
    430, 149653
    431, 150068
    432, 150457
    433, 150837
    434, 151232
    435, 151624
    436, 152031
    437, 152418
    438, 152799
    439, 153155
    440, 153549
    441, 153933
    442, 154317
    443, 154685
    444, 155055
    445, 155428
    446, 155809
    447, 156211
    448, 156595
    449, 156957
    450, 157331
    451, 157713
    452, 158091
    453, 158485
    454, 158854
    455, 159212
    456, 159570
    457, 159970
    458, 160446
    459, 160904
    460, 161302
    461, 161696
    462, 162077
    463, 162462
    464, 163584
    465, 163944
    466, 167786
    467, 168157
    468, 168535
    469, 168916
    470, 169316
    471, 169698
    472, 170059
    473, 170437
    474, 170813
    475, 171200
    476, 171593
    477, 171967
    478, 172337
    479, 172695
    480, 173083
    481, 173463
    482, 173836
    483, 174198
    484, 174548
    485, 174886
    486, 175265
    487, 175691
    488, 176143
    489, 176540
    490, 176922
    491, 177297
    492, 177693
    493, 178086
    494, 178449
    495, 178797
    496, 179166
    497, 179511
    498, 179856
    499, 180032
    500, 180621
    501, 181038
    502, 181412
    503, 181802
    504, 182170
    505, 182568
    506, 182932
    507, 183285
    508, 183660
    509, 184050
    510, 184429
    511, 184807
    512, 185176
    513, 185520
    514, 185885
    515, 186368
    516, 186819
    517, 187224
    518, 187613
    519, 187990
    520, 188380
    521, 188787
    522, 189159
    523, 189514
    524, 189888
    525, 190247
    526, 190632
    527, 191015
    528, 191374
    529, 191709
    530, 192071
    531, 192440
    532, 192893
    533, 193354
    534, 193552
    535, 194132
    536, 194565
    537, 194956
    538, 195332
    539, 195709
    540, 196084
    541, 196445
    542, 196801
    543, 197192
    544, 197562
    545, 197919
    546, 198385
    547, 198839
    548, 199254
    549, 199673
    550, 200057
    551, 200428
    552, 200805
    553, 201200
    554, 201587
    555, 201984
    556, 202355
    557, 202717
    558, 203086
    559, 203479
    560, 203848
    561, 204226
    562, 204620
    563, 205075
    564, 205507
    565, 205730
    566, 206318
    567, 206717
    568, 207078
    569, 207446
    570, 207823
    571, 208217
    572, 208586
    573, 208941
    574, 209305
    575, 209661
    576, 210029
    577, 210472
    578, 210899
    579, 211277
    580, 211652
    581, 212026
    582, 212416
    583, 212821
    584, 213202
    585, 213558
    586, 213954
    587, 214344
    588, 214722
    589, 215106
    590, 215481
    591, 215849
    592, 216227
    593, 216631
    594, 217006
    595, 217366
    596, 217740
    597, 218085
    598, 218452
    599, 218918
    600, 219397
    601, 219818
    602, 220218
    603, 220609
    604, 221001
    605, 221204
    606, 221750
    607, 222098
    608, 222458
    609, 222816
    610, 223226
    611, 223676
    612, 224062
    613, 224448
    614, 224833
    615, 225238
    616, 225623
    617, 226011
    618, 226381
    619, 226754
    620, 227140
    621, 227543
    622, 227911
    623, 228285
    624, 228646
    625, 229017
    626, 229392
    627, 229767
    628, 230146
    629, 230494
    630, 230960
    631, 231384
    632, 231795
    633, 232193
    634, 232599
    635, 232976
    636, 233385
    637, 233760
    638, 234149
    639, 234527
    640, 234880
    641, 235243
    642, 235605
    643, 236012
    644, 236392
    645, 236762
    646, 237136
    647, 237499
    648, 237850
    649, 238314
    650, 238814
    651, 239217
    652, 239652
    653, 240036
    654, 240458
    655, 240868
    656, 241232
    657, 241599
    658, 241998
    659, 242397
    660, 242798
    661, 243174
    662, 243531
    663, 243893
    664, 244265
    665, 244667
    666, 245048
    667, 245439
    668, 245794
    669, 246163
    670, 246554
    671, 246960
    672, 247353
    673, 247744
    674, 248127
    675, 248515
    676, 248920
    677, 249323
    678, 249700
    679, 250066
    680, 250447
    681, 250834
    682, 251231
    683, 251617
    684, 251984
    685, 252333
    686, 252690
    687, 253041
    688, 253431
    689, 253886
    690, 254272
    691, 254635
    692, 255034
    693, 255425
    694, 255810
    695, 256170
    696, 256518
    697, 256853
    698, 257198
    699, 257627
    700, 257968
    701, 258313
    702, 258641
    703, 259101
    704, 259502
    705, 259929
    706, 260308
    707, 260678
    708, 261031
    709, 261397
    710, 261757
    711, 262125
    712, 262485
    713, 262970
    714, 263204
    715, 263682
    716, 264198
    717, 264567
    718, 264961
    719, 265327
    720, 265692
    721, 266094
    722, 266485
    723, 266860
    724, 267224
    725, 267570
    726, 267943
    727, 268523
    728, 268690
    729, 268988
    730, 269380
    731, 269795
    732, 270188
    733, 270586
    734, 271000
    735, 271385
    736, 271761
    737, 272141
    738, 272531
    739, 272918
    740, 273289
    741, 273645
    742, 274001
    743, 274463
    744, 274905
    745, 275313
    746, 275699
    747, 276064
    748, 276429
    749, 276819
    750, 277202
    751, 277578
    752, 277917
    753, 278302
    754, 278669
    755, 279060
    756, 279444
    757, 279805
    758, 280156
    759, 280512
    760, 280956
    761, 281430
    762, 281877
    763, 282263
    764, 282645
    765, 283041
    766, 283449
    767, 283842
    768, 284233
    769, 284605
    770, 284967
    771, 285362
    772, 285752
    773, 286140
    774, 286508
    775, 286873
    776, 287241
    777, 287625
    778, 288007
    779, 288360
    780, 288753
    781, 289173
    782, 289577
    783, 289956
    784, 290337
    785, 290690
    786, 291037
    787, 291375
    788, 291742
    789, 292119
    790, 292497
    791, 292858
    792, 293210
    793, 293569
    794, 293937
    795, 294298
    796, 295739
    797, 296125
    798, 296533
    799, 296901
    800, 297262
    801, 297980
    802, 298741
    803, 299163
    804, 299589
    805, 299990
    806, 300379
    807, 301188
    808, 301564
    809, 301910
    810, 302316
    811, 302728
    812, 303126
    813, 303522
    814, 303898
    815, 304264
    816, 304643
    817, 305024
    818, 305385
    819, 305763
    820, 306134
    821, 306689
    822, 306974
    823, 307392
    824, 307791
    825, 308193
    826, 308561
    827, 308942
    828, 309338
    829, 309724
    830, 310090
    831, 310456
    832, 310817
    833, 311176
    834, 311546
    835, 311999
    836, 312438
    837, 312853
    838, 313257
    839, 313649
    840, 314054
    841, 314443
    842, 314817
    843, 315198
    844, 315605
    845, 315996
    846, 316385
    847, 316773
    848, 317137
    849, 317530
    850, 317931
    851, 318323
    852, 318704
    853, 319094
    854, 319467
    855, 319863
    856, 320277
    857, 320664
    858, 321043
    859, 321411
    860, 321790
    861, 322177
    862, 322578
    863, 322954
    864, 323326
    865, 323695
    866, 324077
    867, 324470
    868, 324874
    869, 325255
    870, 325619
    871, 326005
    872, 326393
    873, 326598
    874, 327162
    875, 327543
    876, 327900
    877, 328267
    878, 328650
    879, 329035
    880, 329401
    881, 329756
    882, 330117
    883, 330489
    884, 331002
    885, 331463
    886, 331869
    887, 332265
    888, 332643
    889, 333041
    890, 333441
    891, 333832
    892, 334191
    893, 336095
    894, 336444
    895, 336791
    896, 337168
    897, 337641
    898, 338081
    899, 338499
    900, 338902
    901, 339301
    902, 339718
    903, 340111
    904, 340492
    905, 340862
    906, 341245
    907, 341622
    908, 342026
    909, 342393
    910, 342767
    911, 343124
    912, 343501
    913, 343883
    914, 344262
    915, 344653
    916, 345191
    917, 345635
    918, 346064
    919, 346459
    920, 346865
    921, 347228
    922, 347597
    923, 347988
    924, 348378
    925, 348764
    926, 349141
    927, 349504
    928, 349866
    929, 350252
    930, 350648
    931, 351021
    932, 351411
    933, 351776
    934, 352150
    935, 352543
    936, 352933
    937, 353307
    938, 353670
    939, 354052
    940, 354438
    941, 354833
    942, 355242
    943, 355616
    944, 355989
    945, 356375
    946, 356769
    947, 357164
    948, 357536
    949, 357911
    950, 358300
    951, 358696
    952, 359099
    953, 359512
    954, 359887
    955, 360272
    956, 360672
    957, 361062
    958, 361464
    959, 361866
    960, 362247
    961, 362640
    962, 363012
    963, 363419
    964, 363820
    965, 364195
    966, 364567
    967, 364943
    968, 365326
    969, 365710
    970, 366102
    971, 366465
    972, 366822
    973, 367183
    974, 367561
    975, 367921
    976, 368297
    977, 368657
    978, 369016
    979, 369477
    980, 369918
    981, 370311
    982, 370683
    983, 371060
    984, 371431
    985, 371822
    986, 372227
    987, 372616
    988, 372980
    989, 373355
    990, 373714
    991, 374101
    992, 374484
    993, 374854
    994, 375200
    995, 375555
    996, 375938
    997, 376743
    998, 377110
    999, 377449
   1000, 377790
   1001, 378144
   1002, 378494
   1003, 378843
   1004, 379858
   1005, 380202
   1006, 380553
   1007, 380895
   1008, 381232
   1009, 381562
   1010, 381887
   1011, 382208
   1012, 382550
   1013, 382910
   1014, 383256
   1015, 383598
   1016, 383932
   1017, 384274
   1018, 384615
   1019, 384967
   1020, 385318
   1021, 385645
   1022, 385971
   1023, 386291
   1024, 386629
   1025, 386964
   1026, 387303
   1027, 387643
   1028, 387961
   1029, 388214
   1030, 388579
   1031, 388906
   1032, 389233
   1033, 389553
   1034, 389882
   1035, 390201
   1036, 390515
   1037, 390844
   1038, 391192
   1039, 391553
   1040, 391891
   1041, 392228
   1042, 392554
   1043, 392845
   1044, 393051
   1045, 393521
   1046, 393848
   1047, 394157
   1048, 394453
   1049, 394765
   1050, 395064
   1051, 395366
   1052, 395686
   1053, 396003
   1054, 396326
   1055, 396630
   1056, 396930
   1057, 397247
   1058, 397572
   1059, 397912
   1060, 398258
   1061, 398603
   1062, 398930
   1063, 399244
   1064, 399580
   1065, 399923
   1066, 400245
   1067, 400597
   1068, 400946
   1069, 401266
   1070, 401617
   1071, 401981
   1072, 402348
   1073, 402690
   1074, 403034
   1075, 403368
   1076, 403714
   1077, 404061
   1078, 404431
   1079, 404795
   1080, 405124
   1081, 405449
   1082, 405785
   1083, 406118
   1084, 406571
   1085, 406939
   1086, 407302
   1087, 407642
   1088, 408137
   1089, 408546
   1090, 408922
   1091, 409295
   1092, 409630
   1093, 409956
   1094, 410299
   1095, 410688
   1096, 411058
   1097, 411503
   1098, 411843
   1099, 412204
   1100, 412559
   1101, 412955
   1102, 413525
   1103, 413955
   1104, 414372
   1105, 414757
   1106, 415149
   1107, 415533
   1108, 415883
   1109, 416241
   1110, 416677
   1111, 417022
   1112, 417408
   1113, 417859
   1114, 418197
   1115, 418578
   1116, 418965
   1117, 419358
   1118, 419760
   1119, 420145
   1120, 420514
   1121, 420857
   1122, 421191
   1123, 421668
   1124, 422156
   1125, 422522
   1126, 422920
   1127, 423313
   1128, 423724
   1129, 424114
   1130, 424504
   1131, 424859
   1132, 425243
   1133, 425626
   1134, 426019
   1135, 426461
   1136, 427063
   1137, 427427
   1138, 427838
   1139, 428252
   1140, 428659
   1141, 429038
   1142, 429410
   1143, 429780
   1144, 430188
   1145, 430561
   1146, 430965
   1147, 431506
   1148, 431976
   1149, 432419
   1150, 432815
   1151, 433192
   1152, 433575
   1153, 433934
   1154, 434312
   1155, 434698
   1156, 435091
   1157, 435669
   1158, 436068
   1159, 436482
   1160, 436885
   1161, 437294
   1162, 437664
   1163, 438029
   1164, 438173
   1165, 439134
   1166, 443149
   1167, 443884
   1168, 444599
   1169, 444956
   1170, 445359
   1171, 446124
   1172, 446837
   1173, 447194
   1174, 447590
   1175, 448058
   1176, 448402
   1177, 448753
   1178, 449123
   1179, 449488
   1180, 449860
   1181, 450223
   1182, 450568
   1183, 451968
   1184, 452320
   1185, 452661
   1186, 452989
   1187, 453326
   1188, 453664
   1189, 454025
   1190, 454374
   1191, 454711
   1192, 455048
   1193, 455378
   1194, 455715
   1195, 456062
   1196, 456421
   1197, 456759
   1198, 457077
   1199, 457250
   1200, 457751
   1201, 458094
   1202, 458452
   1203, 458805
   1204, 459135
   1205, 459463
   1206, 459798
   1207, 460148
   1208, 460508
   1209, 460854
   1210, 461228
   1211, 461553
   1212, 461898
   1213, 462252
   1214, 462600
   1215, 462937
   1216, 463286
   1217, 463623
   1218, 463943
   1219, 464271
   1220, 464620
   1221, 464974
   1222, 465309
   1223, 465650
   1224, 465993
   1225, 466316
   1226, 466652
   1227, 467011
   1228, 467345
   1229, 467666
   1230, 467984
   1231, 468301
   1232, 468630
   1233, 468958
   1234, 469314
   1235, 469665
   1236, 469998
   1237, 470321
   1238, 470655
   1239, 470993
   1240, 471327
   1241, 471667
   1242, 471996
   1243, 472303
   1244, 472614
   1245, 472931
   1246, 473259
   1247, 473576
   1248, 473889
   1249, 474217
   1250, 474533
   1251, 474844
   1252, 475170
   1253, 475510
   1254, 475848
   1255, 476176
   1256, 476493
   1257, 476813
   1258, 477125
   1259, 477446
   1260, 477790
   1261, 478143
   1262, 478476
   1263, 478793
   1264, 479136
   1265, 479460
   1266, 479794
   1267, 480157
   1268, 480504
   1269, 480848
   1270, 481163
   1271, 481518
   1272, 481850
   1273, 482191
   1274, 482547
   1275, 482884
   1276, 483199
   1277, 483523
   1278, 483864
   1279, 484197
   1280, 484537
   1281, 484871
   1282, 485193
   1283, 485518
   1284, 485841
   1285, 486185
   1286, 486533
   1287, 486870
   1288, 487194
   1289, 487528
   1290, 487863
   1291, 488194
   1292, 489223
   1293, 489576
   1294, 489925
   1295, 490276
   1296, 490607
   1297, 490797
   1298, 491339
   1299, 491661
   1300, 491980
   1301, 492302
   1302, 492626
   1303, 492959
   1304, 493295
   1305, 493611
   1306, 493914
   1307, 494213
   1308, 494524
   1309, 494867
   1310, 495200
   1311, 495533
   1312, 495871
   1313, 496184
   1314, 496492
   1315, 496810
   1316, 497151
   1317, 497493
   1318, 497826
   1319, 498151
   1320, 498471
   1321, 498791
   1322, 499120
   1323, 499454
   1324, 499798
   1325, 500120
   1326, 500427
   1327, 500751
   1328, 501065
   1329, 501405
   1330, 501752
   1331, 502094
   1332, 502431
   1333, 502741
   1334, 503092
   1335, 503441
   1336, 503778
   1337, 504140
   1338, 504489
   1339, 504813
   1340, 505136
   1341, 505504
   1342, 505848
   1343, 506185
   1344, 506547
   1345, 506876
   1346, 507201
   1347, 507562
   1348, 507933
   1349, 508280
   1350, 508628
   1351, 508969
   1352, 509305
   1353, 509632
   1354, 509803
   1355, 510334
   1356, 510692
   1357, 511005
   1358, 511338
   1359, 511676
   1360, 512002
   1361, 512365
   1362, 512727
   1363, 513056
   1364, 513409
   1365, 513728
   1366, 514108
   1367, 514476
   1368, 514835
   1369, 515201
   1370, 515537
   1371, 515886
   1372, 516217
   1373, 516602
   1374, 516974
   1375, 517321
   1376, 517664
   1377, 518036
   1378, 518366
   1379, 518748
   1380, 519097
   1381, 519439
   1382, 519775
   1383, 520139
   1384, 520457
   1385, 520800
   1386, 521197
   1387, 521531
   1388, 521890
   1389, 522245
   1390, 522576
   1391, 522980
   1392, 523370
   1393, 523728
   1394, 524112
   1395, 524474
   1396, 524817
   1397, 525182
   1398, 525529
   1399, 525912
   1400, 526244
   1401, 526430
   1402, 526953
   1403, 527326
   1404, 527665
   1405, 528040
   1406, 528260
   1407, 528770
   1408, 528973
   1409, 529389
   1410, 529775
   1411, 530114
   1412, 530482
   1413, 530836
   1414, 531157
   1415, 531532
   1416, 531910
   1417, 532255
   1418, 532624
   1419, 532973
   1420, 533341
   1421, 533711
   1422, 534085
   1423, 534442
   1424, 534822
   1425, 535179
   1426, 535513
   1427, 535893
   1428, 536245
   1429, 536602
   1430, 536977
   1431, 537294
   1432, 537662
   1433, 538034
   1434, 538381
   1435, 538766
   1436, 539128
   1437, 539456
   1438, 539805
   1439, 540147
   1440, 540509
   1441, 540890
   1442, 541235
   1443, 541572
   1444, 541930
   1445, 542289
   1446, 542639
   1447, 543001
   1448, 543380
   1449, 543711
   1450, 544102
   1451, 544465
   1452, 544846
   1453, 545226
   1454, 545563
   1455, 545929
   1456, 546280
   1457, 546682
   1458, 547029
   1459, 547422
   1460, 547763
   1461, 548128
   1462, 548462
   1463, 548886
   1464, 549287
   1465, 549669
   1466, 550042
   1467, 550415
   1468, 550751
   1469, 551170
   1470, 551552
   1471, 551901
   1472, 552305
   1473, 552635
   1474, 553106
   1475, 553576
   1476, 553977
   1477, 554344
   1478, 554715
   1479, 555088
   1480, 555465
   1481, 555865
   1482, 556223
   1483, 556575
   1484, 557011
   1485, 557470
   1486, 557897
   1487, 558302
   1488, 558683
   1489, 559066
   1490, 559414
   1491, 559847
   1492, 560251
   1493, 560639
   1494, 561007
   1495, 561376
   1496, 561739
   1497, 562172
   1498, 562573
   1499, 562963
   1500, 563331
   1501, 563706
   1502, 564085
   1503, 564468
   1504, 564860
   1505, 565225
   1506, 565586
   1507, 565952
   1508, 566320
   1509, 566675
   1510, 567037
   1511, 567385
   1512, 567752
   1513, 568110
   1514, 568547
   1515, 568978
   1516, 569337
   1517, 569723
   1518, 570095
   1519, 570447
   1520, 570834
   1521, 571188
   1522, 571521
   1523, 571919
   1524, 572249
   1525, 572661
   1526, 573037
   1527, 573370
   1528, 573732
   1529, 574067
   1530, 574406
   1531, 574780
   1532, 575185
   1533, 575527
   1534, 575908
   1535, 576279
   1536, 576621
   1537, 577033
   1538, 577393
   1539, 577796
   1540, 578118
   1541, 578486
   1542, 578850
   1543, 579194
   1544, 579592
   1545, 579935
   1546, 580289
   1547, 580632
   1548, 580811
   1549, 581312
   1550, 581658
   1551, 581979
   1552, 582338
   1553, 582672
   1554, 582995
   1555, 583337
   1556, 583742
   1557, 584077
   1558, 584409
   1559, 584786
   1560, 585105
   1561, 585448
   1562, 585852
   1563, 586227
   1564, 586552
   1565, 586937
   1566, 587298
   1567, 587630
   1568, 588029
   1569, 588383
   1570, 588750
   1571, 589061
   1572, 589433
   1573, 589760
   1574, 590143
   1575, 590491
   1576, 590835
   1577, 591186
   1578, 591507
   1579, 591848
   1580, 592235
   1581, 592576
   1582, 592951
   1583, 593280
   1584, 593635
   1585, 593996
   1586, 594340
   1587, 594726
   1588, 595070
   1589, 598189
   1590, 619252
   1591, 627918
