      0,   1277
      1,   1511
      2,   1755
      3,   1987
      4,   2212
      5,   2428
      6,   2651
      7,   2872
      8,   3106
      9,   3342
     10,   3575
     11,   3803
     12,   4031
     13,   4256
     14,   4472
     15,   4681
     16,   4899
     17,   5119
     18,   5349
     19,   5581
     20,   5810
     21,   6038
     22,   6254
     23,   6472
     24,   6688
     25,   6909
     26,   7125
     27,   7348
     28,   7574
     29,   7814
     30,   8059
     31,   8283
     32,   8504
     33,   8729
     34,   8962
     35,   9188
     36,   9415
     37,   9652
     38,   9895
     39,  10139
     40,  10382
     41,  10612
     42,  10838
     43,  11067
     44,  11306
     45,  11540
     46,  11776
     47,  12022
     48,  12270
     49,  12515
     50,  12758
     51,  12991
     52,  13222
     53,  13456
     54,  13708
     55,  13925
     56,  14204
     57,  14455
     58,  14707
     59,  14952
     60,  15195
     61,  15430
     62,  15662
     63,  15910
     64,  16174
     65,  16431
     66,  16678
     67,  16928
     68,  17170
     69,  17417
     70,  17656
     71,  17896
     72,  18147
     73,  18414
     74,  18672
     75,  18922
     76,  19169
     77,  19409
     78,  19653
     79,  19901
     80,  20144
     81,  20393
     82,  20660
     83,  20921
     84,  21174
     85,  21419
     86,  21663
     87,  21903
     88,  22153
     89,  22400
     90,  22654
     91,  22915
     92,  23182
     93,  23433
     94,  23670
     95,  23911
     96,  24151
     97,  24400
     98,  24656
     99,  24915
    100,  25172
    101,  25440
    102,  25692
    103,  25930
    104,  26171
    105,  26415
    106,  26671
    107,  26933
    108,  27193
    109,  27447
    110,  27658
    111,  27958
    112,  28199
    113,  28446
    114,  28693
    115,  28953
    116,  29223
    117,  29482
    118,  29736
    119,  29997
    120,  30249
    121,  30493
    122,  30737
    123,  30991
    124,  31252
    125,  31524
    126,  31785
    127,  32036
    128,  32288
    129,  32544
    130,  32794
    131,  33036
    132,  33245
    133,  33553
    134,  33818
    135,  34080
    136,  34329
    137,  34573
    138,  34831
    139,  35078
    140,  35324
    141,  35584
    142,  35846
    143,  36112
    144,  36372
    145,  36621
    146,  36867
    147,  37124
    148,  37376
    149,  37632
    150,  37894
    151,  38158
    152,  38424
    153,  38685
    154,  38930
    155,  39171
    156,  39425
    157,  39683
    158,  39945
    159,  40204
    160,  40467
    161,  40722
    162,  40976
    163,  41221
    164,  41463
    165,  41713
    166,  41980
    167,  42242
    168,  42495
    169,  42755
    170,  43005
    171,  43256
    172,  43505
    173,  43753
    174,  44002
    175,  44275
    176,  44538
    177,  44793
    178,  45047
    179,  45295
    180,  45542
    181,  45779
    182,  46038
    183,  46284
    184,  46548
    185,  46812
    186,  47069
    187,  47310
    188,  47552
    189,  47789
    190,  48037
    191,  48284
    192,  48539
    193,  48798
    194,  49067
    195,  49322
    196,  49561
    197,  49802
    198,  50043
    199,  50294
    200,  50551
    201,  50804
    202,  51055
    203,  51322
    204,  51575
    205,  51815
    206,  52052
    207,  52296
    208,  52543
    209,  52804
    210,  53061
    211,  53313
    212,  53571
    213,  53826
    214,  54067
    215,  54301
    216,  54542
    217,  54785
    218,  55041
    219,  55300
    220,  55554
    221,  55798
    222,  56050
    223,  56289
    224,  56526
    225,  56766
    226,  57014
    227,  57276
    228,  57542
    229,  57796
    230,  58041
    231,  58292
    232,  58541
    233,  58787
    234,  59030
    235,  59288
    236,  59553
    237,  59822
    238,  60076
    239,  60322
    240,  60573
    241,  60827
    242,  61075
    243,  61326
    244,  61590
    245,  61851
    246,  62118
    247,  62371
    248,  62614
    249,  62858
    250,  63113
    251,  63364
    252,  63612
    253,  63870
    254,  64123
    255,  64381
    256,  64629
    257,  64869
    258,  65101
    259,  65349
    260,  65602
    261,  65856
    262,  66106
    263,  66363
    264,  66620
    265,  66871
    266,  67111
    267,  67350
    268,  67602
    269,  67864
    270,  68126
    271,  68382
    272,  68640
    273,  68889
    274,  69139
    275,  69379
    276,  69623
    277,  69874
    278,  70142
    279,  70401
    280,  70655
    281,  70909
    282,  71155
    283,  71402
    284,  71651
    285,  71896
    286,  72142
    287,  72409
    288,  72674
    289,  72931
    290,  73180
    291,  73426
    292,  73670
    293,  73922
    294,  74173
    295,  74426
    296,  74690
    297,  74963
    298,  75219
    299,  75460
    300,  75705
    301,  75947
    302,  76199
    303,  76456
    304,  76719
    305,  76977
    306,  77248
    307,  77504
    308,  77748
    309,  77993
    310,  78241
    311,  78499
    312,  78765
    313,  79024
    314,  79280
    315,  79543
    316,  79797
    317,  80043
    318,  80283
    319,  80533
    320,  80789
    321,  81057
    322,  81315
    323,  81571
    324,  81827
    325,  82083
    326,  82328
    327,  82569
    328,  82821
    329,  83077
    330,  83347
    331,  83608
    332,  83862
    333,  84111
    334,  84371
    335,  84615
    336,  85107
    337,  85360
    338,  85628
    339,  85889
    340,  86138
    341,  86374
    342,  86621
    343,  86861
    344,  87100
    345,  87341
    346,  87585
    347,  87833
    348,  88078
    349,  88314
    350,  88544
    351,  88772
    352,  89013
    353,  89247
    354,  89483
    355,  89725
    356,  89973
    357,  90224
    358,  90472
    359,  90701
    360,  90929
    361,  91168
    362,  91417
    363,  91666
    364,  91912
    365,  92165
    366,  92417
    367,  92670
    368,  92914
    369,  93153
    370,  93398
    371,  93664
    372,  93925
    373,  94182
    374,  94447
    375,  94706
    376,  94963
    377,  95216
    378,  95468
    379,  95718
    380,  95995
    381,  96267
    382,  96532
    383,  96797
    384,  97054
    385,  97313
    386,  97569
    387,  97824
    388,  98083
    389,  98364
    390,  98636
    391,  98894
    392,  99150
    393,  99400
    394,  99657
    395,  99912
    396, 100169
    397, 100433
    398, 100714
    399, 100975
    400, 101226
    401, 101476
    402, 101720
    403, 101972
    404, 102229
    405, 102486
    406, 102744
    407, 103016
    408, 103276
    409, 103525
    410, 103773
    411, 104022
    412, 104275
    413, 104539
    414, 104810
    415, 105069
    416, 105340
    417, 105599
    418, 105848
    419, 106091
    420, 106343
    421, 106598
    422, 106865
    423, 107130
    424, 107390
    425, 107650
    426, 107914
    427, 108164
    428, 108407
    429, 108662
    430, 108925
    431, 109196
    432, 109463
    433, 109727
    434, 109983
    435, 110243
    436, 110492
    437, 110738
    438, 110995
    439, 111256
    440, 111529
    441, 111795
    442, 112052
    443, 112302
    444, 112563
    445, 112814
    446, 113068
    447, 113332
    448, 113598
    449, 113874
    450, 114140
    451, 114392
    452, 114636
    453, 114898
    454, 115154
    455, 115407
    456, 115675
    457, 115940
    458, 116209
    459, 116473
    460, 116724
    461, 116966
    462, 117233
    463, 117493
    464, 117753
    465, 118018
    466, 118281
    467, 118541
    468, 118794
    469, 119033
    470, 119273
    471, 119788
    472, 120035
    473, 120286
    474, 120532
    475, 120778
    476, 121013
    477, 121241
    478, 121468
    479, 122659
    480, 122885
    481, 123118
    482, 123352
    483, 123572
    484, 123797
    485, 124029
    486, 124282
    487, 124519
    488, 124750
    489, 124989
    490, 125219
    491, 125450
    492, 125681
    493, 125914
    494, 126148
    495, 126392
    496, 126645
    497, 126885
    498, 127115
    499, 127348
    500, 127575
    501, 127810
    502, 128050
    503, 128289
    504, 128531
    505, 128788
    506, 129041
    507, 129287
    508, 129519
    509, 129753
    510, 129988
    511, 130232
    512, 130482
    513, 130735
    514, 130987
    515, 131249
    516, 131499
    517, 131739
    518, 131975
    519, 132216
    520, 132468
    521, 132733
    522, 132989
    523, 133242
    524, 133507
    525, 133766
    526, 134013
    527, 134253
    528, 134503
    529, 134758
    530, 135026
    531, 135289
    532, 135547
    533, 135806
    534, 136066
    535, 136313
    536, 136555
    537, 136808
    538, 137067
    539, 137337
    540, 137603
    541, 137863
    542, 138108
    543, 138365
    544, 138612
    545, 138854
    546, 139106
    547, 139367
    548, 139635
    549, 139905
    550, 140159
    551, 140400
    552, 140651
    553, 140902
    554, 141155
    555, 141407
    556, 141671
    557, 141935
    558, 142196
    559, 142442
    560, 142683
    561, 142930
    562, 143183
    563, 143435
    564, 143689
    565, 143950
    566, 144203
    567, 144460
    568, 144707
    569, 144948
    570, 145188
    571, 145449
    572, 145705
    573, 145963
    574, 146223
    575, 146481
    576, 146735
    577, 146990
    578, 147236
    579, 147478
    580, 147743
    581, 148014
    582, 148277
    583, 148530
    584, 148787
    585, 149039
    586, 149291
    587, 149534
    588, 149780
    589, 150046
    590, 150317
    591, 150581
    592, 150831
    593, 151083
    594, 151330
    595, 151581
    596, 151828
    597, 152079
    598, 152345
    599, 152617
    600, 152877
    601, 153075
    602, 153371
    603, 153612
    604, 153868
    605, 154118
    606, 154323
    607, 154637
    608, 154908
    609, 155166
    610, 155409
    611, 155651
    612, 155890
    613, 156137
    614, 156393
    615, 156647
    616, 156897
    617, 157160
    618, 157408
    619, 157645
    620, 157883
    621, 158126
    622, 158375
    623, 158638
    624, 158900
    625, 159155
    626, 159418
    627, 159673
    628, 159916
    629, 160156
    630, 160405
    631, 160662
    632, 160931
    633, 161189
    634, 161446
    635, 161708
    636, 161962
    637, 162209
    638, 162451
    639, 162703
    640, 162962
    641, 163232
    642, 163494
    643, 163747
    644, 164002
    645, 164260
    646, 164509
    647, 164754
    648, 165013
    649, 165274
    650, 165546
    651, 165809
    652, 166061
    653, 166311
    654, 166571
    655, 166819
    656, 167064
    657, 167326
    658, 167589
    659, 167859
    660, 168122
    661, 168374
    662, 168621
    663, 168883
    664, 169138
    665, 169393
    666, 169662
    667, 169927
    668, 170197
    669, 170457
    670, 170710
    671, 170956
    672, 171217
    673, 171475
    674, 171736
    675, 172000
    676, 172261
    677, 172525
    678, 172784
    679, 173029
    680, 173271
    681, 173531
    682, 173794
    683, 174056
    684, 174311
    685, 174570
    686, 174819
    687, 175068
    688, 175307
    689, 175547
    690, 175805
    691, 176056
    692, 176333
    693, 176582
    694, 176837
    695, 177080
    696, 177329
    697, 177577
    698, 177824
    699, 178076
    700, 178347
    701, 178608
    702, 178856
    703, 179097
    704, 179339
    705, 179585
    706, 179835
    707, 180080
    708, 180328
    709, 180593
    710, 180861
    711, 181118
    712, 181356
    713, 181603
    714, 181851
    715, 182107
    716, 182362
    717, 182622
    718, 182895
    719, 183168
    720, 183426
    721, 183627
    722, 183923
    723, 184176
    724, 184451
    725, 184717
    726, 184981
    727, 185255
    728, 185523
    729, 185774
    730, 186022
    731, 186276
    732, 186533
    733, 186805
    734, 187071
    735, 187333
    736, 187600
    737, 187859
    738, 188109
    739, 188355
    740, 188612
    741, 188878
    742, 189156
    743, 189420
    744, 189677
    745, 189937
    746, 190192
    747, 190401
    748, 190686
    749, 190944
    750, 191219
    751, 191492
    752, 191753
    753, 192003
    754, 192262
    755, 192514
    756, 192761
    757, 193011
    758, 193273
    759, 193542
    760, 193812
    761, 194063
    762, 194305
    763, 194558
    764, 194809
    765, 195057
    766, 195310
    767, 195577
    768, 195842
    769, 196108
    770, 196360
    771, 196602
    772, 196851
    773, 197108
    774, 197366
    775, 197619
    776, 197885
    777, 198146
    778, 198409
    779, 198658
    780, 198903
    781, 199158
    782, 199423
    783, 199690
    784, 199954
    785, 200224
    786, 200490
    787, 200753
    788, 201001
    789, 201252
    790, 201512
    791, 201781
    792, 202050
    793, 202314
    794, 202581
    795, 202839
    796, 203101
    797, 203353
    798, 203605
    799, 203870
    800, 204150
    801, 204422
    802, 204688
    803, 204952
    804, 205206
    805, 205466
    806, 205724
    807, 205980
    808, 206252
    809, 206536
    810, 206806
    811, 207064
    812, 207324
    813, 207577
    814, 207836
    815, 208094
    816, 208357
    817, 208629
    818, 208906
    819, 209170
    820, 209418
    821, 209670
    822, 209918
    823, 210174
    824, 210433
    825, 210696
    826, 210963
    827, 211233
    828, 211490
    829, 211735
    830, 211982
    831, 212229
    832, 212493
    833, 212760
    834, 213022
    835, 213284
    836, 213554
    837, 213805
    838, 214049
    839, 214300
    840, 214552
    841, 214824
    842, 215094
    843, 215358
    844, 215621
    845, 215891
    846, 216141
    847, 216387
    848, 216591
    849, 216902
    850, 217174
    851, 217446
    852, 217709
    853, 217967
    854, 218230
    855, 218481
    856, 218727
    857, 218987
    858, 219254
    859, 219528
    860, 220049
    861, 220303
    862, 220566
    863, 220819
    864, 221071
    865, 221334
    866, 221600
    867, 221874
    868, 222134
    869, 222381
    870, 222633
    871, 222893
    872, 223146
    873, 223401
    874, 223669
    875, 223934
    876, 224205
    877, 224460
    878, 224705
    879, 224960
    880, 225222
    881, 225483
    882, 225744
    883, 226017
    884, 226283
    885, 226549
    886, 226799
    887, 227044
    888, 227301
    889, 227566
    890, 227832
    891, 228095
    892, 228364
    893, 228630
    894, 228890
    895, 229139
    896, 229386
    897, 229648
    898, 229919
    899, 230190
    900, 230450
    901, 230714
    902, 230974
    903, 231234
    904, 231481
    905, 231726
    906, 231996
    907, 232269
    908, 232534
    909, 232794
    910, 233051
    911, 233302
    912, 233558
    913, 233804
    914, 234051
    915, 234317
    916, 234591
    917, 234819
    918, 235108
    919, 235361
    920, 235612
    921, 235866
    922, 236122
    923, 236381
    924, 236650
    925, 236928
    926, 237196
    927, 237447
    928, 237699
    929, 237950
    930, 238209
    931, 238472
    932, 238738
    933, 239008
    934, 239284
    935, 239545
    936, 239791
    937, 240042
    938, 240293
    939, 240559
    940, 240826
    941, 241094
    942, 241362
    943, 241632
    944, 241886
    945, 242133
    946, 242387
    947, 242640
    948, 242913
    949, 243183
    950, 243449
    951, 243713
    952, 243979
    953, 244232
    954, 244479
    955, 244739
    956, 245000
    957, 245278
    958, 245500
    959, 245814
    960, 246071
    961, 246340
    962, 246597
    963, 246844
    964, 247109
    965, 247378
    966, 247654
    967, 247918
    968, 248173
    969, 248429
    970, 248691
    971, 248947
    972, 249199
    973, 249466
    974, 249734
    975, 250007
    976, 250267
    977, 250517
    978, 250775
    979, 251035
    980, 251296
    981, 251558
    982, 251830
    983, 252103
    984, 252375
    985, 252627
    986, 252871
    987, 253128
    988, 253387
    989, 253649
    990, 253912
    991, 254178
    992, 254444
    993, 254710
    994, 254961
    995, 255203
    996, 255463
    997, 255727
    998, 255991
    999, 256253
   1000, 256519
   1001, 256781
   1002, 257039
   1003, 257290
   1004, 257537
   1005, 257803
   1006, 258072
   1007, 258338
   1008, 258603
   1009, 258865
   1010, 259127
   1011, 259383
   1012, 259631
   1013, 259883
   1014, 260156
   1015, 260427
   1016, 260692
   1017, 260956
   1018, 261209
   1019, 261465
   1020, 261721
   1021, 261972
   1022, 262226
   1023, 262503
   1024, 262771
   1025, 263027
   1026, 263285
   1027, 263534
   1028, 263788
   1029, 264047
   1030, 264302
   1031, 264563
   1032, 264845
   1033, 265114
   1034, 265370
   1035, 265622
   1036, 265872
   1037, 266128
   1038, 266387
   1039, 266651
   1040, 266917
   1041, 267194
   1042, 267458
   1043, 267710
   1044, 267959
   1045, 268209
   1046, 268470
   1047, 268738
   1048, 269005
   1049, 269268
   1050, 269540
   1051, 269796
   1052, 270044
   1053, 270289
   1054, 270538
   1055, 270799
   1056, 271075
   1057, 271338
   1058, 271596
   1059, 271861
   1060, 272116
   1061, 272363
   1062, 272605
   1063, 272860
   1064, 273119
   1065, 273390
   1066, 273654
   1067, 273907
   1068, 274165
   1069, 274421
   1070, 274668
   1071, 274914
   1072, 275173
   1073, 275434
   1074, 275702
   1075, 275964
   1076, 276218
   1077, 276465
   1078, 276721
   1079, 276969
   1080, 277218
   1081, 277480
   1082, 277746
   1083, 278019
   1084, 278282
   1085, 278535
   1086, 278785
   1087, 279048
   1088, 279305
   1089, 279562
   1090, 279832
   1091, 280100
   1092, 280374
   1093, 280631
   1094, 280879
   1095, 281134
   1096, 281399
   1097, 281660
   1098, 281923
   1099, 282193
   1100, 282457
   1101, 282723
   1102, 282976
   1103, 283223
   1104, 283481
   1105, 283750
   1106, 284017
   1107, 284280
   1108, 284551
   1109, 284812
   1110, 285070
   1111, 285319
   1112, 285566
   1113, 285824
   1114, 286095
   1115, 286365
   1116, 286625
   1117, 286889
   1118, 287147
   1119, 287405
   1120, 287652
   1121, 287902
   1122, 288168
   1123, 288443
   1124, 288713
   1125, 288972
   1126, 289229
   1127, 289484
   1128, 289742
   1129, 289992
   1130, 290242
   1131, 290517
   1132, 290788
   1133, 291050
   1134, 291310
   1135, 291563
   1136, 291816
   1137, 292077
   1138, 292334
   1139, 292591
   1140, 292868
   1141, 293137
   1142, 293396
   1143, 293650
   1144, 293900
   1145, 294155
   1146, 294415
   1147, 294676
   1148, 294939
   1149, 295215
   1150, 295482
   1151, 295736
   1152, 295982
   1153, 296234
   1154, 296492
   1155, 296758
   1156, 297020
   1157, 297284
   1158, 297562
   1159, 297822
   1160, 298071
   1161, 298320
   1162, 298572
   1163, 298834
   1164, 299105
   1165, 299372
   1166, 299635
   1167, 299908
   1168, 300162
   1169, 300408
   1170, 300656
   1171, 300909
   1172, 301172
   1173, 301447
   1174, 301713
   1175, 301969
   1176, 302231
   1177, 302484
   1178, 302733
   1179, 302982
   1180, 303243
   1181, 303514
   1182, 303790
   1183, 304055
   1184, 304308
   1185, 304821
   1186, 305076
   1187, 305331
   1188, 305600
   1189, 305875
   1190, 306146
   1191, 306411
   1192, 306661
   1193, 306919
   1194, 307176
   1195, 307434
   1196, 307697
   1197, 307970
   1198, 308242
   1199, 308514
   1200, 308768
   1201, 309015
   1202, 309272
   1203, 309531
   1204, 309793
   1205, 310061
   1206, 310330
   1207, 310596
   1208, 310860
   1209, 311109
   1210, 311355
   1211, 311612
   1212, 311878
   1213, 312142
   1214, 312404
   1215, 312672
   1216, 312929
   1217, 313186
   1218, 313432
   1219, 313676
   1220, 313938
   1221, 314209
   1222, 314476
   1223, 314737
   1224, 315000
   1225, 315258
   1226, 315514
   1227, 315762
   1228, 316013
   1229, 316282
   1230, 316553
   1231, 316822
   1232, 317084
   1233, 317341
   1234, 317598
   1235, 317858
   1236, 318112
   1237, 318369
   1238, 318648
   1239, 318918
   1240, 319181
   1241, 319442
   1242, 319692
   1243, 319948
   1244, 320208
   1245, 320465
   1246, 320725
   1247, 321005
   1248, 321271
   1249, 321525
   1250, 321776
   1251, 322025
   1252, 322280
   1253, 322538
   1254, 322799
   1255, 323061
   1256, 323339
   1257, 323602
   1258, 323847
   1259, 324095
   1260, 324341
   1261, 324599
   1262, 324856
   1263, 325120
   1264, 325383
   1265, 325656
   1266, 325914
   1267, 326161
   1268, 326411
   1269, 326658
   1270, 326919
   1271, 327187
   1272, 327452
   1273, 327713
   1274, 327981
   1275, 328233
   1276, 328476
   1277, 328722
   1278, 328969
   1279, 329231
   1280, 329503
   1281, 329764
   1282, 330019
   1283, 330240
   1284, 330537
   1285, 330777
   1286, 331027
   1287, 331281
   1288, 331546
   1289, 331815
   1290, 332077
   1291, 332326
   1292, 332580
   1293, 332828
   1294, 333073
   1295, 333318
   1296, 333576
   1297, 333842
   1298, 334112
   1299, 334371
   1300, 334621
   1301, 334871
   1302, 335122
   1303, 335372
   1304, 335579
   1305, 335887
   1306, 336147
   1307, 336419
   1308, 336672
   1309, 336919
   1310, 337166
   1311, 337425
   1312, 337676
   1313, 337929
   1314, 338196
   1315, 338459
   1316, 338725
   1317, 338979
   1318, 339227
   1319, 339476
   1320, 339739
   1321, 339999
   1322, 340257
   1323, 340528
   1324, 340791
   1325, 341054
   1326, 341308
   1327, 341557
   1328, 341807
   1329, 342076
   1330, 342344
   1331, 342607
   1332, 342873
   1333, 343134
   1334, 343393
   1335, 343647
   1336, 343898
   1337, 344150
   1338, 344427
   1339, 344698
   1340, 344960
   1341, 345223
   1342, 345476
   1343, 345736
   1344, 345989
   1345, 346241
   1346, 346501
   1347, 346783
   1348, 347053
   1349, 347313
   1350, 347571
   1351, 347819
   1352, 348074
   1353, 348327
   1354, 348581
   1355, 348847
   1356, 349125
   1357, 349391
   1358, 349643
   1359, 349897
   1360, 350144
   1361, 350401
   1362, 350658
   1363, 350921
   1364, 351189
   1365, 351466
   1366, 351732
   1367, 351981
   1368, 352232
   1369, 352484
   1370, 352743
   1371, 353006
   1372, 353272
   1373, 353542
   1374, 353815
   1375, 354073
   1376, 354319
   1377, 354571
   1378, 354829
   1379, 355094
   1380, 355359
   1381, 355622
   1382, 355894
   1383, 356155
   1384, 356404
   1385, 356649
   1386, 356901
   1387, 357157
   1388, 357430
   1389, 357698
   1390, 357961
   1391, 358232
   1392, 358493
   1393, 358744
   1394, 358996
   1395, 359256
   1396, 359527
   1397, 359807
   1398, 360078
   1399, 360337
   1400, 360602
   1401, 360859
   1402, 361110
   1403, 361361
   1404, 361624
   1405, 361901
   1406, 362176
   1407, 362442
   1408, 362697
   1409, 362963
   1410, 363215
   1411, 363467
   1412, 363727
   1413, 363992
   1414, 364266
   1415, 364535
   1416, 364792
   1417, 365040
   1418, 365299
   1419, 365548
   1420, 365799
   1421, 366064
   1422, 366328
   1423, 366596
   1424, 366862
   1425, 367115
   1426, 367359
   1427, 367616
   1428, 367869
   1429, 368126
   1430, 368388
   1431, 368656
   1432, 368921
   1433, 369184
   1434, 369432
   1435, 369679
   1436, 369936
   1437, 370202
   1438, 370468
   1439, 370729
   1440, 370978
   1441, 371261
   1442, 371516
   1443, 371765
   1444, 372011
   1445, 372272
   1446, 372540
   1447, 372809
   1448, 373068
   1449, 373333
   1450, 373587
   1451, 373842
   1452, 374079
   1453, 374338
   1454, 374600
   1455, 374876
   1456, 375144
   1457, 375403
   1458, 375659
   1459, 375906
   1460, 376160
   1461, 376412
   1462, 376663
   1463, 376930
   1464, 377207
   1465, 377473
   1466, 377725
   1467, 377979
   1468, 378225
   1469, 378478
   1470, 378733
   1471, 378991
   1472, 379261
   1473, 379538
   1474, 379798
   1475, 380045
   1476, 380296
   1477, 380546
   1478, 380804
   1479, 381063
   1480, 381281
   1481, 381602
   1482, 381877
   1483, 382140
   1484, 382388
   1485, 382638
   1486, 382894
   1487, 383159
   1488, 383422
   1489, 383686
   1490, 383954
   1491, 384220
   1492, 384471
   1493, 384717
   1494, 384967
   1495, 385221
   1496, 385495
   1497, 385761
   1498, 386020
   1499, 386286
   1500, 386543
   1501, 386792
   1502, 387033
   1503, 387286
   1504, 387546
   1505, 387815
   1506, 388080
   1507, 388337
   1508, 388598
   1509, 388854
   1510, 389103
   1511, 389350
   1512, 389609
   1513, 389879
   1514, 390154
   1515, 390418
   1516, 390672
   1517, 390930
   1518, 391184
   1519, 391435
   1520, 391687
   1521, 391916
   1522, 392220
   1523, 392492
   1524, 392752
   1525, 392999
   1526, 393254
   1527, 393509
   1528, 393761
   1529, 394015
   1530, 394282
   1531, 394506
   1532, 394823
   1533, 395073
   1534, 395321
   1535, 395578
   1536, 395835
   1537, 396089
   1538, 396348
   1539, 396615
   1540, 396882
   1541, 397146
   1542, 397398
   1543, 397643
   1544, 397899
   1545, 398161
   1546, 398399
   1547, 398690
   1548, 398957
   1549, 399223
   1550, 399483
   1551, 399732
   1552, 399978
   1553, 400234
   1554, 400499
   1555, 400769
   1556, 401031
   1557, 401295
   1558, 401553
   1559, 401812
   1560, 402062
   1561, 402311
   1562, 402571
   1563, 402845
   1564, 403111
   1565, 403371
   1566, 403629
   1567, 403877
   1568, 404130
   1569, 404381
   1570, 404632
   1571, 404895
   1572, 405174
   1573, 405437
   1574, 405692
   1575, 405947
   1576, 406192
   1577, 406446
   1578, 406702
   1579, 406960
   1580, 407221
   1581, 407500
   1582, 407765
   1583, 407962
   1584, 408266
   1585, 408511
   1586, 408773
   1587, 409035
   1588, 409302
   1589, 409566
   1590, 409845
   1591, 410108
   1592, 410355
   1593, 410604
   1594, 410854
   1595, 411117
   1596, 411649
   1597, 411916
   1598, 412194
   1599, 412447
   1600, 412691
   1601, 412943
   1602, 413193
   1603, 413459
   1604, 413726
   1605, 413989
   1606, 414252
   1607, 414519
   1608, 414766
   1609, 415008
   1610, 415258
   1611, 415508
   1612, 415774
   1613, 416044
   1614, 416306
   1615, 416560
   1616, 416822
   1617, 417070
   1618, 417313
   1619, 417563
   1620, 417820
   1621, 418090
   1622, 418358
   1623, 418617
   1624, 418868
   1625, 419125
   1626, 419373
   1627, 419617
   1628, 419869
   1629, 420129
   1630, 420666
   1631, 420924
   1632, 421179
   1633, 421439
   1634, 421689
   1635, 421938
   1636, 422203
   1637, 422466
   1638, 422737
   1639, 422999
   1640, 423249
   1641, 423497
   1642, 423755
   1643, 424007
   1644, 424261
   1645, 424528
   1646, 424791
   1647, 425060
   1648, 425319
   1649, 425568
   1650, 425813
   1651, 426075
   1652, 426335
   1653, 426593
   1654, 426859
   1655, 427123
   1656, 427387
   1657, 427638
   1658, 427885
   1659, 428135
   1660, 428401
   1661, 428664
   1662, 428924
   1663, 429191
   1664, 429449
   1665, 429709
   1666, 429957
   1667, 430204
   1668, 430454
   1669, 430724
   1670, 430987
   1671, 431246
   1672, 431508
   1673, 431760
   1674, 432013
   1675, 432266
   1676, 432515
   1677, 432764
   1678, 433040
   1679, 433308
   1680, 433567
   1681, 433825
   1682, 434077
   1683, 434331
   1684, 434591
   1685, 434844
   1686, 435097
   1687, 435373
   1688, 435645
   1689, 435905
   1690, 436155
   1691, 436407
   1692, 436661
   1693, 436919
   1694, 437175
   1695, 437435
   1696, 437708
   1697, 437976
   1698, 438234
   1699, 438480
   1700, 438731
   1701, 438985
   1702, 439248
   1703, 439508
   1704, 439771
   1705, 440044
   1706, 440309
   1707, 440564
   1708, 440810
   1709, 441063
   1710, 441320
   1711, 441589
   1712, 441854
   1713, 442115
   1714, 442383
   1715, 442645
   1716, 442892
   1717, 443134
   1718, 443388
   1719, 443644
   1720, 443914
   1721, 444175
   1722, 444432
   1723, 444699
   1724, 444958
   1725, 445206
   1726, 445451
   1727, 445709
   1728, 445977
   1729, 446251
   1730, 446514
   1731, 446769
   1732, 447029
   1733, 447283
   1734, 447531
   1735, 447780
   1736, 448038
   1737, 448311
   1738, 448586
   1739, 448846
   1740, 449097
   1741, 449356
   1742, 449610
   1743, 449861
   1744, 450117
   1745, 450379
   1746, 450649
   1747, 450924
   1748, 451179
   1749, 451422
   1750, 451679
   1751, 451930
   1752, 452184
   1753, 452444
   1754, 452713
   1755, 452984
   1756, 453253
   1757, 453507
   1758, 453752
   1759, 454013
   1760, 454269
   1761, 454525
   1762, 454790
   1763, 455057
   1764, 455326
   1765, 455584
   1766, 455833
   1767, 456079
   1768, 456338
   1769, 456598
   1770, 456860
   1771, 457125
   1772, 457385
   1773, 457648
   1774, 457903
   1775, 458150
   1776, 458395
   1777, 458659
   1778, 458922
   1779, 459182
   1780, 459446
   1781, 459704
   1782, 459960
   1783, 460214
   1784, 460460
   1785, 460706
   1786, 460979
   1787, 461246
   1788, 461505
   1789, 461767
   1790, 462023
   1791, 462275
   1792, 462528
   1793, 462779
   1794, 463027
   1795, 463297
   1796, 463566
   1797, 463826
   1798, 464081
   1799, 464331
   1800, 464582
   1801, 464838
   1802, 465088
   1803, 465342
   1804, 465611
   1805, 465881
   1806, 466143
   1807, 466389
   1808, 466635
   1809, 466882
   1810, 467138
   1811, 467390
   1812, 467645
   1813, 467911
   1814, 468185
   1815, 468440
   1816, 468683
   1817, 468931
   1818, 469178
   1819, 469436
   1820, 469697
   1821, 469961
   1822, 470228
   1823, 470502
   1824, 470755
   1825, 470998
   1826, 471250
   1827, 471501
   1828, 471765
   1829, 472032
   1830, 472298
   1831, 472560
   1832, 472831
   1833, 473084
   1834, 473327
   1835, 473578
   1836, 473834
   1837, 474076
   1838, 474374
   1839, 474638
   1840, 474896
   1841, 475160
   1842, 475412
   1843, 475654
   1844, 475907
   1845, 476166
   1846, 476439
   1847, 476707
   1848, 476964
   1849, 477217
   1850, 477477
   1851, 477725
   1852, 477971
   1853, 478227
   1854, 478488
   1855, 478759
   1856, 479025
   1857, 479278
   1858, 479527
   1859, 479786
   1860, 480037
   1861, 480288
   1862, 480551
   1863, 480815
   1864, 481084
   1865, 481346
   1866, 481598
   1867, 481843
   1868, 482102
   1869, 482354
   1870, 482607
   1871, 482873
   1872, 483136
   1873, 483404
   1874, 483658
   1875, 483905
   1876, 484152
   1877, 484412
   1878, 484669
   1879, 484925
   1880, 485188
   1881, 485452
   1882, 485714
   1883, 485963
   1884, 486206
   1885, 486453
   1886, 486718
   1887, 486976
   1888, 487231
   1889, 487495
   1890, 487753
   1891, 488012
   1892, 488263
   1893, 488508
   1894, 488755
   1895, 489025
   1896, 489290
   1897, 489548
   1898, 489811
   1899, 490066
   1900, 490320
   1901, 490569
   1902, 490817
   1903, 491066
   1904, 491341
   1905, 491609
   1906, 491867
   1907, 492125
   1908, 492375
   1909, 492630
   1910, 492880
   1911, 493129
   1912, 493384
   1913, 493660
   1914, 493924
   1915, 494179
   1916, 494431
   1917, 494676
   1918, 494928
   1919, 495183
   1920, 495435
   1921, 495694
   1922, 495968
   1923, 496231
   1924, 496486
   1925, 496736
   1926, 496983
   1927, 497234
   1928, 497496
   1929, 497756
   1930, 498014
   1931, 498287
   1932, 498551
   1933, 498803
   1934, 499047
   1935, 499295
   1936, 499549
   1937, 499815
   1938, 500080
   1939, 500339
   1940, 500608
   1941, 500872
   1942, 501123
   1943, 501362
   1944, 501612
   1945, 501869
   1946, 502132
   1947, 502394
   1948, 502655
   1949, 502918
   1950, 503174
   1951, 503419
   1952, 503660
   1953, 503912
   1954, 504170
   1955, 504440
   1956, 504705
   1957, 504966
   1958, 505223
   1959, 505485
   1960, 505733
   1961, 505977
   1962, 506235
   1963, 506495
   1964, 506770
   1965, 507038
   1966, 507293
   1967, 507543
   1968, 507805
   1969, 508058
   1970, 508303
   1971, 508568
   1972, 508832
   1973, 509103
   1974, 509367
   1975, 509618
   1976, 509867
   1977, 510129
   1978, 510382
   1979, 510634
   1980, 510900
   1981, 511146
   1982, 511436
   1983, 511690
   1984, 511944
   1985, 512195
   1986, 512458
   1987, 512716
   1988, 512977
   1989, 513245
   1990, 513508
   1991, 513774
   1992, 514024
   1993, 514269
   1994, 514520
   1995, 514782
   1996, 515041
   1997, 515302
   1998, 515568
   1999, 515825
   2000, 516086
   2001, 516334
   2002, 516577
   2003, 516830
   2004, 517096
   2005, 517362
   2006, 517618
   2007, 517882
   2008, 518137
   2009, 518391
   2010, 518638
   2011, 518881
   2012, 519135
   2013, 519405
   2014, 519671
   2015, 519928
   2016, 520187
   2017, 520440
   2018, 520691
   2019, 520939
   2020, 521188
   2021, 521447
   2022, 521721
   2023, 521988
   2024, 522248
   2025, 522505
   2026, 522751
   2027, 523005
   2028, 523256
   2029, 523507
   2030, 523769
   2031, 524043
   2032, 524268
   2033, 524557
   2034, 524813
   2035, 525052
   2036, 525303
   2037, 525549
   2038, 525799
   2039, 526058
   2040, 526329
   2041, 526584
   2042, 526823
   2043, 527066
   2044, 527307
   2045, 527553
   2046, 527804
   2047, 528060
   2048, 528314
   2049, 528579
   2050, 528835
   2051, 529079
   2052, 529318
   2053, 529556
   2054, 529799
   2055, 530045
   2056, 530294
   2057, 530542
   2058, 530790
   2059, 531042
   2060, 531273
   2061, 531496
   2062, 531711
   2063, 531928
   2064, 532151
   2065, 532379
   2066, 532619
   2067, 532865
   2068, 533101
   2069, 533350
   2070, 533578
   2071, 533809
   2072, 534036
   2073, 534273
   2074, 534513
   2075, 534761
   2076, 535006
   2077, 535248
   2078, 535484
   2079, 535730
   2080, 535961
   2081, 536192
   2082, 536434
   2083, 536686
   2084, 536949
   2085, 537212
   2086, 537460
   2087, 537699
   2088, 537943
   2089, 538192
   2090, 538433
   2091, 538674
   2092, 538931
   2093, 539188
   2094, 539449
   2095, 539699
   2096, 539943
   2097, 540186
   2098, 540444
   2099, 540699
   2100, 540953
   2101, 541222
   2102, 541488
   2103, 541763
   2104, 542021
   2105, 542272
   2106, 542532
   2107, 542801
   2108, 543066
   2109, 543335
   2110, 543607
   2111, 543878
   2112, 544149
   2113, 544404
   2114, 544656
   2115, 544925
   2116, 545164
   2117, 545468
   2118, 545738
   2119, 546008
   2120, 546268
   2121, 546527
   2122, 546775
   2123, 547021
   2124, 547284
   2125, 547551
   2126, 547811
   2127, 548075
   2128, 548333
   2129, 548592
   2130, 548849
   2131, 549101
   2132, 549354
   2133, 549631
   2134, 549905
   2135, 550171
   2136, 550435
   2137, 550688
   2138, 550950
   2139, 551207
   2140, 551463
   2141, 551729
   2142, 552016
   2143, 552288
   2144, 552551
   2145, 552814
   2146, 553069
   2147, 553330
   2148, 553588
   2149, 553850
   2150, 554127
   2151, 554408
   2152, 554679
   2153, 554937
   2154, 555197
   2155, 555457
   2156, 555725
   2157, 555991
   2158, 556261
   2159, 556546
   2160, 556825
   2161, 557087
   2162, 557342
   2163, 557599
   2164, 557867
   2165, 558138
   2166, 558406
   2167, 558677
   2168, 558962
   2169, 559225
   2170, 559477
   2171, 559731
   2172, 559984
   2173, 560253
   2174, 560523
   2175, 560793
   2176, 561059
   2177, 561333
   2178, 561585
   2179, 561830
   2180, 562084
   2181, 562336
   2182, 562604
   2183, 562876
   2184, 563145
   2185, 563403
   2186, 563669
   2187, 563921
   2188, 564166
   2189, 564420
   2190, 564674
   2191, 564941
   2192, 565206
   2193, 565460
   2194, 565706
   2195, 565946
   2196, 566179
   2197, 566416
   2198, 566641
   2199, 566891
   2200, 567137
   2201, 567392
   2202, 567623
   2203, 567869
   2204, 568094
   2205, 568338
   2206, 568454
   2207, 568564
   2208, 568803
   2209, 569041
   2210, 569294
   2211, 569540
   2212, 569790
   2213, 570024
   2214, 570251
   2215, 570484
   2216, 570751
   2217, 570958
   2218, 571191
   2219, 571435
   2220, 571676
   2221, 571923
   2222, 572167
   2223, 572396
   2224, 572620
   2225, 572857
   2226, 573106
   2227, 573355
   2228, 573601
   2229, 573858
   2230, 574110
   2231, 574363
   2232, 574611
   2233, 574855
   2234, 575103
   2235, 575374
   2236, 575640
   2237, 575900
   2238, 576165
   2239, 576425
   2240, 576683
   2241, 576933
   2242, 577184
   2243, 577444
   2244, 577721
   2245, 577992
   2246, 578257
   2247, 578523
   2248, 578779
   2249, 579039
   2250, 579292
   2251, 579545
   2252, 579816
   2253, 580095
   2254, 580347
   2255, 580622
   2256, 580878
   2257, 581130
   2258, 581388
   2259, 581638
   2260, 581889
   2261, 582160
   2262, 582434
   2263, 582695
   2264, 582947
   2265, 583199
   2266, 583451
   2267, 583666
   2268, 583964
   2269, 584221
   2270, 584505
   2271, 584775
   2272, 585037
   2273, 585289
   2274, 585545
   2275, 585806
   2276, 586073
   2277, 586339
   2278, 586609
   2279, 586890
   2280, 587156
   2281, 587408
   2282, 587662
   2283, 587912
   2284, 588174
   2285, 588441
   2286, 588708
   2287, 588974
   2288, 589254
   2289, 589514
   2290, 589760
   2291, 590013
   2292, 590265
   2293, 590533
   2294, 590807
   2295, 591076
   2296, 591348
   2297, 591625
   2298, 591887
   2299, 592139
   2300, 592402
   2301, 592673
   2302, 592953
   2303, 593229
   2304, 593501
   2305, 593774
   2306, 594038
   2307, 594298
   2308, 594555
   2309, 594823
   2310, 595104
   2311, 595390
   2312, 595663
   2313, 595926
   2314, 596171
   2315, 596451
   2316, 596704
   2317, 596971
   2318, 597240
   2319, 597522
   2320, 597800
   2321, 598062
   2322, 598316
   2323, 598584
   2324, 598840
   2325, 599093
   2326, 599362
   2327, 599632
   2328, 599907
   2329, 600176
   2330, 600434
   2331, 600686
   2332, 600957
   2333, 601219
   2334, 601482
   2335, 601759
   2336, 602030
   2337, 602302
   2338, 602560
   2339, 602813
   2340, 603066
   2341, 603333
   2342, 603546
   2343, 603868
   2344, 604136
   2345, 604409
   2346, 604675
   2347, 604928
   2348, 605180
   2349, 605441
   2350, 605717
   2351, 605991
   2352, 606258
   2353, 606529
   2354, 606793
   2355, 607056
   2356, 607306
   2357, 607555
   2358, 607829
   2359, 608074
   2360, 608377
   2361, 608645
   2362, 608914
   2363, 609175
   2364, 609438
   2365, 609694
   2366, 609955
   2367, 610242
   2368, 610518
   2369, 610784
   2370, 611050
   2371, 611311
   2372, 611577
   2373, 611840
   2374, 612107
   2375, 612382
   2376, 612667
   2377, 612939
   2378, 613198
   2379, 613453
   2380, 613711
   2381, 613977
   2382, 614240
   2383, 614509
   2384, 614794
   2385, 615072
   2386, 615338
   2387, 615598
   2388, 615856
   2389, 616123
   2390, 616396
   2391, 616671
   2392, 616947
   2393, 617237
   2394, 617504
   2395, 617759
   2396, 618019
   2397, 618280
   2398, 618550
   2399, 618823
   2400, 619094
   2401, 619371
   2402, 619643
   2403, 619901
   2404, 620150
   2405, 620406
   2406, 620671
   2407, 620947
   2408, 621219
   2409, 621485
   2410, 621762
   2411, 622024
   2412, 622277
   2413, 622534
   2414, 622796
   2415, 623074
   2416, 623355
   2417, 623626
   2418, 623896
   2419, 624168
   2420, 624424
   2421, 624674
   2422, 624936
   2423, 625202
   2424, 625483
   2425, 625756
   2426, 626022
   2427, 626287
   2428, 626554
   2429, 626813
   2430, 627069
   2431, 627342
   2432, 627619
   2433, 627902
   2434, 628175
   2435, 628434
   2436, 628698
   2437, 628963
   2438, 629225
   2439, 629491
   2440, 629768
   2441, 630051
   2442, 630332
   2443, 630595
   2444, 630851
   2445, 631119
   2446, 631387
   2447, 631626
   2448, 631932
   2449, 632207
   2450, 632488
   2451, 632752
   2452, 633006
   2453, 633258
   2454, 633528
   2455, 633792
   2456, 634058
   2457, 634331
   2458, 634597
   2459, 634866
   2460, 635124
   2461, 635378
   2462, 635638
   2463, 635916
   2464, 636191
   2465, 636461
   2466, 636738
   2467, 637002
   2468, 637266
   2469, 637526
   2470, 637781
   2471, 638051
   2472, 638335
   2473, 638613
   2474, 638880
   2475, 639150
   2476, 639417
   2477, 639684
   2478, 639943
   2479, 640207
   2480, 640490
   2481, 640758
   2482, 641013
   2483, 641259
   2484, 641498
   2485, 641740
   2486, 641984
   2487, 642223
   2488, 642463
   2489, 642729
   2490, 642985
   2491, 643237
   2492, 643478
   2493, 643716
   2494, 643953
   2495, 644198
   2496, 644447
   2497, 644694
   2498, 644956
   2499, 645224
   2500, 645477
   2501, 645716
   2502, 645958
   2503, 646201
   2504, 646454
   2505, 646711
   2506, 646976
   2507, 647244
   2508, 647522
   2509, 647786
   2510, 648036
   2511, 648292
   2512, 648553
   2513, 648782
   2514, 649102
   2515, 649372
   2516, 649658
   2517, 649926
