      0,   1129
      1,   1417
      2,   1740
      3,   2041
      4,   2345
      5,   2642
      6,   2962
      7,   3280
      8,   3582
      9,   3889
     10,   4196
     11,   4496
     12,   4788
     13,   5103
     14,   5420
     15,   5727
     16,   6046
     17,   6345
     18,   6639
     19,   6936
     20,   7263
     21,   7580
     22,   7885
     23,   8197
     24,   8500
     25,   8803
     26,   9105
     27,   9424
     28,   9735
     29,  10043
     30,  10363
     31,  10671
     32,  10971
     33,  11276
     34,  11605
     35,  11937
     36,  12254
     37,  12574
     38,  12890
     39,  13198
     40,  13514
     41,  13846
     42,  14170
     43,  14482
     44,  14800
     45,  15111
     46,  15404
     47,  15719
     48,  16035
     49,  16361
     50,  16666
     51,  16974
     52,  17268
     53,  17556
     54,  17889
     55,  18204
     56,  18518
     57,  18824
     58,  19152
     59,  19451
     60,  19751
     61,  20072
     62,  20397
     63,  20732
     64,  21035
     65,  21342
     66,  21642
     67,  21941
     68,  22272
     69,  22617
     70,  22944
     71,  23256
     72,  23569
     73,  23878
     74,  24185
     75,  24504
     76,  24837
     77,  25146
     78,  25455
     79,  25769
     80,  26068
     81,  26372
     82,  26696
     83,  27032
     84,  27364
     85,  27675
     86,  27985
     87,  28301
     88,  28623
     89,  28956
     90,  29285
     91,  29597
     92,  29904
     93,  30215
     94,  30525
     95,  30847
     96,  31160
     97,  31497
     98,  31815
     99,  32132
    100,  32442
    101,  32756
    102,  33074
    103,  33406
    104,  33728
    105,  34018
    106,  34324
    107,  34636
    108,  34940
    109,  35265
    110,  35606
    111,  35934
    112,  36244
    113,  36562
    114,  36880
    115,  37182
    116,  37510
    117,  37838
    118,  38148
    119,  38448
    120,  38746
    121,  39047
    122,  39332
    123,  39669
    124,  39988
    125,  40309
    126,  40630
    127,  40940
    128,  41244
    129,  41563
    130,  41877
    131,  42206
    132,  42525
    133,  42845
    134,  43155
    135,  43455
    136,  43761
    137,  44090
    138,  44424
    139,  44728
    140,  45033
    141,  45345
    142,  45661
    143,  45957
    144,  46302
    145,  46634
    146,  46955
    147,  47260
    148,  47574
    149,  47874
    150,  48189
    151,  48518
    152,  48849
    153,  49138
    154,  49451
    155,  49765
    156,  50069
    157,  50401
    158,  50710
    159,  51005
    160,  51310
    161,  51634
    162,  51949
    163,  52239
    164,  52557
    165,  52889
    166,  53211
    167,  53521
    168,  53832
    169,  54106
    170,  54431
    171,  54761
    172,  55069
    173,  55390
    174,  55704
    175,  56015
    176,  56325
    177,  56617
    178,  56923
    179,  57233
    180,  57544
    181,  57857
    182,  58172
    183,  58472
    184,  58774
    185,  59099
    186,  59418
    187,  59724
    188,  60045
    189,  60340
    190,  60643
    191,  60951
    192,  61254
    193,  61568
    194,  61878
    195,  62191
    196,  62491
    197,  62783
    198,  63074
    199,  63390
    200,  63720
    201,  64018
    202,  64324
    203,  64425
    204,  64614
    205,  64917
    206,  65212
    207,  65535
    208,  65846
    209,  66148
    210,  66454
    211,  66756
    212,  67046
    213,  67323
    214,  67623
    215,  67930
    216,  68235
    217,  68527
    218,  68813
    219,  69105
    220,  69385
    221,  69654
    222,  69967
    223,  70280
    224,  70579
    225,  70883
    226,  71192
    227,  71479
    228,  71743
    229,  72053
    230,  72370
    231,  72678
    232,  72991
    233,  73285
    234,  73567
    235,  73853
    236,  74192
    237,  74498
    238,  74802
    239,  75084
    240,  75384
    241,  75683
    242,  75960
    243,  76273
    244,  76586
    245,  76901
    246,  77203
    247,  77502
    248,  77790
    249,  78051
    250,  78356
    251,  78681
    252,  79002
    253,  79281
    254,  79600
    255,  79897
    256,  80199
    257,  80523
    258,  80839
    259,  81145
    260,  81450
    261,  81760
    262,  82069
    263,  82375
    264,  82679
    265,  82994
    266,  83319
    267,  83637
    268,  83954
    269,  84261
    270,  84570
    271,  84890
    272,  85231
    273,  85549
    274,  85849
    275,  86170
    276,  86456
    277,  86772
    278,  87094
    279,  87213
    280,  87416
    281,  87750
    282,  88053
    283,  88363
    284,  88664
    285,  88963
    286,  89282
    287,  89601
    288,  89913
    289,  90223
    290,  90528
    291,  90827
    292,  91125
    293,  91431
    294,  91761
    295,  92075
    296,  92366
    297,  92682
    298,  92980
    299,  93279
    300,  93592
    301,  93919
    302,  94232
    303,  94529
    304,  94832
    305,  95111
    306,  95425
    307,  95735
    308,  96054
    309,  96364
    310,  96670
    311,  96967
    312,  97268
    313,  97566
    314,  97885
    315,  98210
    316,  98534
    317,  98832
    318,  99145
    319,  99444
    320,  99724
    321, 100036
    322, 100366
    323, 100693
    324, 101000
    325, 101293
    326, 101612
    327, 101903
    328, 102224
    329, 102545
    330, 102876
    331, 103158
    332, 103463
    333, 103764
    334, 104063
    335, 104388
    336, 104719
    337, 105031
    338, 105319
    339, 105623
    340, 105922
    341, 106217
    342, 106539
    343, 106857
    344, 107162
    345, 107484
    346, 107806
    347, 108112
    348, 108418
    349, 108727
    350, 109042
    351, 109352
    352, 109672
    353, 109975
    354, 110276
    355, 110574
    356, 110887
    357, 111210
    358, 111529
    359, 111834
    360, 112133
    361, 112439
    362, 112749
    363, 113077
    364, 113380
    365, 113707
    366, 114024
    367, 114342
    368, 114632
    369, 114934
    370, 115262
    371, 115587
    372, 115894
    373, 116206
    374, 116510
    375, 116819
    376, 117121
    377, 117424
    378, 117747
    379, 118043
    380, 118353
    381, 118675
    382, 118982
    383, 119259
    384, 119590
    385, 119914
    386, 120231
    387, 120534
    388, 120844
    389, 121143
    390, 121425
    391, 121750
    392, 122078
    393, 122373
    394, 122681
    395, 122990
    396, 123303
    397, 123574
    398, 123902
    399, 124222
    400, 124526
    401, 124839
    402, 125148
    403, 125433
    404, 125722
    405, 126049
    406, 126372
    407, 126691
    408, 126994
    409, 127293
    410, 127595
    411, 127897
    412, 128221
    413, 128550
    414, 128849
    415, 129172
    416, 129477
    417, 129775
    418, 130073
    419, 130409
    420, 130721
    421, 131035
    422, 131350
    423, 131655
    424, 131964
    425, 132277
    426, 132611
    427, 132924
    428, 133234
    429, 133544
    430, 133848
    431, 134164
    432, 134459
    433, 134777
    434, 135103
    435, 135410
    436, 135720
    437, 136002
    438, 136311
    439, 136622
    440, 136952
    441, 137283
    442, 137593
    443, 137907
    444, 138225
    445, 138500
    446, 138814
    447, 139132
    448, 139456
    449, 139759
    450, 140070
    451, 140369
    452, 140665
    453, 140971
    454, 141295
    455, 141591
    456, 141906
    457, 142214
    458, 142516
    459, 142821
    460, 143135
    461, 143449
    462, 143770
    463, 144082
    464, 144388
    465, 144692
    466, 144997
    467, 145322
    468, 145648
    469, 145980
    470, 146304
    471, 146608
    472, 146894
    473, 147195
    474, 147527
    475, 147850
    476, 148160
    477, 148467
    478, 148787
    479, 149089
    480, 149358
    481, 149679
    482, 150000
    483, 150346
    484, 150658
    485, 150964
    486, 151258
    487, 151575
    488, 151900
    489, 152230
    490, 152539
    491, 152847
    492, 153159
    493, 153471
    494, 153773
    495, 154090
    496, 154414
    497, 154737
    498, 155064
    499, 155370
    500, 155661
    501, 155971
    502, 156282
    503, 156619
    504, 156929
    505, 157239
    506, 157530
    507, 157835
    508, 158154
    509, 158484
    510, 158796
    511, 159120
    512, 159447
    513, 159750
    514, 160055
    515, 160371
    516, 160701
    517, 161024
    518, 161336
    519, 161647
    520, 161944
    521, 162240
    522, 162544
    523, 162864
    524, 163189
    525, 163497
    526, 163813
    527, 164119
    528, 164424
    529, 164732
    530, 165060
    531, 165378
    532, 165686
    533, 165984
    534, 166290
    535, 166603
    536, 166904
    537, 167250
    538, 167569
    539, 167866
    540, 168188
    541, 168477
    542, 168795
    543, 169115
    544, 169412
    545, 169732
    546, 170043
    547, 170353
    548, 170660
    549, 170964
    550, 171267
    551, 171585
    552, 171913
    553, 172228
    554, 172529
    555, 172815
    556, 173108
    557, 173420
    558, 173757
    559, 174068
    560, 174375
    561, 174686
    562, 174990
    563, 175288
    564, 175590
    565, 175902
    566, 176224
    567, 176544
    568, 176849
    569, 177145
    570, 177432
    571, 177749
    572, 178085
    573, 178380
    574, 178696
    575, 178991
    576, 179286
    577, 179579
    578, 179897
    579, 180190
    580, 180518
    581, 180830
    582, 181143
    583, 181450
    584, 181735
    585, 182047
    586, 182371
    587, 182698
    588, 183011
    589, 183324
    590, 183617
    591, 183933
    592, 184254
    593, 184570
    594, 184894
    595, 185201
    596, 185509
    597, 185805
    598, 186108
    599, 186348
    600, 186732
    601, 187057
    602, 187357
    603, 187934
    604, 188221
    605, 188517
    606, 188833
    607, 189138
    608, 189428
    609, 189738
    610, 190037
    611, 190336
    612, 190626
    613, 190956
    614, 191272
    615, 191591
    616, 191906
    617, 192220
    618, 192524
    619, 192837
    620, 193170
    621, 193488
    622, 193803
    623, 194113
    624, 194411
    625, 194716
    626, 195040
    627, 195362
    628, 195682
    629, 196010
    630, 196325
    631, 196632
    632, 196928
    633, 197252
    634, 197878
    635, 198178
    636, 198500
    637, 199397
    638, 199706
    639, 200309
    640, 200611
    641, 200904
    642, 201195
    643, 201499
    644, 201808
    645, 202120
    646, 202415
    647, 202714
    648, 203000
    649, 203295
    650, 203586
    651, 203904
    652, 204215
    653, 204509
    654, 204812
    655, 205111
    656, 205407
    657, 205695
    658, 206002
    659, 206313
    660, 206615
    661, 206922
    662, 207228
    663, 207526
    664, 207817
    665, 208130
    666, 208441
    667, 208748
    668, 209045
    669, 209343
    670, 209639
    671, 209936
    672, 210249
    673, 210556
    674, 210868
    675, 211165
    676, 211467
    677, 211761
    678, 212047
    679, 212360
    680, 212678
    681, 213288
    682, 213588
    683, 213882
    684, 214166
    685, 214477
    686, 214794
    687, 215108
    688, 215402
    689, 215703
    690, 216002
    691, 216596
    692, 216904
    693, 217214
    694, 217519
    695, 217818
    696, 218109
    697, 218687
    698, 218997
    699, 219307
    700, 219602
    701, 219903
    702, 220196
    703, 220483
    704, 220763
    705, 221069
    706, 221379
    707, 221680
    708, 221971
    709, 222273
    710, 222568
    711, 222855
    712, 223162
    713, 223480
    714, 223790
    715, 224081
    716, 224374
    717, 224672
    718, 224961
    719, 225268
    720, 225587
    721, 225903
    722, 226205
    723, 226514
    724, 226816
    725, 227118
    726, 227434
    727, 227755
    728, 228381
    729, 228699
    730, 229001
    731, 229300
    732, 229624
    733, 229957
    734, 230271
    735, 230575
    736, 230887
    737, 231195
    738, 231812
    739, 232132
    740, 232757
    741, 233064
    742, 233360
    743, 233654
    744, 233975
    745, 234305
    746, 234630
    747, 234953
    748, 235522
    749, 235829
    750, 236157
    751, 236480
    752, 237103
    753, 237415
    754, 237715
    755, 238014
    756, 238340
    757, 238665
    758, 238988
    759, 239299
    760, 239612
    761, 239909
    762, 240210
    763, 240542
    764, 240864
    765, 241179
    766, 241493
    767, 241809
    768, 242105
    769, 242400
    770, 242716
    771, 243031
    772, 243349
    773, 243668
    774, 243967
    775, 244270
    776, 244573
    777, 244903
    778, 245530
    779, 245849
    780, 246155
    781, 246460
    782, 246765
    783, 247088
    784, 247405
    785, 247711
    786, 248036
    787, 248343
    788, 248940
    789, 249263
    790, 249593
    791, 249909
    792, 250222
    793, 250524
    794, 250826
    795, 251127
    796, 251451
    797, 251765
    798, 252074
    799, 252384
    800, 252687
    801, 252989
    802, 253596
    803, 253915
    804, 254228
    805, 254845
    806, 255150
    807, 255457
    808, 256104
    809, 256406
    810, 257026
    811, 257327
    812, 257632
    813, 257952
    814, 258273
    815, 258587
    816, 258899
    817, 259196
    818, 260107
    819, 260424
    820, 260725
    821, 261033
    822, 261336
    823, 261955
    824, 262279
    825, 262600
    826, 262921
    827, 263241
    828, 263550
    829, 263854
    830, 264176
    831, 264832
    832, 265143
    833, 265450
    834, 265749
    835, 266048
    836, 266358
    837, 266674
    838, 266987
    839, 267291
    840, 267595
    841, 267922
    842, 268188
    843, 268494
    844, 268812
    845, 269141
    846, 269451
    847, 269763
    848, 270066
    849, 270366
    850, 270694
    851, 271028
    852, 271353
    853, 271660
    854, 271973
    855, 272270
    856, 272563
    857, 272877
    858, 273190
    859, 273500
    860, 273808
    861, 274120
    862, 274713
    863, 275041
    864, 275367
    865, 275690
    866, 275984
    867, 276286
    868, 276585
    869, 277191
    870, 277513
    871, 277826
    872, 278138
    873, 278437
    874, 278734
    875, 279026
    876, 279343
    877, 279661
    878, 279979
    879, 280281
    880, 280589
    881, 280875
    882, 281167
    883, 281490
    884, 281813
    885, 282127
    886, 282432
    887, 282744
    888, 283056
    889, 283357
    890, 283670
    891, 283990
    892, 284320
    893, 284630
    894, 284929
    895, 285228
    896, 285527
    897, 285850
    898, 286174
    899, 286493
    900, 286805
    901, 287096
    902, 287402
    903, 287694
    904, 288019
    905, 288315
    906, 288634
    907, 288940
    908, 289248
    909, 289546
    910, 289851
    911, 290177
    912, 290514
    913, 290842
    914, 291154
    915, 291472
    916, 291782
    917, 292095
    918, 292430
    919, 292757
    920, 293070
    921, 293396
    922, 293707
    923, 294019
    924, 294320
    925, 294649
    926, 294979
    927, 295288
    928, 295599
    929, 295906
    930, 296206
    931, 296520
    932, 296845
    933, 297167
    934, 297471
    935, 298073
    936, 298372
    937, 298671
    938, 298988
    939, 299294
    940, 299598
    941, 299909
    942, 300209
    943, 300804
    944, 301119
    945, 301438
    946, 301743
    947, 302050
    948, 302349
    949, 302651
    950, 302945
    951, 303259
    952, 303570
    953, 303873
    954, 304178
    955, 304474
    956, 304767
    957, 305056
    958, 305685
    959, 305996
    960, 306298
    961, 306596
    962, 306897
    963, 307190
    964, 307511
    965, 307823
    966, 308134
    967, 308440
    968, 308751
    969, 309048
    970, 309344
    971, 309660
    972, 309978
    973, 310302
    974, 310617
    975, 310920
    976, 311215
    977, 311832
    978, 312149
    979, 312454
    980, 313053
    981, 313350
    982, 313643
    983, 313951
    984, 314260
    985, 314568
    986, 314866
    987, 315170
    988, 315460
    989, 315749
    990, 316062
    991, 316383
    992, 316702
    993, 317002
    994, 317302
    995, 317598
    996, 317906
    997, 318199
    998, 318504
    999, 318814
   1000, 319107
   1001, 319695
   1002, 319979
   1003, 320267
   1004, 320580
   1005, 320896
   1006, 321197
   1007, 321790
   1008, 322085
   1009, 322376
   1010, 322693
   1011, 323006
   1012, 323300
   1013, 323597
   1014, 323898
   1015, 324181
   1016, 324456
   1017, 324763
   1018, 325072
   1019, 325670
   1020, 325969
   1021, 326525
   1022, 326854
   1023, 327170
   1024, 327483
   1025, 327784
   1026, 328079
   1027, 328370
   1028, 328669
   1029, 328977
   1030, 329291
   1031, 329917
   1032, 330225
   1033, 330520
   1034, 330813
   1035, 331118
   1036, 331434
   1037, 332041
   1038, 332341
   1039, 332631
   1040, 332929
   1041, 333224
   1042, 333540
   1043, 333852
   1044, 334161
   1045, 334469
   1046, 334779
   1047, 335089
   1048, 335390
   1049, 335711
   1050, 336038
   1051, 336353
   1052, 336667
   1053, 336975
   1054, 337285
   1055, 337595
   1056, 337923
   1057, 338249
   1058, 338558
   1059, 338866
   1060, 339174
   1061, 339780
   1062, 340101
   1063, 340421
   1064, 340727
   1065, 341036
   1066, 341333
   1067, 341626
   1068, 342252
   1069, 342568
   1070, 342869
   1071, 343175
   1072, 343478
   1073, 343770
   1074, 344079
   1075, 344398
   1076, 344718
   1077, 345025
   1078, 345340
   1079, 345918
   1080, 346241
   1081, 346865
   1082, 347144
   1083, 347469
   1084, 347759
   1085, 348054
   1086, 348356
   1087, 348669
   1088, 348970
   1089, 349265
   1090, 349569
   1091, 349860
   1092, 350154
   1093, 350744
   1094, 351054
   1095, 351367
   1096, 351666
   1097, 351962
   1098, 352258
   1099, 352866
   1100, 353191
   1101, 353504
   1102, 353806
   1103, 354111
   1104, 354415
   1105, 354712
   1106, 355030
   1107, 355351
   1108, 355662
   1109, 355969
   1110, 356276
   1111, 356578
   1112, 356871
   1113, 357196
   1114, 357523
   1115, 357842
   1116, 358148
   1117, 358456
   1118, 358753
   1119, 359050
   1120, 359364
   1121, 359676
   1122, 359996
   1123, 360287
   1124, 360587
   1125, 360878
   1126, 361161
   1127, 361471
   1128, 361782
   1129, 362096
   1130, 362397
   1131, 362702
   1132, 362999
   1133, 363297
   1134, 363606
   1135, 363924
   1136, 364240
   1137, 364541
   1138, 364847
   1139, 365146
   1140, 365441
   1141, 365750
   1142, 366069
   1143, 366396
   1144, 366701
   1145, 367005
   1146, 367306
   1147, 367600
   1148, 367932
   1149, 368261
   1150, 368577
   1151, 368890
   1152, 369197
   1153, 369520
   1154, 369821
   1155, 370141
   1156, 370467
   1157, 370785
   1158, 371087
   1159, 371405
   1160, 371706
   1161, 372000
   1162, 372329
   1163, 372651
   1164, 372961
   1165, 373280
   1166, 373592
   1167, 373885
   1168, 374194
   1169, 374516
   1170, 374842
   1171, 375149
   1172, 375474
   1173, 375789
   1174, 376092
   1175, 376384
   1176, 376703
   1177, 377023
   1178, 377336
   1179, 377648
   1180, 377948
   1181, 378249
   1182, 378553
   1183, 378876
   1184, 379198
   1185, 379496
   1186, 379825
   1187, 380132
   1188, 380434
   1189, 380737
   1190, 381051
   1191, 381381
   1192, 381704
   1193, 382017
   1194, 382312
   1195, 382618
   1196, 382924
   1197, 383261
   1198, 383584
   1199, 383894
   1200, 384203
   1201, 384514
   1202, 384823
   1203, 385136
   1204, 385462
   1205, 385793
   1206, 386098
   1207, 386406
   1208, 386730
   1209, 387039
   1210, 387357
   1211, 387683
   1212, 388007
   1213, 388321
   1214, 388623
   1215, 388927
   1216, 389227
   1217, 389551
   1218, 389873
   1219, 390189
   1220, 390493
   1221, 390802
   1222, 391104
   1223, 391396
   1224, 391714
   1225, 392037
   1226, 392361
   1227, 392674
   1228, 392983
   1229, 393283
   1230, 393586
   1231, 393917
   1232, 394243
   1233, 394563
   1234, 394880
   1235, 395196
   1236, 395511
   1237, 395820
   1238, 396145
   1239, 396467
   1240, 396795
   1241, 397120
   1242, 397420
   1243, 397739
   1244, 398048
   1245, 398378
   1246, 398700
   1247, 399007
   1248, 399315
   1249, 399617
   1250, 399924
   1251, 400237
   1252, 400563
   1253, 400890
   1254, 401196
   1255, 401514
   1256, 401831
   1257, 402141
   1258, 402458
   1259, 402799
   1260, 403131
   1261, 403445
   1262, 403760
   1263, 404065
   1264, 404368
   1265, 404701
   1266, 405030
   1267, 405355
   1268, 405669
   1269, 405989
   1270, 406292
   1271, 406587
   1272, 406911
   1273, 407233
   1274, 407555
   1275, 407868
   1276, 408179
   1277, 408479
   1278, 408790
   1279, 409119
   1280, 409447
   1281, 409757
   1282, 410084
   1283, 410395
   1284, 410707
   1285, 411016
   1286, 411344
   1287, 411664
   1288, 411982
   1289, 412299
   1290, 412602
   1291, 412901
   1292, 413211
   1293, 413540
   1294, 413871
   1295, 414179
   1296, 414496
   1297, 414805
   1298, 415114
   1299, 415422
   1300, 415737
   1301, 416060
   1302, 416363
   1303, 416678
   1304, 416988
   1305, 417287
   1306, 417597
   1307, 417921
   1308, 418249
   1309, 418554
   1310, 418859
   1311, 419165
   1312, 419450
   1313, 419785
   1314, 420111
   1315, 420453
   1316, 420768
   1317, 421091
   1318, 421406
   1319, 421731
   1320, 422065
   1321, 422400
   1322, 422718
   1323, 423037
   1324, 423346
   1325, 423652
   1326, 423957
   1327, 424288
   1328, 424612
   1329, 424920
   1330, 425236
   1331, 425546
   1332, 425853
   1333, 426166
   1334, 426492
   1335, 426828
   1336, 427145
   1337, 427470
   1338, 427783
   1339, 428078
   1340, 428410
   1341, 428760
   1342, 429084
   1343, 429411
   1344, 429742
   1345, 430065
   1346, 431041
   1347, 431365
   1348, 431694
   1349, 432015
   1350, 432323
   1351, 432651
   1352, 432984
   1353, 433323
   1354, 433639
   1355, 433955
   1356, 434264
   1357, 434570
   1358, 434889
   1359, 435217
   1360, 435544
   1361, 435849
   1362, 436170
   1363, 436479
   1364, 436771
   1365, 437103
   1366, 437433
   1367, 437761
   1368, 438075
   1369, 438386
   1370, 438689
   1371, 438989
   1372, 439318
   1373, 439645
   1374, 439961
   1375, 440266
   1376, 440580
   1377, 440895
   1378, 441205
   1379, 441536
   1380, 441862
   1381, 442178
   1382, 442505
   1383, 442814
   1384, 443117
   1385, 443421
   1386, 443741
   1387, 444074
   1388, 444403
   1389, 444726
   1390, 445035
   1391, 445350
   1392, 445668
   1393, 445990
   1394, 446313
   1395, 446620
   1396, 446929
   1397, 447230
   1398, 447513
   1399, 447830
   1400, 448149
   1401, 448477
   1402, 448783
   1403, 449085
   1404, 449386
   1405, 449681
   1406, 449984
   1407, 450303
   1408, 450615
   1409, 450912
   1410, 451217
   1411, 451518
   1412, 451814
   1413, 452118
   1414, 452437
   1415, 452756
   1416, 453071
   1417, 453392
   1418, 453699
   1419, 453997
   1420, 454316
   1421, 454650
   1422, 454969
   1423, 455273
   1424, 455587
   1425, 455887
   1426, 456187
   1427, 456501
   1428, 456820
   1429, 457138
   1430, 457449
   1431, 457756
   1432, 458056
   1433, 458346
   1434, 458659
   1435, 458972
   1436, 459290
   1437, 459589
   1438, 459882
   1439, 460168
   1440, 460461
   1441, 460764
   1442, 461077
   1443, 461384
   1444, 461977
   1445, 462273
   1446, 462571
   1447, 462866
   1448, 463490
   1449, 464096
   1450, 464379
   1451, 464664
   1452, 464943
   1453, 465250
   1454, 465560
   1455, 465851
   1456, 466145
   1457, 466458
   1458, 466757
   1459, 467050
   1460, 467363
   1461, 467678
   1462, 467994
   1463, 468289
   1464, 468603
   1465, 468897
   1466, 469182
   1467, 469490
   1468, 469805
   1469, 470118
   1470, 470423
   1471, 470726
   1472, 471019
   1473, 471306
   1474, 471614
   1475, 471924
   1476, 472237
   1477, 472536
   1478, 472841
   1479, 473134
   1480, 473426
   1481, 473726
   1482, 474036
   1483, 474347
   1484, 474647
   1485, 474941
   1486, 475514
   1487, 475807
   1488, 476114
   1489, 476417
   1490, 476714
   1491, 477014
   1492, 477308
   1493, 477601
   1494, 477885
   1495, 478192
   1496, 478505
   1497, 478821
   1498, 479118
   1499, 479421
   1500, 479718
   1501, 480016
   1502, 480341
   1503, 480665
   1504, 480977
   1505, 481280
   1506, 481589
   1507, 481895
   1508, 482191
   1509, 482500
   1510, 482814
   1511, 483119
   1512, 483424
   1513, 483729
   1514, 484020
   1515, 484310
   1516, 484627
   1517, 484951
   1518, 485271
   1519, 485570
   1520, 485876
   1521, 486165
   1522, 486457
   1523, 486775
   1524, 487090
   1525, 487398
   1526, 487698
   1527, 488005
   1528, 488302
   1529, 488589
   1530, 489213
   1531, 490392
   1532, 494683
   1533, 494969
   1534, 495255
   1535, 495569
   1536, 495883
   1537, 497930
   1538, 499591
   1539, 500192
   1540, 500476
   1541, 500755
   1542, 501585
   1543, 501882
   1544, 502175
   1545, 502464
   1546, 502737
   1547, 503028
   1548, 503305
   1549, 503581
   1550, 503850
   1551, 504142
   1552, 504432
   1553, 504727
   1554, 505012
   1555, 505294
   1556, 505569
   1557, 505845
   1558, 506138
   1559, 506436
   1560, 506731
   1561, 507009
   1562, 507302
   1563, 507577
   1564, 507855
   1565, 508129
   1566, 508420
   1567, 508705
   1568, 508999
   1569, 509283
   1570, 509565
   1571, 509839
   1572, 510111
   1573, 510392
   1574, 510692
   1575, 510992
   1576, 511281
   1577, 511573
   1578, 511855
   1579, 512139
   1580, 512416
   1581, 512716
   1582, 513310
   1583, 513592
   1584, 513885
   1585, 514173
   1586, 514455
   1587, 514743
   1588, 515051
   1589, 515360
   1590, 515652
   1591, 515942
   1592, 516235
   1593, 516524
   1594, 516816
   1595, 517134
   1596, 517443
   1597, 517735
   1598, 518046
   1599, 518349
   1600, 518641
   1601, 518925
   1602, 519232
   1603, 519536
   1604, 519843
   1605, 520147
   1606, 520434
   1607, 520733
   1608, 521015
   1609, 521325
   1610, 521627
   1611, 521919
   1612, 522200
   1613, 522489
   1614, 522770
   1615, 523052
   1616, 523330
   1617, 523625
   1618, 523919
   1619, 524221
   1620, 524515
   1621, 524805
   1622, 525089
   1623, 525375
   1624, 525670
   1625, 525978
   1626, 526286
   1627, 526580
   1628, 526864
   1629, 527162
   1630, 527458
   1631, 527760
   1632, 528076
   1633, 528394
   1634, 528695
   1635, 529006
   1636, 529306
   1637, 529601
   1638, 529898
   1639, 530213
   1640, 530531
   1641, 530831
   1642, 531126
   1643, 531418
   1644, 531713
   1645, 532018
   1646, 532335
   1647, 532651
   1648, 532953
   1649, 533258
   1650, 533559
   1651, 533854
   1652, 534148
   1653, 534463
   1654, 534771
   1655, 535071
   1656, 535378
   1657, 535670
   1658, 535963
   1659, 536252
   1660, 536557
   1661, 536861
   1662, 537163
   1663, 537460
   1664, 537750
   1665, 538043
   1666, 538338
   1667, 538651
   1668, 538969
   1669, 539292
   1670, 539602
   1671, 539909
   1672, 540211
   1673, 540512
   1674, 540825
   1675, 541151
   1676, 541470
   1677, 541774
   1678, 542083
   1679, 542393
   1680, 542693
   1681, 543015
   1682, 543338
   1683, 543655
   1684, 543961
   1685, 544267
   1686, 544564
   1687, 544856
   1688, 545171
   1689, 545496
   1690, 545811
   1691, 546115
   1692, 546418
   1693, 546711
   1694, 546999
   1695, 547321
   1696, 547639
   1697, 547948
   1698, 548251
   1699, 548559
   1700, 548854
   1701, 549146
   1702, 549459
   1703, 549780
   1704, 550086
   1705, 550385
   1706, 550690
   1707, 550987
   1708, 551277
   1709, 551604
   1710, 551926
   1711, 552241
   1712, 552549
   1713, 552863
   1714, 553161
   1715, 553449
   1716, 553759
   1717, 554073
   1718, 554384
   1719, 554691
   1720, 554992
   1721, 555560
   1722, 555865
   1723, 556174
   1724, 556767
   1725, 557061
   1726, 557638
   1727, 557932
   1728, 558540
   1729, 558841
   1730, 559148
   1731, 559448
   1732, 559743
   1733, 560038
   1734, 560354
   1735, 560673
   1736, 560976
   1737, 561281
   1738, 561578
   1739, 561866
   1740, 562151
   1741, 562467
   1742, 562778
   1743, 563083
   1744, 563374
   1745, 563676
   1746, 563968
   1747, 564257
   1748, 564564
   1749, 564880
   1750, 565192
   1751, 565491
   1752, 565786
   1753, 566071
   1754, 566338
   1755, 566658
   1756, 566967
   1757, 567277
   1758, 567567
   1759, 567869
   1760, 568160
   1761, 568458
   1762, 568750
   1763, 569061
   1764, 569372
   1765, 569674
   1766, 569980
   1767, 570277
   1768, 570567
   1769, 570863
   1770, 571489
   1771, 571788
   1772, 572097
   1773, 572397
   1774, 572699
   1775, 572993
   1776, 573305
   1777, 573614
   1778, 573916
   1779, 574212
   1780, 574504
   1781, 574797
   1782, 575083
   1783, 575394
   1784, 575714
   1785, 576024
   1786, 576321
   1787, 576619
   1788, 576916
   1789, 577204
   1790, 577519
   1791, 577832
   1792, 578144
   1793, 578443
   1794, 578750
   1795, 579047
   1796, 579335
   1797, 579644
   1798, 579962
   1799, 580281
   1800, 580584
   1801, 580888
   1802, 581185
   1803, 581477
   1804, 581792
   1805, 582108
   1806, 582417
   1807, 582710
   1808, 583014
   1809, 583307
   1810, 583598
   1811, 583898
   1812, 584211
   1813, 584519
   1814, 584823
   1815, 585126
   1816, 585702
   1817, 585986
   1818, 586285
   1819, 586587
   1820, 586884
   1821, 587192
   1822, 587462
   1823, 587744
   1824, 588028
   1825, 589489
   1826, 590042
   1827, 590319
   1828, 590614
   1829, 591783
   1830, 592065
   1831, 592643
   1832, 592946
   1833, 593246
   1834, 593532
   1835, 594112
   1836, 594391
   1837, 594676
   1838, 594979
   1839, 595865
   1840, 596154
   1841, 596443
   1842, 596725
   1843, 597038
   1844, 597353
   1845, 597661
   1846, 597961
   1847, 598260
   1848, 598551
   1849, 598842
   1850, 599159
   1851, 599478
   1852, 599790
   1853, 600097
   1854, 600391
   1855, 600688
   1856, 600978
   1857, 601287
   1858, 601599
   1859, 601915
   1860, 602212
   1861, 602513
   1862, 602799
   1863, 603091
   1864, 603406
   1865, 603720
   1866, 604035
   1867, 604339
   1868, 604641
   1869, 604940
   1870, 605225
   1871, 605531
   1872, 605842
   1873, 606162
   1874, 606462
   1875, 606764
   1876, 607059
   1877, 607351
   1878, 607661
   1879, 607989
   1880, 608302
   1881, 608600
   1882, 608912
   1883, 609219
   1884, 609516
   1885, 609815
   1886, 610135
   1887, 610453
   1888, 610762
   1889, 611066
   1890, 611357
   1891, 611652
   1892, 611961
   1893, 612282
   1894, 612604
   1895, 612903
   1896, 613208
   1897, 613502
   1898, 613798
   1899, 614100
   1900, 614409
   1901, 614717
   1902, 615015
   1903, 615318
   1904, 615616
   1905, 615908
   1906, 616203
   1907, 616522
   1908, 616843
   1909, 617149
   1910, 617457
   1911, 617754
   1912, 618054
   1913, 618349
   1914, 618664
   1915, 618975
   1916, 619280
   1917, 619873
   1918, 620165
   1919, 620452
   1920, 620756
   1921, 621068
   1922, 621371
   1923, 621664
   1924, 622231
   1925, 622508
   1926, 622804
   1927, 623108
   1928, 623410
   1929, 624547
   1930, 625106
   1931, 626487
   1932, 626751
   1933, 627021
   1934, 627315
   1935, 627596
   1936, 627875
   1937, 628151
   1938, 628431
   1939, 628707
   1940, 628980
   1941, 630378
   1942, 630646
   1943, 630933
   1944, 631738
   1945, 632330
   1946, 632876
   1947, 633705
   1948, 635067
   1949, 636445
   1950, 636718
   1951, 637000
   1952, 637273
   1953, 637556
   1954, 638722
   1955, 639008
   1956, 640158
   1957, 640460
   1958, 640764
   1959, 641053
   1960, 641912
   1961, 642199
   1962, 642501
   1963, 642800
   1964, 643083
   1965, 643371
   1966, 643654
   1967, 644206
   1968, 644503
   1969, 644799
   1970, 645364
   1971, 645667
   1972, 645952
   1973, 646229
   1974, 646522
   1975, 646824
   1976, 647132
   1977, 647426
   1978, 647723
   1979, 648008
   1980, 648295
   1981, 649163
   1982, 649455
   1983, 649737
