      0,   1123
      1,   1195
      2,   1273
      3,   1346
      4,   1435
      5,   1521
      6,   1595
      7,   1669
      8,   1763
      9,   1835
     10,   1915
     11,   1989
     12,   2062
     13,   2135
     14,   2207
     15,   2279
     16,   2351
     17,   2435
     18,   2519
     19,   2591
     20,   2673
     21,   2760
     22,   2834
     23,   2924
     24,   3009
     25,   3083
     26,   3168
     27,   3260
     28,   3335
     29,   3419
     30,   3504
     31,   3576
     32,   3668
     33,   3753
     34,   3827
     35,   3913
     36,   4000
     37,   4074
     38,   4162
     39,   4247
     40,   4321
     41,   4411
     42,   4499
     43,   4572
     44,   4668
     45,   4753
     46,   4825
     47,   4908
     48,   4997
     49,   5074
     50,   5160
     51,   5245
     52,   5317
     53,   5402
     54,   5496
     55,   5571
     56,   5662
     57,   5744
     58,   5819
     59,   5909
     60,   5995
     61,   6067
     62,   6154
     63,   6238
     64,   6314
     65,   6399
     66,   6489
     67,   6563
     68,   6652
     69,   6736
     70,   6809
     71,   6889
     72,   6983
     73,   7060
     74,   7162
     75,   7248
     76,   7322
     77,   7404
     78,   7497
     79,   7572
     80,   7644
     81,   7717
     82,   7789
     83,   7862
     84,   7934
     85,   8018
     86,   8100
     87,   8196
     88,   8281
     89,   8357
     90,   8449
     91,   8534
     92,   8610
     93,   8687
     94,   8784
     95,   8860
     96,   8948
     97,   9040
     98,   9114
     99,   9211
    100,   9295
    101,   9373
    102,   9450
    103,   9540
    104,   9614
    105,   9687
    106,   9759
    107,   9832
    108,   9904
    109,   9983
    110,  10071
    111,  10143
    112,  10217
    113,  10299
    114,  10373
    115,  10455
    116,  10527
    117,  10600
    118,  10681
    119,  10753
    120,  10834
    121,  10915
    122,  11006
    123,  11089
    124,  11164
    125,  11237
    126,  11310
    127,  11383
    128,  11470
    129,  11545
    130,  11619
    131,  11692
    132,  11775
    133,  11860
    134,  11932
    135,  12004
    136,  12077
    137,  12149
    138,  12221
    139,  12293
    140,  12365
    141,  12437
    142,  12510
    143,  12582
    144,  12654
    145,  12726
    146,  12799
    147,  12873
    148,  12950
    149,  13025
    150,  13124
    151,  13196
    152,  13291
    153,  13383
    154,  13458
    155,  13540
    156,  13639
    157,  13711
    158,  13793
    159,  13890
    160,  13962
    161,  14041
    162,  14133
    163,  14211
    164,  14285
    165,  14360
    166,  14432
    167,  14515
    168,  14587
    169,  14660
    170,  14732
    171,  14804
    172,  14885
    173,  14957
    174,  15041
    175,  15131
    176,  15206
    177,  15282
    178,  15356
    179,  15430
    180,  15513
    181,  15585
    182,  15657
    183,  15729
    184,  15803
    185,  15885
    186,  15957
    187,  16032
    188,  16110
    189,  16184
    190,  16256
    191,  16329
    192,  16401
    193,  16473
    194,  16569
    195,  16656
    196,  16733
    197,  16821
    198,  16907
    199,  16985
    200,  17074
    201,  17160
    202,  17237
    203,  17325
    204,  17410
    205,  17482
    206,  17562
    207,  17651
    208,  17731
    209,  17803
    210,  17875
    211,  17948
    212,  18020
    213,  18092
    214,  18170
    215,  18252
    216,  18341
    217,  18422
    218,  18496
    219,  18588
    220,  18673
    221,  18745
    222,  18845
    223,  18931
    224,  19005
    225,  19078
    226,  19159
    227,  19232
    228,  19314
    229,  19386
    230,  19460
    231,  19533
    232,  19606
    233,  19681
    234,  19760
    235,  19849
    236,  19933
    237,  20011
    238,  20099
    239,  20184
    240,  20267
    241,  20358
    242,  20444
    243,  20522
    244,  20605
    245,  20695
    246,  20768
    247,  20842
    248,  20914
    249,  20986
    250,  21058
    251,  21130
    252,  21216
    253,  21288
    254,  21367
    255,  21442
    256,  21514
    257,  21586
    258,  21658
    259,  21731
    260,  21806
    261,  21888
    262,  21985
    263,  22064
    264,  22149
    265,  22236
    266,  22309
    267,  22394
    268,  22476
    269,  22549
    270,  22621
    271,  22693
    272,  22765
    273,  22838
    274,  22910
    275,  22994
    276,  23070
    277,  23158
    278,  23253
    279,  23328
    280,  23416
    281,  23503
    282,  23578
    283,  23662
    284,  23753
    285,  23833
    286,  23910
    287,  24001
    288,  24084
    289,  24167
    290,  24251
    291,  24330
    292,  24413
    293,  24510
    294,  24592
    295,  24678
    296,  24780
    297,  24862
    298,  24940
    299,  25018
    300,  25096
    301,  25168
    302,  25263
    303,  25335
    304,  25428
    305,  25529
    306,  25607
    307,  25696
    308,  25776
    309,  25848
    310,  25936
    311,  26029
    312,  26101
    313,  26190
    314,  26270
    315,  26342
    316,  26414
    317,  26522
    318,  26598
    319,  26693
    320,  26833
    321,  26916
    322,  27005
    323,  27077
    324,  27161
    325,  27292
    326,  27371
    327,  27458
    328,  27574
    329,  27655
    330,  27751
    331,  27825
    332,  27915
    333,  28075
    334,  28158
    335,  28316
    336,  28410
    337,  28576
    338,  28674
    339,  28820
    340,  28924
    341,  29070
    342,  29185
    343,  29322
    344,  29430
    345,  29529
    346,  29620
    347,  29756
    348,  29829
    349,  29942
    350,  30072
    351,  30165
    352,  30323
    353,  30429
    354,  30571
    355,  30817
    356,  30992
    357,  31067
    358,  31179
    359,  31258
    360,  31338
    361,  31566
    362,  31683
    363,  31812
    364,  31906
    365,  32058
    366,  32168
    367,  32306
    368,  32416
    369,  32559
    370,  32672
    371,  32800
    372,  32895
    373,  33046
    374,  33224
    375,  33296
    376,  33547
    377,  33719
    378,  33792
    379,  33968
    380,  34042
    381,  34285
    382,  34387
    383,  34529
    384,  34629
    385,  34714
    386,  34786
    387,  34900
    388,  35025
    389,  35125
    390,  35209
    391,  35288
    392,  35380
    393,  35507
    394,  35621
    395,  35757
    396,  35859
    397,  35946
    398,  36044
    399,  36179
    400,  36251
    401,  36349
    402,  36435
    403,  36510
    404,  36745
    405,  36923
    406,  36996
    407,  37244
    408,  37357
    409,  37497
    410,  37611
    411,  37745
    412,  37849
    413,  37990
    414,  38119
    415,  38244
    416,  38368
    417,  38496
    418,  38750
    419,  38851
    420,  38930
    421,  39002
    422,  39119
    423,  39259
    424,  39375
    425,  39514
    426,  39618
    427,  39754
    428,  39863
    429,  40011
    430,  40112
    431,  40193
    432,  40265
    433,  40389
    434,  40514
    435,  40700
    436,  40772
    437,  40945
    438,  41017
    439,  41268
    440,  41518
    441,  41776
    442,  42025
    443,  42141
    444,  42276
    445,  42526
    446,  42656
    447,  42782
    448,  42891
    449,  43036
    450,  43220
    451,  43295
    452,  43398
    453,  43536
    454,  43654
    455,  43779
    456,  44031
    457,  44122
    458,  44276
    459,  44380
    460,  44528
    461,  44632
    462,  44775
    463,  44886
    464,  45018
    465,  45278
    466,  45389
    467,  45461
    468,  45533
    469,  45633
    470,  45783
    471,  45955
    472,  46028
    473,  46286
    474,  46391
    475,  46530
    476,  46658
    477,  46781
    478,  46904
    479,  47043
    480,  47227
    481,  47300
    482,  47418
    483,  47549
    484,  47803
    485,  48066
    486,  48246
    487,  48324
    488,  48444
    489,  48570
    490,  48688
    491,  48830
    492,  48961
    493,  49088
    494,  49217
    495,  49339
    496,  49462
    497,  49598
    498,  49690
    499,  49853
    500,  49939
    501,  50045
    502,  50117
    503,  50208
    504,  50356
    505,  50474
    506,  50622
    507,  50875
    508,  50996
    509,  51138
    510,  51391
    511,  51654
    512,  51783
    513,  51905
    514,  52019
    515,  52162
    516,  52299
    517,  52425
    518,  52537
    519,  52680
    520,  52809
    521,  52939
    522,  53041
    523,  53138
    524,  53212
    525,  53311
    526,  53384
    527,  53456
    528,  53576
    529,  53656
    530,  53757
    531,  53948
    532,  54033
    533,  54201
    534,  54299
    535,  54452
    536,  54550
    537,  54694
    538,  54802
    539,  54953
    540,  55065
    541,  55206
    542,  55392
    543,  55469
    544,  55571
    545,  55700
    546,  55811
    547,  55883
    548,  55955
    549,  56063
    550,  56203
    551,  56456
    552,  56572
    553,  56708
    554,  56896
    555,  56968
    556,  57133
    557,  57213
    558,  57397
    559,  57469
    560,  57720
    561,  57837
    562,  57970
    563,  58097
    564,  58221
    565,  58473
    566,  58657
    567,  58729
    568,  58908
    569,  58980
    570,  59158
    571,  59233
    572,  59411
    573,  59491
    574,  59678
    575,  59750
    576,  59918
    577,  59991
    578,  60169
    579,  60246
    580,  60423
    581,  60504
    582,  60673
    583,  60746
    584,  60996
    585,  61179
    586,  61251
    587,  61433
    588,  61506
    589,  61682
    590,  61754
    591,  61926
    592,  61998
    593,  62245
    594,  62431
    595,  62503
    596,  62679
    597,  62751
    598,  62933
    599,  63008
    600,  63255
    601,  63368
    602,  63509
    603,  63621
    604,  63761
    605,  63899
    606,  64031
    607,  64286
    608,  64467
    609,  64542
    610,  64655
    611,  64800
    612,  65056
    613,  65165
    614,  65313
    615,  65441
    616,  65523
    617,  65622
    618,  65829
    619,  65953
    620,  66088
    621,  66187
    622,  66338
    623,  66468
    624,  66601
    625,  66721
    626,  66857
    627,  67008
    628,  67117
    629,  67241
    630,  67379
    631,  67489
    632,  67574
    633,  67646
    634,  67901
    635,  68015
    636,  68157
    637,  68269
    638,  68423
    639,  68541
    640,  68681
    641,  68798
    642,  68936
    643,  69046
    644,  69209
    645,  69320
    646,  69392
    647,  69465
    648,  69730
    649,  69854
    650,  69986
    651,  70171
    652,  70244
    653,  70421
    654,  70497
    655,  70678
    656,  70758
    657,  71011
    658,  71191
    659,  71269
    660,  71443
    661,  71515
    662,  71709
    663,  71781
    664,  71909
    665,  72029
    666,  72146
    667,  72283
    668,  72395
    669,  72473
    670,  72546
    671,  72737
    672,  72810
    673,  72900
    674,  72981
    675,  73053
    676,  73305
    677,  73557
    678,  73812
    679,  73932
    680,  74062
    681,  74249
    682,  74321
    683,  74439
    684,  74568
    685,  74747
    686,  74820
    687,  75005
    688,  75107
    689,  75309
    690,  75437
    691,  75560
    692,  75676
    693,  75812
    694,  75913
    695,  76061
    696,  76247
    697,  76319
    698,  76573
    699,  76830
    700,  77094
    701,  77351
    702,  77607
    703,  77693
    704,  77855
    705,  77978
    706,  78054
    707,  78128
    708,  78369
    709,  78552
    710,  78624
    711,  78737
    712,  78886
    713,  79058
    714,  79139
    715,  79308
    716,  79388
    717,  79638
    718,  79896
    719,  79978
    720,  80148
    721,  80254
    722,  80399
    723,  80517
    724,  80652
    725,  80906
    726,  81006
    727,  81089
    728,  81161
    729,  81425
    730,  81539
    731,  81615
    732,  81687
    733,  81939
    734,  82037
    735,  82190
    736,  82306
    737,  82455
    738,  82564
    739,  82640
    740,  82715
    741,  82888
    742,  82966
    743,  83069
    744,  83214
    745,  83347
    746,  83475
    747,  83647
    748,  83724
    749,  83979
    750,  84240
    751,  84445
    752,  84542
    753,  84748
    754,  84929
    755,  85011
    756,  85219
    757,  85294
    758,  85459
    759,  85539
    760,  85641
    761,  85792
    762,  86058
    763,  86176
    764,  86312
    765,  86422
    766,  86572
    767,  86841
    768,  86947
    769,  87038
    770,  87110
    771,  87283
    772,  87365
    773,  87564
    774,  87636
    775,  87892
    776,  87994
    777,  88149
    778,  88243
    779,  88402
    780,  88664
    781,  88793
    782,  88925
    783,  89051
    784,  89179
    785,  89281
    786,  89439
    787,  89558
    788,  89701
    789,  89957
    790,  90211
    791,  90339
    792,  90471
    793,  90580
    794,  90664
    795,  90736
    796,  90825
    797,  90913
    798,  90986
    799,  91076
    800,  91229
    801,  91402
    802,  91482
    803,  91653
    804,  91730
    805,  91808
    806,  91904
    807,  91985
    808,  92067
    809,  92166
    810,  92241
    811,  92357
    812,  92478
    813,  92585
    814,  92722
    815,  92973
    816,  93083
    817,  93223
    818,  93316
    819,  93473
    820,  93590
    821,  93716
    822,  93833
    823,  93965
    824,  94048
    825,  94130
    826,  94204
    827,  94308
    828,  94400
    829,  94494
    830,  94566
    831,  94643
    832,  94723
    833,  94798
    834,  94871
    835,  94943
    836,  95020
    837,  95123
    838,  95195
    839,  95280
    840,  95352
    841,  95427
    842,  95506
    843,  95615
    844,  95687
    845,  95764
    846,  95846
    847,  95930
    848,  96009
    849,  96095
    850,  96170
    851,  96268
    852,  96349
    853,  96451
    854,  96558
    855,  96650
    856,  96727
    857,  96826
    858,  96898
    859,  96977
    860,  97069
    861,  97142
    862,  97247
    863,  97319
    864,  97391
    865,  97489
    866,  97635
    867,  97757
    868,  97871
    869,  97969
    870,  98057
    871,  98132
    872,  98220
    873,  98365
    874,  98546
    875,  98619
    876,  98691
    877,  98793
    878,  98866
    879,  98952
    880,  99104
    881,  99189
    882,  99350
    883,  99432
    884,  99602
    885,  99721
    886,  99812
    887,  99905
    888, 100114
    889, 100220
    890, 100360
    891, 100480
    892, 100618
    893, 100858
    894, 100964
    895, 101121
    896, 101230
    897, 101371
    898, 101630
    899, 101882
    900, 102129
    901, 102238
    902, 102316
    903, 102389
    904, 102499
    905, 102637
    906, 102746
    907, 102819
    908, 102898
    909, 102982
    910, 103144
    911, 103324
    912, 103396
    913, 103647
    914, 103828
    915, 103910
    916, 104083
    917, 104156
    918, 104330
    919, 104402
    920, 104578
    921, 104651
    922, 104856
    923, 104940
    924, 105136
    925, 105315
    926, 105387
    927, 105630
    928, 105730
    929, 105820
    930, 105893
    931, 106049
    932, 106121
    933, 106306
    934, 106378
    935, 106454
    936, 106554
    937, 106626
    938, 106863
    939, 107034
    940, 107110
    941, 107222
    942, 107307
    943, 107397
    944, 107597
    945, 107767
    946, 107839
    947, 107939
    948, 108089
    949, 108187
    950, 108269
    951, 108342
    952, 108428
    953, 108573
    954, 108675
    955, 108757
    956, 108831
    957, 108937
    958, 109072
    959, 109190
    960, 109316
    961, 109405
    962, 109558
    963, 109806
    964, 109921
    965, 110047
    966, 110173
    967, 110293
    968, 110392
    969, 110470
    970, 110542
    971, 110797
    972, 110913
    973, 111040
    974, 111287
    975, 111394
    976, 111546
    977, 111651
    978, 111738
    979, 111810
    980, 111981
    981, 112053
    982, 112302
    983, 112486
    984, 112559
    985, 112670
    986, 112746
    987, 112818
    988, 112991
    989, 113069
    990, 113333
    991, 113586
    992, 113759
    993, 113839
    994, 114010
    995, 114093
    996, 114281
    997, 114355
    998, 114529
    999, 114611
   1000, 114779
   1001, 114861
   1002, 114962
   1003, 115038
   1004, 115121
   1005, 115368
   1006, 115554
   1007, 115626
   1008, 115728
   1009, 115881
   1010, 116077
   1011, 116167
   1012, 116388
   1013, 116508
   1014, 116642
   1015, 116768
   1016, 116907
   1017, 117029
   1018, 117165
   1019, 117279
   1020, 117418
   1021, 117530
   1022, 117670
   1023, 117775
   1024, 117925
   1025, 118040
   1026, 118178
   1027, 118278
   1028, 118361
   1029, 118438
   1030, 118561
   1031, 118704
   1032, 118959
   1033, 119067
   1034, 119141
   1035, 119218
   1036, 119486
   1037, 119593
   1038, 119671
   1039, 119747
   1040, 119943
   1041, 120015
   1042, 120110
   1043, 120265
   1044, 120456
   1045, 120529
   1046, 120637
   1047, 120776
   1048, 120891
   1049, 121033
   1050, 121296
   1051, 121389
   1052, 121467
   1053, 121548
   1054, 121663
   1055, 121801
   1056, 121973
   1057, 122056
   1058, 122239
   1059, 122315
   1060, 122502
   1061, 122578
   1062, 122677
   1063, 122811
   1064, 123064
   1065, 123179
   1066, 123314
   1067, 123424
   1068, 123555
   1069, 123809
   1070, 123933
   1071, 124062
   1072, 124174
   1073, 124314
   1074, 124435
   1075, 124516
   1076, 124612
   1077, 124822
   1078, 124924
   1079, 125009
   1080, 125081
   1081, 125264
   1082, 125343
   1083, 125521
   1084, 125617
   1085, 125753
   1086, 125825
   1087, 125917
   1088, 125996
   1089, 126070
   1090, 126313
   1091, 126420
   1092, 126535
   1093, 126614
   1094, 126690
   1095, 126766
   1096, 126855
   1097, 126927
   1098, 127012
   1099, 127085
   1100, 127164
   1101, 127236
   1102, 127308
   1103, 127385
   1104, 127473
   1105, 127549
   1106, 127651
   1107, 127723
   1108, 127808
   1109, 127899
   1110, 127976
   1111, 128060
   1112, 128224
   1113, 128312
   1114, 128553
   1115, 128649
   1116, 128756
   1117, 128856
   1118, 129060
   1119, 129178
   1120, 129318
   1121, 129434
   1122, 129532
   1123, 129609
   1124, 129812
   1125, 129918
   1126, 130011
   1127, 130112
   1128, 130238
   1129, 130317
   1130, 130418
   1131, 130491
   1132, 130569
   1133, 130677
   1134, 130756
   1135, 130828
   1136, 130931
   1137, 131005
   1138, 131078
   1139, 131165
   1140, 131238
   1141, 131327
   1142, 131434
   1143, 131517
   1144, 131597
   1145, 131684
   1146, 131759
   1147, 131831
   1148, 131918
   1149, 131997
   1150, 132078
   1151, 132165
   1152, 132250
   1153, 132333
   1154, 132586
   1155, 132765
   1156, 132839
   1157, 133016
   1158, 133090
   1159, 133270
   1160, 133342
   1161, 133588
   1162, 133680
   1163, 133785
   1164, 133880
   1165, 133956
   1166, 134085
   1167, 134188
   1168, 134265
   1169, 134337
   1170, 134423
   1171, 134506
   1172, 134582
   1173, 134683
   1174, 134767
   1175, 134839
   1176, 134931
   1177, 135076
   1178, 135175
   1179, 135252
   1180, 135327
   1181, 135431
   1182, 135575
   1183, 135688
   1184, 135825
   1185, 135915
   1186, 136015
   1187, 136118
   1188, 136320
   1189, 136405
   1190, 136570
   1191, 136672
   1192, 136822
   1193, 136941
   1194, 137072
   1195, 137163
   1196, 137257
   1197, 137329
   1198, 137580
   1199, 137826
   1200, 137933
   1201, 138079
   1202, 138184
   1203, 138328
   1204, 138507
   1205, 138579
   1206, 138750
   1207, 138823
   1208, 139072
   1209, 139253
   1210, 139325
   1211, 139492
   1212, 139571
   1213, 139815
   1214, 139993
   1215, 140067
   1216, 140316
   1217, 140420
   1218, 140558
   1219, 140689
   1220, 140817
   1221, 141065
   1222, 141254
   1223, 141326
   1224, 141416
   1225, 141564
   1226, 141737
   1227, 141810
   1228, 141987
   1229, 142059
   1230, 142157
   1231, 142235
   1232, 142312
   1233, 142564
   1234, 142662
   1235, 142806
   1236, 142930
   1237, 143050
   1238, 143226
   1239, 143298
   1240, 143420
   1241, 143546
   1242, 143665
   1243, 143799
   1244, 143972
   1245, 144044
   1246, 144162
   1247, 144295
   1248, 144547
   1249, 144741
   1250, 144818
   1251, 145051
   1252, 145165
   1253, 145306
   1254, 145419
   1255, 145496
   1256, 145568
   1257, 145665
   1258, 145812
   1259, 145948
   1260, 146079
   1261, 146335
   1262, 146464
   1263, 146596
   1264, 146850
   1265, 146968
   1266, 147116
   1267, 147289
   1268, 147367
   1269, 147629
   1270, 147736
   1271, 147882
   1272, 147991
   1273, 148134
   1274, 148240
   1275, 148387
   1276, 148647
   1277, 148904
   1278, 149163
   1279, 149408
   1280, 149532
   1281, 149668
   1282, 149794
   1283, 149873
   1284, 149973
   1285, 150053
   1286, 150177
   1287, 150316
   1288, 150445
   1289, 150706
   1290, 150960
   1291, 151140
   1292, 151223
   1293, 151486
   1294, 151589
   1295, 151747
   1296, 151867
   1297, 151948
   1298, 152049
   1299, 152124
   1300, 152255
   1301, 152374
   1302, 152518
   1303, 152692
   1304, 152768
   1305, 153033
   1306, 153216
   1307, 153299
   1308, 153550
   1309, 153804
   1310, 153934
   1311, 154065
   1312, 154189
   1313, 154322
   1314, 154432
   1315, 154512
   1316, 154585
   1317, 154837
   1318, 155088
   1319, 155208
   1320, 155341
   1321, 155456
   1322, 155601
   1323, 155806
   1324, 155881
   1325, 156057
   1326, 156129
   1327, 156320
   1328, 156424
   1329, 156635
   1330, 156752
   1331, 156887
   1332, 156999
   1333, 157138
   1334, 157243
   1335, 157383
   1336, 157513
   1337, 157637
   1338, 157817
   1339, 157892
   1340, 158055
   1341, 158137
   1342, 158386
   1343, 158635
   1344, 158745
   1345, 158882
   1346, 159134
   1347, 159387
   1348, 159514
   1349, 159637
   1350, 159812
   1351, 159884
   1352, 160060
   1353, 160136
   1354, 160381
   1355, 160482
   1356, 160631
   1357, 160732
   1358, 160804
   1359, 160877
   1360, 161135
   1361, 161237
   1362, 161310
   1363, 161382
   1364, 161567
   1365, 161640
   1366, 161893
   1367, 162000
   1368, 162145
   1369, 162400
   1370, 162502
   1371, 162648
   1372, 162769
   1373, 162902
   1374, 163076
   1375, 163156
   1376, 163338
   1377, 163418
   1378, 163671
   1379, 163927
   1380, 164026
   1381, 164179
   1382, 164298
   1383, 164377
   1384, 164450
   1385, 164696
   1386, 164875
   1387, 164959
   1388, 165145
   1389, 165253
   1390, 165398
   1391, 165470
   1392, 165567
   1393, 165708
   1394, 165819
   1395, 165966
   1396, 166067
   1397, 166219
   1398, 166316
   1399, 166480
   1400, 166581
   1401, 166727
   1402, 166915
   1403, 166988
   1404, 167174
   1405, 167247
   1406, 167495
   1407, 167676
   1408, 167752
   1409, 167996
   1410, 168109
   1411, 168249
   1412, 168499
   1413, 168684
   1414, 168758
   1415, 168938
   1416, 169012
   1417, 169130
   1418, 169267
   1419, 169520
   1420, 169773
   1421, 169953
   1422, 170027
   1423, 170287
   1424, 170393
   1425, 170477
   1426, 170549
   1427, 170645
   1428, 170733
   1429, 170805
   1430, 171051
   1431, 171311
   1432, 171417
   1433, 171564
   1434, 171678
   1435, 171824
   1436, 171933
   1437, 172082
   1438, 172195
   1439, 172287
   1440, 172386
   1441, 172610
   1442, 172717
   1443, 172869
   1444, 172980
   1445, 173126
   1446, 173238
   1447, 173385
   1448, 173640
   1449, 173901
   1450, 174013
   1451, 174155
   1452, 174264
   1453, 174417
   1454, 174517
   1455, 174670
   1456, 174781
   1457, 174923
   1458, 175183
   1459, 175300
   1460, 175439
   1461, 175698
   1462, 175807
   1463, 175946
   1464, 176207
   1465, 176324
   1466, 176459
   1467, 176577
   1468, 176718
   1469, 176837
   1470, 176977
   1471, 177093
   1472, 177233
   1473, 177411
   1474, 177491
   1475, 177748
   1476, 177927
   1477, 178008
   1478, 178192
   1479, 178272
   1480, 178515
   1481, 178696
   1482, 178777
   1483, 178948
   1484, 179029
   1485, 179214
   1486, 179286
   1487, 179463
   1488, 179537
   1489, 179796
   1490, 179903
   1491, 180051
   1492, 180167
   1493, 180244
   1494, 180316
   1495, 180489
   1496, 180571
   1497, 180751
   1498, 180833
   1499, 181085
   1500, 181340
   1501, 181459
   1502, 181598
   1503, 181709
   1504, 181854
   1505, 182117
   1506, 182380
   1507, 182636
   1508, 182755
   1509, 182893
   1510, 183011
   1511, 183156
   1512, 183247
   1513, 183413
   1514, 183676
   1515, 183933
   1516, 184053
   1517, 184194
   1518, 184320
   1519, 184456
   1520, 184581
   1521, 184720
   1522, 184846
   1523, 184993
   1524, 185104
   1525, 185258
   1526, 185451
   1527, 185527
   1528, 185640
   1529, 185794
   1530, 186060
   1531, 186185
   1532, 186323
   1533, 186505
   1534, 186592
   1535, 186710
   1536, 186852
   1537, 187048
   1538, 187121
   1539, 187239
   1540, 187379
   1541, 187646
   1542, 187769
   1543, 187901
   1544, 188009
   1545, 188158
   1546, 188427
   1547, 188614
   1548, 188687
   1549, 188796
   1550, 188887
   1551, 188960
   1552, 189052
   1553, 189149
   1554, 189222
   1555, 189397
   1556, 189478
   1557, 189607
   1558, 189735
   1559, 189853
   1560, 189995
   1561, 190258
   1562, 190522
   1563, 190786
   1564, 191051
   1565, 191312
   1566, 191566
   1567, 191821
   1568, 191947
   1569, 192083
   1570, 192183
   1571, 192336
   1572, 192450
   1573, 192598
   1574, 192731
   1575, 192860
   1576, 193111
   1577, 193227
   1578, 193367
   1579, 193494
   1580, 193621
   1581, 193743
   1582, 193884
   1583, 194062
   1584, 194136
   1585, 194254
   1586, 194379
   1587, 194631
   1588, 194744
   1589, 194883
   1590, 194991
   1591, 195125
   1592, 195380
   1593, 195628
   1594, 195724
   1595, 195861
   1596, 196109
   1597, 196365
   1598, 196481
   1599, 196611
   1600, 196782
   1601, 196854
   1602, 197106
   1603, 197225
   1604, 197350
   1605, 197456
   1606, 197531
   1607, 197603
   1608, 197784
   1609, 197857
   1610, 197975
   1611, 198061
   1612, 198155
   1613, 198279
   1614, 198353
   1615, 198444
   1616, 198543
   1617, 198615
   1618, 198790
   1619, 198862
   1620, 199110
   1621, 199288
   1622, 199360
   1623, 199543
   1624, 199621
   1625, 199784
   1626, 199857
   1627, 200102
   1628, 200347
   1629, 200458
   1630, 200598
   1631, 200703
   1632, 200782
   1633, 200854
   1634, 200974
   1635, 201102
   1636, 201287
   1637, 201359
   1638, 201537
   1639, 201616
   1640, 201723
   1641, 201800
   1642, 201872
   1643, 202047
   1644, 202124
   1645, 202311
   1646, 202383
   1647, 202556
   1648, 202628
   1649, 202741
   1650, 202878
   1651, 202983
   1652, 203128
   1653, 203241
   1654, 203381
   1655, 203625
   1656, 203876
   1657, 203988
   1658, 204118
   1659, 204256
   1660, 204377
   1661, 204468
   1662, 204620
   1663, 204802
   1664, 204874
   1665, 204976
   1666, 205121
   1667, 205252
   1668, 205370
   1669, 205486
   1670, 205619
   1671, 205875
   1672, 205967
   1673, 206123
   1674, 206235
   1675, 206373
   1676, 206502
   1677, 206622
   1678, 206869
   1679, 207049
   1680, 207121
   1681, 207216
   1682, 207368
   1683, 207539
   1684, 207611
   1685, 207701
   1686, 207861
   1687, 207938
   1688, 208030
   1689, 208108
   1690, 208210
   1691, 208294
   1692, 208373
   1693, 208544
   1694, 208648
   1695, 208850
   1696, 208930
   1697, 209026
   1698, 209101
   1699, 209198
   1700, 209271
   1701, 209344
   1702, 209519
   1703, 209602
   1704, 209771
   1705, 209846
   1706, 209932
   1707, 210020
   1708, 210106
   1709, 210264
   1710, 210347
   1711, 210465
   1712, 210565
   1713, 210645
   1714, 210781
   1715, 210853
   1716, 211041
   1717, 211145
   1718, 211275
   1719, 211348
   1720, 211465
   1721, 211593
   1722, 211696
   1723, 211784
   1724, 211884
   1725, 212082
   1726, 212259
   1727, 212332
   1728, 212443
   1729, 212527
   1730, 212625
   1731, 212752
   1732, 212824
   1733, 213062
   1734, 213150
   1735, 213239
   1736, 213311
   1737, 213484
   1738, 213556
   1739, 213723
   1740, 213795
   1741, 213918
   1742, 214046
   1743, 214217
   1744, 214295
   1745, 214539
   1746, 214711
   1747, 214788
   1748, 214964
   1749, 215041
   1750, 215225
   1751, 215297
   1752, 215534
   1753, 215785
   1754, 215891
   1755, 215969
   1756, 216041
   1757, 216157
   1758, 216277
   1759, 216359
   1760, 216453
   1761, 216528
   1762, 216701
   1763, 216781
   1764, 216858
   1765, 216953
   1766, 217027
   1767, 217142
   1768, 217272
   1769, 217360
   1770, 217457
   1771, 217529
   1772, 217776
   1773, 218029
   1774, 218136
   1775, 218269
   1776, 218369
   1777, 218460
   1778, 218557
   1779, 218640
   1780, 218765
   1781, 218945
   1782, 219017
   1783, 219143
   1784, 219222
   1785, 219302
   1786, 219529
   1787, 219712
   1788, 219784
   1789, 219955
   1790, 220034
   1791, 220223
   1792, 220296
   1793, 220401
   1794, 220548
   1795, 220661
   1796, 220796
   1797, 220910
   1798, 221047
   1799, 221219
   1800, 221296
   1801, 221403
   1802, 221544
   1803, 221718
   1804, 221793
   1805, 221905
   1806, 222050
   1807, 222223
   1808, 222298
   1809, 222483
   1810, 222556
   1811, 222811
   1812, 223065
   1813, 223165
   1814, 223249
   1815, 223321
   1816, 223424
   1817, 223496
   1818, 223569
   1819, 223749
   1820, 223829
   1821, 223948
   1822, 224082
   1823, 224255
   1824, 224335
   1825, 224443
   1826, 224525
   1827, 224597
   1828, 224696
   1829, 224770
   1830, 224842
   1831, 224950
   1832, 225023
   1833, 225096
   1834, 225272
   1835, 225353
   1836, 225527
   1837, 225603
   1838, 225863
   1839, 226102
   1840, 226222
   1841, 226357
   1842, 226455
   1843, 226604
   1844, 226854
   1845, 226969
   1846, 227111
   1847, 227362
   1848, 227474
   1849, 227612
   1850, 227716
   1851, 227858
   1852, 227982
   1853, 228120
   1854, 228379
   1855, 228624
   1856, 228882
   1857, 229060
   1858, 229137
   1859, 229253
   1860, 229393
   1861, 229485
   1862, 229574
   1863, 229654
   1864, 229907
   1865, 230013
   1866, 230158
   1867, 230275
   1868, 230405
   1869, 230521
   1870, 230667
   1871, 230919
   1872, 231098
   1873, 231177
   1874, 231423
   1875, 231542
   1876, 231627
   1877, 231726
   1878, 231867
   1879, 231947
   1880, 232120
   1881, 232199
   1882, 232291
   1883, 232441
   1884, 232561
   1885, 232689
   1886, 232934
   1887, 233050
   1888, 233185
   1889, 233312
   1890, 233444
   1891, 233620
   1892, 233693
   1893, 233862
   1894, 233939
   1895, 234035
   1896, 234195
   1897, 234437
   1898, 234556
   1899, 234685
   1900, 234803
   1901, 234936
   1902, 235043
   1903, 235138
   1904, 235233
   1905, 235433
   1906, 235681
   1907, 235935
   1908, 236109
   1909, 236185
   1910, 236358
   1911, 236436
   1912, 236608
   1913, 236680
   1914, 236858
   1915, 236933
   1916, 237104
   1917, 237184
   1918, 237375
   1919, 237455
   1920, 237534
   1921, 237685
   1922, 237810
   1923, 237938
   1924, 238181
   1925, 238377
   1926, 238478
   1927, 238687
   1928, 238934
   1929, 239034
   1930, 239187
   1931, 239282
   1932, 239385
   1933, 239478
   1934, 239550
   1935, 239629
   1936, 239726
   1937, 239811
   1938, 239932
   1939, 240035
   1940, 240127
   1941, 240226
   1942, 240364
   1943, 240438
   1944, 240543
   1945, 240683
   1946, 240774
   1947, 240937
   1948, 241051
   1949, 241191
   1950, 241288
   1951, 241378
   1952, 241456
   1953, 241531
   1954, 241624
   1955, 241699
   1956, 241779
   1957, 241875
   1958, 241950
   1959, 242039
   1960, 242201
   1961, 242320
   1962, 242442
   1963, 242541
   1964, 242614
   1965, 242694
   1966, 242941
   1967, 243037
   1968, 243189
   1969, 243286
   1970, 243360
   1971, 243434
   1972, 243554
   1973, 243678
   1974, 243773
   1975, 243851
   1976, 243931
   1977, 244044
   1978, 244176
   1979, 244292
   1980, 244426
   1981, 244536
   1982, 244628
   1983, 244717
   1984, 244853
   1985, 244929
   1986, 245003
   1987, 245111
   1988, 245183
   1989, 245277
   1990, 245350
   1991, 245428
   1992, 245512
   1993, 245615
   1994, 245688
   1995, 245786
   1996, 245861
   1997, 245938
   1998, 246016
   1999, 246110
   2000, 246189
   2001, 246286
   2002, 246367
   2003, 246439
   2004, 246523
   2005, 246635
   2006, 246712
   2007, 246795
   2008, 246876
   2009, 246950
   2010, 247032
   2011, 247129
   2012, 247201
   2013, 247279
   2014, 247357
   2015, 247449
   2016, 247528
   2017, 247602
   2018, 247687
   2019, 247771
   2020, 247852
   2021, 247931
   2022, 248022
   2023, 248113
   2024, 248236
   2025, 248489
   2026, 248699
   2027, 248868
   2028, 248947
   2029, 249029
   2030, 249107
   2031, 249195
   2032, 249306
   2033, 249383
   2034, 249456
   2035, 249556
   2036, 249630
   2037, 249704
   2038, 249792
   2039, 250011
   2040, 250225
   2041, 250396
   2042, 250482
   2043, 250657
   2044, 250738
   2045, 250913
   2046, 250992
   2047, 251088
   2048, 251245
   2049, 251498
   2050, 251595
   2051, 251678
   2052, 251750
   2053, 251849
   2054, 252007
   2055, 252107
   2056, 252268
   2057, 252450
   2058, 252528
   2059, 252627
   2060, 252797
   2061, 252910
   2062, 253062
   2063, 253180
   2064, 253335
   2065, 253447
   2066, 253523
   2067, 253609
   2068, 253682
   2069, 253924
   2070, 254001
   2071, 254097
   2072, 254213
   2073, 254302
   2074, 254508
   2075, 254616
   2076, 254789
   2077, 255063
   2078, 255166
   2079, 255326
   2080, 255428
   2081, 255589
   2082, 255696
   2083, 255850
   2084, 255956
   2085, 256039
   2086, 256111
   2087, 256220
   2088, 256367
   2089, 256471
   2090, 256623
   2091, 256874
   2092, 256964
   2093, 257056
   2094, 257134
   2095, 257212
   2096, 257331
   2097, 257431
   2098, 257503
   2099, 257645
   2100, 257717
   2101, 257804
   2102, 257887
   2103, 257995
   2104, 258070
   2105, 258143
   2106, 258258
   2107, 258332
   2108, 258410
   2109, 258502
   2110, 258644
   2111, 258748
   2112, 258860
   2113, 258947
   2114, 259027
   2115, 259148
   2116, 259246
   2117, 259361
   2118, 259442
   2119, 259516
   2120, 259640
   2121, 259754
   2122, 259894
   2123, 260014
   2124, 260143
   2125, 260387
   2126, 260568
   2127, 260640
   2128, 260748
   2129, 260883
   2130, 260987
   2131, 261064
   2132, 261137
   2133, 261237
   2134, 261309
   2135, 261381
   2136, 261485
   2137, 261634
   2138, 261716
   2139, 261803
   2140, 261880
   2141, 261962
   2142, 262053
   2143, 262125
   2144, 262225
   2145, 262299
   2146, 262386
   2147, 262463
   2148, 262579
   2149, 262653
   2150, 262728
   2151, 262820
   2152, 262892
   2153, 262964
   2154, 263050
   2155, 263130
   2156, 263210
   2157, 263315
   2158, 263390
   2159, 263484
   2160, 263561
   2161, 263637
   2162, 263745
   2163, 263819
   2164, 263893
   2165, 263970
   2166, 264049
   2167, 264126
   2168, 264249
   2169, 264321
   2170, 264393
   2171, 264634
   2172, 264805
   2173, 264878
   2174, 265001
   2175, 265127
   2176, 265375
   2177, 265486
   2178, 265610
   2179, 265715
   2180, 265790
   2181, 265862
   2182, 265971
   2183, 266073
   2184, 266145
   2185, 266342
   2186, 266451
   2187, 266589
   2188, 266839
   2189, 266954
   2190, 267086
   2191, 267213
   2192, 267297
   2193, 267376
   2194, 267587
   2195, 267700
   2196, 267832
   2197, 267941
   2198, 268082
   2199, 268197
   2200, 268327
   2201, 268450
   2202, 268580
   2203, 268703
   2204, 268835
   2205, 268928
   2206, 269015
   2207, 269087
   2208, 269189
   2209, 269339
   2210, 269436
   2211, 269597
   2212, 269694
   2213, 269846
   2214, 269958
   2215, 270097
   2216, 270355
   2217, 270608
   2218, 270801
   2219, 270902
   2220, 271108
   2221, 271193
   2222, 271290
   2223, 271364
   2224, 271465
   2225, 271610
   2226, 271708
   2227, 271850
   2228, 271964
   2229, 272105
   2230, 272213
   2231, 272294
   2232, 272393
   2233, 272526
   2234, 272598
   2235, 272689
   2236, 272768
   2237, 272844
   2238, 273019
   2239, 273095
   2240, 273182
   2241, 273271
   2242, 273343
   2243, 273523
   2244, 273595
   2245, 273698
   2246, 273777
   2247, 273851
   2248, 273935
   2249, 274031
   2250, 274118
   2251, 274190
   2252, 274274
   2253, 274363
   2254, 274435
   2255, 274527
   2256, 274613
   2257, 274685
   2258, 274765
   2259, 274844
   2260, 274916
   2261, 275041
   2262, 275124
   2263, 275233
   2264, 275308
   2265, 275396
   2266, 275497
   2267, 275572
   2268, 275644
   2269, 275736
   2270, 275810
   2271, 275898
   2272, 275976
   2273, 276061
   2274, 276149
   2275, 276231
   2276, 276303
   2277, 276382
   2278, 276476
   2279, 276553
   2280, 276627
   2281, 276709
   2282, 276787
   2283, 276875
   2284, 276961
   2285, 277037
   2286, 277113
   2287, 277205
   2288, 277285
   2289, 277371
   2290, 277452
   2291, 277528
   2292, 277611
   2293, 277696
   2294, 277782
   2295, 277867
   2296, 277940
   2297, 278018
   2298, 278099
   2299, 278182
   2300, 278262
   2301, 278346
   2302, 278432
   2303, 278504
   2304, 278580
   2305, 278677
   2306, 278753
   2307, 278834
   2308, 278917
   2309, 279001
   2310, 279088
   2311, 279163
   2312, 279247
   2313, 279331
   2314, 279411
   2315, 279490
   2316, 279571
   2317, 279663
   2318, 279740
   2319, 279826
   2320, 279913
   2321, 280001
   2322, 280084
   2323, 280189
   2324, 280262
   2325, 280349
   2326, 280428
   2327, 280503
   2328, 280582
   2329, 280679
   2330, 280767
   2331, 280852
   2332, 280945
   2333, 281027
   2334, 281123
   2335, 281195
   2336, 281274
   2337, 281369
   2338, 281471
   2339, 281543
   2340, 281705
   2341, 281789
   2342, 281904
   2343, 281995
   2344, 282083
   2345, 282157
   2346, 282251
   2347, 282334
   2348, 282415
   2349, 282491
   2350, 282587
   2351, 282664
   2352, 282742
   2353, 282836
   2354, 282918
   2355, 282997
   2356, 283086
   2357, 283164
   2358, 283243
   2359, 283316
   2360, 283392
   2361, 283467
   2362, 283549
   2363, 283628
   2364, 283727
   2365, 283800
   2366, 283879
   2367, 284002
   2368, 284080
   2369, 284162
   2370, 284240
   2371, 284314
   2372, 284403
   2373, 284488
   2374, 284567
   2375, 284639
   2376, 284736
   2377, 284810
   2378, 284931
   2379, 285068
   2380, 285158
   2381, 285236
   2382, 285316
   2383, 285409
   2384, 285484
   2385, 285565
   2386, 285651
   2387, 285746
   2388, 285819
   2389, 285924
   2390, 286059
   2391, 286153
   2392, 286252
   2393, 286324
   2394, 286419
   2395, 286558
   2396, 286666
   2397, 286755
   2398, 286852
   2399, 287051
   2400, 287138
   2401, 287224
   2402, 287297
   2403, 287383
   2404, 287487
   2405, 287566
   2406, 287662
   2407, 287756
   2408, 287842
   2409, 287918
   2410, 288007
   2411, 288091
   2412, 288163
   2413, 288246
   2414, 288337
   2415, 288417
   2416, 288495
   2417, 288583
   2418, 288660
   2419, 288734
   2420, 288835
   2421, 288917
   2422, 289008
   2423, 289082
   2424, 289205
   2425, 289286
   2426, 289468
   2427, 289564
   2428, 289638
   2429, 289717
   2430, 289816
   2431, 289888
   2432, 289973
   2433, 290057
   2434, 290198
   2435, 290281
   2436, 290366
   2437, 290444
   2438, 290520
   2439, 290593
   2440, 290686
   2441, 290767
   2442, 290853
   2443, 290932
   2444, 291025
   2445, 291110
   2446, 291183
   2447, 291263
   2448, 291339
   2449, 291458
   2450, 291544
   2451, 291634
   2452, 291712
   2453, 291785
   2454, 291876
   2455, 291952
   2456, 292025
   2457, 292120
   2458, 292192
   2459, 292265
   2460, 292358
   2461, 292430
   2462, 292507
   2463, 292671
   2464, 292748
   2465, 292856
   2466, 292955
   2467, 293028
   2468, 293109
   2469, 293183
   2470, 293271
   2471, 293349
   2472, 293450
   2473, 293528
   2474, 293605
   2475, 293678
   2476, 293777
   2477, 293853
   2478, 293936
   2479, 294024
   2480, 294103
   2481, 294189
   2482, 294262
   2483, 294334
   2484, 294413
   2485, 294499
   2486, 294578
   2487, 294675
   2488, 294748
   2489, 294844
   2490, 294920
   2491, 295054
   2492, 295130
   2493, 295300
   2494, 295400
   2495, 295472
   2496, 295545
   2497, 295639
   2498, 295711
   2499, 295787
   2500, 295884
   2501, 295969
   2502, 296056
   2503, 296138
   2504, 296257
   2505, 296333
   2506, 296408
   2507, 296480
   2508, 296557
   2509, 296661
   2510, 296740
   2511, 296837
   2512, 296959
   2513, 297032
   2514, 297130
   2515, 297270
   2516, 297373
   2517, 297463
   2518, 297552
   2519, 297628
   2520, 297716
   2521, 297790
   2522, 297868
   2523, 297946
   2524, 298031
   2525, 298118
   2526, 298229
   2527, 298317
   2528, 298406
   2529, 298513
   2530, 298588
   2531, 298700
   2532, 298782
   2533, 298871
   2534, 298950
   2535, 299028
   2536, 299103
   2537, 299187
   2538, 299260
   2539, 299377
   2540, 299449
   2541, 299525
   2542, 299600
   2543, 299674
   2544, 299746
   2545, 299844
   2546, 299921
   2547, 300011
   2548, 300095
   2549, 300196
   2550, 300276
   2551, 300349
   2552, 300439
   2553, 300537
   2554, 300634
   2555, 300744
   2556, 300824
   2557, 300920
   2558, 301080
   2559, 301172
   2560, 301306
   2561, 301411
   2562, 301547
   2563, 301619
   2564, 301703
   2565, 301785
   2566, 301860
   2567, 301970
   2568, 302089
   2569, 302197
   2570, 302288
   2571, 302386
   2572, 302466
   2573, 302578
   2574, 302653
   2575, 302747
   2576, 302821
   2577, 302896
   2578, 303017
   2579, 303108
   2580, 303185
   2581, 303261
   2582, 303348
   2583, 303420
   2584, 303547
   2585, 303624
   2586, 303719
   2587, 303791
   2588, 303863
   2589, 303950
   2590, 304031
   2591, 304121
   2592, 304261
   2593, 304357
   2594, 304436
   2595, 304510
   2596, 304610
   2597, 304684
   2598, 304756
   2599, 304833
   2600, 304931
   2601, 305006
   2602, 305078
   2603, 305152
   2604, 305229
   2605, 305342
   2606, 305429
   2607, 305514
   2608, 305638
   2609, 305713
   2610, 305905
   2611, 305987
   2612, 306070
   2613, 306202
   2614, 306304
   2615, 306396
   2616, 306495
   2617, 306569
   2618, 306696
   2619, 306806
   2620, 306937
   2621, 307041
   2622, 307177
   2623, 307288
   2624, 307427
   2625, 307516
   2626, 307602
   2627, 307676
   2628, 307780
   2629, 307911
   2630, 308015
   2631, 308126
   2632, 308203
   2633, 308279
   2634, 308353
   2635, 308445
   2636, 308525
   2637, 308638
   2638, 308716
   2639, 308803
   2640, 308884
   2641, 308979
   2642, 309057
   2643, 309130
   2644, 309240
   2645, 309313
   2646, 309388
   2647, 309469
   2648, 309567
   2649, 309665
   2650, 309737
   2651, 309815
   2652, 309914
   2653, 310052
   2654, 310124
   2655, 310207
   2656, 310287
   2657, 310364
   2658, 310442
   2659, 310528
   2660, 310603
   2661, 310682
   2662, 310780
   2663, 310855
   2664, 310958
   2665, 311088
   2666, 311217
   2667, 311343
   2668, 311453
   2669, 311587
   2670, 311673
   2671, 311780
   2672, 311858
   2673, 311942
   2674, 312068
   2675, 312149
   2676, 312331
   2677, 312438
   2678, 312582
   2679, 312691
   2680, 312774
   2681, 312846
   2682, 313078
   2683, 313189
   2684, 313287
   2685, 313368
   2686, 313569
   2687, 313679
   2688, 313817
   2689, 313928
   2690, 314061
   2691, 314157
   2692, 314243
   2693, 314318
   2694, 314425
   2695, 314565
   2696, 314654
   2697, 314814
   2698, 314905
   2699, 314992
   2700, 315064
   2701, 315146
   2702, 315317
   2703, 315435
   2704, 315558
   2705, 315667
   2706, 315806
   2707, 315899
   2708, 315982
   2709, 316055
   2710, 316134
   2711, 316301
   2712, 316414
   2713, 316544
   2714, 316636
   2715, 316789
   2716, 316911
   2717, 317043
   2718, 317154
   2719, 317291
   2720, 317410
   2721, 317542
   2722, 317662
   2723, 317795
   2724, 317921
   2725, 318056
   2726, 318144
   2727, 318308
   2728, 318558
   2729, 318664
   2730, 318815
   2731, 318934
   2732, 319069
   2733, 319187
   2734, 319266
   2735, 319371
   2736, 319503
   2737, 319583
   2738, 319847
   2739, 320102
   2740, 320210
   2741, 320353
   2742, 320459
   2743, 320622
   2744, 320734
   2745, 320871
   2746, 320980
   2747, 321128
   2748, 321247
   2749, 321383
   2750, 321554
   2751, 321636
   2752, 321816
   2753, 321895
   2754, 321992
   2755, 322076
   2756, 322148
   2757, 322406
   2758, 322519
   2759, 322655
   2760, 322784
   2761, 322909
   2762, 323037
   2763, 323166
   2764, 323285
   2765, 323422
   2766, 323539
   2767, 323680
   2768, 323805
   2769, 323934
   2770, 324192
   2771, 324303
   2772, 324444
   2773, 324549
   2774, 324697
   2775, 324811
   2776, 324956
   2777, 325070
   2778, 325204
   2779, 325384
   2780, 325456
   2781, 325708
   2782, 325968
   2783, 326222
   2784, 326342
   2785, 326473
   2786, 326589
   2787, 326728
   2788, 326839
   2789, 326979
   2790, 327094
   2791, 327238
   2792, 327353
   2793, 327496
   2794, 327613
   2795, 327758
   2796, 327875
   2797, 328020
   2798, 328133
   2799, 328274
   2800, 328448
   2801, 328531
   2802, 328791
   2803, 328894
   2804, 329043
   2805, 329296
   2806, 329546
   2807, 329800
   2808, 330053
   2809, 330171
   2810, 330315
   2811, 330426
   2812, 330569
   2813, 330686
   2814, 330822
   2815, 331084
   2816, 331269
   2817, 331341
   2818, 331538
   2819, 331641
   2820, 331847
   2821, 332103
   2822, 332216
   2823, 332355
   2824, 332610
   2825, 332702
   2826, 332869
   2827, 332967
   2828, 333119
   2829, 333204
   2830, 333379
   2831, 333477
   2832, 333591
   2833, 333682
   2834, 333754
   2835, 333892
   2836, 333996
   2837, 334147
   2838, 334343
   2839, 334445
   2840, 334588
   2841, 334660
   2842, 334914
   2843, 335024
   2844, 335104
   2845, 335176
   2846, 335264
   2847, 335429
   2848, 335603
   2849, 335683
   2850, 335815
   2851, 335939
   2852, 336190
   2853, 336324
   2854, 336454
   2855, 336573
   2856, 336706
   2857, 336819
   2858, 336957
   2859, 337061
   2860, 337214
   2861, 337468
   2862, 337725
   2863, 337980
   2864, 338092
   2865, 338202
   2866, 338291
   2867, 338496
   2868, 338593
   2869, 338680
   2870, 338752
   2871, 339000
   2872, 339253
   2873, 339502
   2874, 339753
   2875, 340005
   2876, 340189
   2877, 340261
   2878, 340389
   2879, 340511
   2880, 340771
   2881, 340874
   2882, 341022
   2883, 341104
   2884, 341273
   2885, 341382
   2886, 341520
   2887, 341635
   2888, 341775
   2889, 341933
   2890, 342033
   2891, 342278
   2892, 342458
   2893, 342535
   2894, 342634
   2895, 342712
   2896, 342784
   2897, 342894
   2898, 342982
   2899, 343080
   2900, 343209
   2901, 343288
   2902, 343467
   2903, 343546
   2904, 343719
   2905, 343792
   2906, 344044
   2907, 344162
   2908, 344303
   2909, 344405
   2910, 344551
   2911, 344809
   2912, 344888
   2913, 345061
   2914, 345198
   2915, 345300
   2916, 345373
   2917, 345447
   2918, 345533
   2919, 345618
   2920, 345693
   2921, 345831
   2922, 345928
   2923, 346012
   2924, 346086
   2925, 346205
   2926, 346345
   2927, 346453
   2928, 346590
   2929, 346772
   2930, 346852
   2931, 346967
   2932, 347047
   2933, 347148
   2934, 347234
   2935, 347310
   2936, 347402
   2937, 347474
   2938, 347558
   2939, 347649
   2940, 347724
   2941, 347810
   2942, 347907
   2943, 348114
   2944, 348299
   2945, 348372
   2946, 348462
   2947, 348542
   2948, 348620
   2949, 348797
   2950, 348869
   2951, 348993
   2952, 349074
   2953, 349166
   2954, 349292
   2955, 349365
   2956, 349504
   2957, 349629
   2958, 349746
   2959, 349826
   2960, 349921
   2961, 350057
   2962, 350129
   2963, 350218
   2964, 350312
   2965, 350387
   2966, 350483
   2967, 350561
   2968, 350633
   2969, 350883
   2970, 351131
   2971, 351254
   2972, 351391
   2973, 351635
   2974, 351718
   2975, 351883
   2976, 352000
   2977, 352083
   2978, 352156
   2979, 352344
   2980, 352442
   2981, 352649
   2982, 352771
   2983, 352865
   2984, 352949
   2985, 353083
   2986, 353168
   2987, 353265
   2988, 353374
   2989, 353473
   2990, 353684
   2991, 353879
   2992, 353956
   2993, 354143
   2994, 354219
   2995, 354329
   2996, 354478
   2997, 354590
   2998, 354742
   2999, 354865
   3000, 354970
   3001, 355060
   3002, 355280
   3003, 355532
   3004, 355634
   3005, 355715
   3006, 355797
   3007, 355925
   3008, 356061
   3009, 356153
   3010, 356233
   3011, 356312
   3012, 356426
   3013, 356578
   3014, 356706
   3015, 356814
   3016, 356887
   3017, 356962
   3018, 357099
   3019, 357188
   3020, 357360
   3021, 357631
   3022, 357754
   3023, 357834
   3024, 357939
   3025, 358074
   3026, 358149
   3027, 358333
   3028, 358415
   3029, 358520
   3030, 358669
   3031, 358782
   3032, 358879
   3033, 358977
   3034, 359115
   3035, 359187
   3036, 359281
   3037, 359378
   3038, 359450
   3039, 359549
   3040, 359702
   3041, 359954
   3042, 360077
   3043, 360213
   3044, 360332
   3045, 360463
   3046, 360710
   3047, 360818
   3048, 360959
   3049, 361089
   3050, 361210
   3051, 361406
   3052, 361504
   3053, 361581
   3054, 361712
   3055, 361906
   3056, 361978
   3057, 362072
   3058, 362161
   3059, 362233
   3060, 362404
   3061, 362480
   3062, 362681
   3063, 362754
   3064, 362920
   3065, 363000
   3066, 363173
   3067, 363261
   3068, 363359
   3069, 363508
   3070, 363704
   3071, 363780
   3072, 364017
   3073, 364273
   3074, 364456
   3075, 364528
   3076, 364779
   3077, 364863
   3078, 364952
   3079, 365024
   3080, 365135
   3081, 365219
   3082, 365316
   3083, 365523
   3084, 365636
   3085, 365772
   3086, 366022
   3087, 366274
   3088, 366456
   3089, 366528
   3090, 366774
   3091, 367027
   3092, 367282
   3093, 367529
   3094, 367780
   3095, 367896
   3096, 368040
   3097, 368288
   3098, 368408
   3099, 368540
   3100, 368646
   3101, 368789
   3102, 368912
   3103, 369042
   3104, 369157
   3105, 369300
   3106, 369557
   3107, 369821
   3108, 370075
   3109, 370337
   3110, 370600
   3111, 370706
   3112, 370788
   3113, 370862
   3114, 370968
   3115, 371119
   3116, 371301
   3117, 371374
   3118, 371553
   3119, 371630
   3120, 371823
   3121, 371896
   3122, 372003
   3123, 372138
   3124, 372239
   3125, 372399
   3126, 372651
   3127, 372902
   3128, 373023
   3129, 373156
   3130, 373277
   3131, 373414
   3132, 373666
   3133, 373784
   3134, 373923
   3135, 374038
   3136, 374179
   3137, 374310
   3138, 374442
   3139, 374559
   3140, 374705
   3141, 374812
   3142, 374969
   3143, 375085
   3144, 375234
   3145, 375352
   3146, 375497
   3147, 375604
   3148, 375761
   3149, 375885
   3150, 376027
   3151, 376137
   3152, 376291
   3153, 376407
   3154, 376553
   3155, 376656
   3156, 376813
   3157, 377075
   3158, 377334
   3159, 377597
   3160, 377854
   3161, 378116
   3162, 378205
   3163, 378288
   3164, 378369
   3165, 378632
   3166, 378886
   3167, 379065
   3168, 379146
   3169, 379260
   3170, 379398
   3171, 379494
   3172, 379588
   3173, 379662
   3174, 379843
   3175, 379915
   3176, 380161
   3177, 380272
   3178, 380420
   3179, 380612
   3180, 380695
   3181, 380849
   3182, 380921
   3183, 381097
   3184, 381177
   3185, 381421
   3186, 381680
   3187, 381922
   3188, 382040
   3189, 382175
   3190, 382426
   3191, 382674
   3192, 382929
   3193, 383180
   3194, 383289
   3195, 383433
   3196, 383552
   3197, 383683
   3198, 383802
   3199, 383944
   3200, 384060
   3201, 384198
   3202, 384322
   3203, 384446
   3204, 384562
   3205, 384699
   3206, 384954
   3207, 385211
   3208, 385330
   3209, 385463
   3210, 385569
   3211, 385725
   3212, 385846
   3213, 385975
   3214, 386230
   3215, 386416
   3216, 386488
   3217, 386749
   3218, 386933
   3219, 387005
   3220, 387253
   3221, 387508
   3222, 387764
   3223, 387942
   3224, 388015
   3225, 388276
   3226, 388526
   3227, 388617
   3228, 388777
   3229, 389030
   3230, 389145
   3231, 389217
   3232, 389292
   3233, 389384
   3234, 389544
   3235, 389671
   3236, 389790
   3237, 389894
   3238, 390045
   3239, 390124
   3240, 390238
   3241, 390314
   3242, 390402
   3243, 390545
   3244, 390632
   3245, 390734
   3246, 390806
   3247, 391061
   3248, 391163
   3249, 391314
   3250, 391436
   3251, 391513
   3252, 391611
   3253, 391828
   3254, 391919
   3255, 392087
   3256, 392210
   3257, 392344
   3258, 392443
   3259, 392601
   3260, 392699
   3261, 392861
   3262, 392986
   3263, 393117
   3264, 393370
   3265, 393487
   3266, 393592
   3267, 393682
   3268, 393892
   3269, 394011
   3270, 394142
   3271, 394336
   3272, 394408
   3273, 394660
   3274, 394777
   3275, 394911
   3276, 395025
   3277, 395162
   3278, 395242
   3279, 395339
   3280, 395417
   3281, 395526
   3282, 395602
   3283, 395675
   3284, 395779
   3285, 395860
   3286, 395935
   3287, 396007
   3288, 396116
   3289, 396189
   3290, 396274
   3291, 396368
   3292, 396440
   3293, 396538
   3294, 396610
   3295, 396683
   3296, 396772
   3297, 396913
   3298, 396993
   3299, 397073
   3300, 397153
   3301, 397251
   3302, 397377
   3303, 397458
   3304, 397646
   3305, 397718
   3306, 397963
   3307, 398215
   3308, 398302
   3309, 398466
   3310, 398645
   3311, 398720
   3312, 398825
   3313, 398979
   3314, 399157
   3315, 399230
   3316, 399339
   3317, 399478
   3318, 399740
   3319, 399927
   3320, 400000
   3321, 400248
   3322, 400369
   3323, 400506
   3324, 400760
   3325, 400871
   3326, 401014
   3327, 401198
   3328, 401279
   3329, 401404
   3330, 401546
   3331, 401732
   3332, 401806
   3333, 401909
   3334, 402069
   3335, 402273
   3336, 402346
   3337, 402457
   3338, 402602
   3339, 402781
   3340, 402865
   3341, 402991
   3342, 403125
   3343, 403379
   3344, 403642
   3345, 403904
   3346, 404108
   3347, 404181
   3348, 404341
   3349, 404425
   3350, 404689
   3351, 404871
   3352, 404958
   3353, 405081
   3354, 405218
   3355, 405481
   3356, 405739
   3357, 406005
   3358, 406261
   3359, 406527
   3360, 406630
   3361, 406724
   3362, 406796
   3363, 406901
   3364, 407052
   3365, 407308
   3366, 407573
   3367, 407757
   3368, 407834
   3369, 408016
   3370, 408099
   3371, 408360
   3372, 408491
   3373, 408616
   3374, 408724
   3375, 408877
   3376, 408995
   3377, 409140
   3378, 409343
   3379, 409417
   3380, 409587
   3381, 409670
   3382, 409935
   3383, 410129
   3384, 410201
   3385, 410464
   3386, 410726
   3387, 410983
   3388, 411243
   3389, 411495
   3390, 411760
   3391, 411940
   3392, 412020
   3393, 412194
   3394, 412277
   3395, 412532
   3396, 412801
   3397, 413003
   3398, 413102
   3399, 413313
   3400, 413564
   3401, 413826
   3402, 414088
   3403, 414272
   3404, 414350
   3405, 414616
   3406, 414730
   3407, 414873
   3408, 414986
   3409, 415136
   3410, 415396
   3411, 415531
   3412, 415661
   3413, 415847
   3414, 415919
   3415, 416170
   3416, 416289
   3417, 416366
   3418, 416441
   3419, 416681
   3420, 416800
   3421, 416939
   3422, 417142
   3423, 417221
   3424, 417329
   3425, 417458
   3426, 417576
   3427, 417716
   3428, 417972
   3429, 418162
   3430, 418235
   3431, 418498
   3432, 418605
   3433, 418758
   3434, 418879
   3435, 418995
   3436, 419069
   3437, 419207
   3438, 419283
   3439, 419363
   3440, 419461
   3441, 419543
   3442, 419806
   3443, 420001
   3444, 420082
   3445, 420155
   3446, 420247
   3447, 420331
   3448, 420407
   3449, 420544
   3450, 420630
   3451, 420840
   3452, 420926
   3453, 421018
   3454, 421097
   3455, 421206
   3456, 421291
   3457, 421364
   3458, 421461
   3459, 421611
   3460, 421711
   3461, 421812
   3462, 421886
   3463, 422062
   3464, 422134
   3465, 422315
   3466, 422396
   3467, 422661
   3468, 422918
   3469, 423044
   3470, 423128
   3471, 423222
   3472, 423363
   3473, 423440
   3474, 423561
   3475, 423697
   3476, 423879
   3477, 423960
   3478, 424067
   3479, 424217
   3480, 424317
   3481, 424401
   3482, 424475
   3483, 424732
   3484, 424989
   3485, 425256
   3486, 425442
   3487, 425519
   3488, 425707
   3489, 425782
   3490, 425890
   3491, 426040
   3492, 426221
   3493, 426301
   3494, 426422
   3495, 426568
   3496, 426682
   3497, 426821
   3498, 427014
   3499, 427086
   3500, 427276
   3501, 427350
   3502, 427527
   3503, 427611
   3504, 427792
   3505, 427877
   3506, 428140
   3507, 428402
   3508, 428531
   3509, 428666
   3510, 428788
   3511, 428927
   3512, 429119
   3513, 429191
   3514, 429441
   3515, 429630
   3516, 429709
   3517, 429898
   3518, 429970
   3519, 430163
   3520, 430235
   3521, 430423
   3522, 430503
   3523, 430675
   3524, 430762
   3525, 431021
   3526, 431209
   3527, 431285
   3528, 431550
   3529, 431812
   3530, 431929
   3531, 432067
   3532, 432333
   3533, 432511
   3534, 432594
   3535, 432778
   3536, 432857
   3537, 433042
   3538, 433120
   3539, 433237
   3540, 433377
   3541, 433635
   3542, 433819
   3543, 433902
   3544, 434090
   3545, 434167
   3546, 434432
   3547, 434612
   3548, 434693
   3549, 434809
   3550, 434960
   3551, 435224
   3552, 435490
   3553, 435764
   3554, 435944
   3555, 436027
   3556, 436158
   3557, 436287
   3558, 436554
   3559, 436673
   3560, 436819
   3561, 437003
   3562, 437084
   3563, 437189
   3564, 437339
   3565, 437605
   3566, 437783
   3567, 437866
   3568, 437964
   3569, 438066
   3570, 438142
   3571, 438393
   3572, 438649
   3573, 438908
   3574, 439173
   3575, 439436
   3576, 439700
   3577, 439878
   3578, 439956
   3579, 440222
   3580, 440482
   3581, 440736
   3582, 441002
   3583, 441263
   3584, 441443
   3585, 441520
   3586, 441782
   3587, 442045
   3588, 442305
   3589, 442419
   3590, 442557
   3591, 442753
   3592, 442825
   3593, 443006
   3594, 443085
   3595, 443343
   3596, 443553
   3597, 443626
   3598, 443874
   3599, 444136
   3600, 444327
   3601, 444401
   3602, 444663
   3603, 444926
   3604, 445114
   3605, 445186
   3606, 445384
   3607, 445456
   3608, 445625
   3609, 445700
   3610, 445893
   3611, 445966
   3612, 446142
   3613, 446223
   3614, 446405
   3615, 446480
   3616, 446737
   3617, 446996
   3618, 447107
   3619, 447256
   3620, 447443
   3621, 447516
   3622, 447689
   3623, 447770
   3624, 447951
   3625, 448032
   3626, 448290
   3627, 448551
   3628, 448735
   3629, 448820
   3630, 449078
   3631, 449186
   3632, 449266
   3633, 449340
   3634, 449512
   3635, 449597
   3636, 449782
   3637, 449860
   3638, 450044
   3639, 450122
   3640, 450242
   3641, 450377
   3642, 450642
   3643, 450830
   3644, 450903
   3645, 451087
   3646, 451166
   3647, 451433
   3648, 451697
   3649, 451961
   3650, 452074
   3651, 452227
   3652, 452419
   3653, 452501
   3654, 452768
   3655, 452954
   3656, 453029
   3657, 453144
   3658, 453296
   3659, 453560
   3660, 453821
   3661, 454086
   3662, 454340
   3663, 454466
   3664, 454601
   3665, 454856
   3666, 455119
   3667, 455302
   3668, 455376
   3669, 455633
   3670, 455894
   3671, 455997
   3672, 456150
   3673, 456407
   3674, 456670
   3675, 456935
   3676, 457114
   3677, 457194
   3678, 457378
   3679, 457458
   3680, 457725
   3681, 457979
   3682, 458093
   3683, 458239
   3684, 458497
   3685, 458675
   3686, 458757
   3687, 458938
   3688, 459018
   3689, 459280
   3690, 459461
   3691, 459538
   3692, 459721
   3693, 459795
   3694, 460053
   3695, 460318
   3696, 460432
   3697, 460573
   3698, 460835
   3699, 461087
   3700, 461268
   3701, 461346
   3702, 461527
   3703, 461604
   3704, 461795
   3705, 461867
   3706, 462048
   3707, 462129
   3708, 462382
   3709, 462643
   3710, 462821
   3711, 462901
   3712, 463164
   3713, 463267
   3714, 463419
   3715, 463596
   3716, 463675
   3717, 463862
   3718, 463935
   3719, 464116
   3720, 464194
   3721, 464450
   3722, 464711
   3723, 464840
   3724, 464975
   3725, 465157
   3726, 465231
   3727, 465492
   3728, 465757
   3729, 465940
   3730, 466024
   3731, 466216
   3732, 466295
   3733, 466466
   3734, 466543
   3735, 466720
   3736, 466804
   3737, 466993
   3738, 467068
   3739, 467249
   3740, 467333
   3741, 467595
   3742, 467784
   3743, 467856
   3744, 468110
   3745, 468241
   3746, 468372
   3747, 468637
   3748, 468746
   3749, 468888
   3750, 468997
   3751, 469151
   3752, 469408
   3753, 469536
   3754, 469670
   3755, 469934
   3756, 470053
   3757, 470198
   3758, 470383
   3759, 470463
   3760, 470727
   3761, 470996
   3762, 471110
   3763, 471262
   3764, 471440
   3765, 471519
   3766, 471789
   3767, 472050
   3768, 472246
   3769, 472318
   3770, 472584
   3771, 472852
   3772, 473117
   3773, 473291
   3774, 473382
   3775, 473608
   3776, 473705
   3777, 473923
   3778, 474106
   3779, 474187
   3780, 474293
   3781, 474373
   3782, 474454
   3783, 474644
   3784, 474726
   3785, 474909
   3786, 474993
   3787, 475186
   3788, 475270
   3789, 475539
   3790, 475809
   3791, 475925
   3792, 476074
   3793, 476285
   3794, 476394
   3795, 476610
   3796, 476866
   3797, 477049
   3798, 477139
   3799, 477251
   3800, 477396
   3801, 477483
   3802, 477658
   3803, 477852
   3804, 477924
   3805, 478122
   3806, 478197
   3807, 478370
   3808, 478447
   3809, 478634
   3810, 478715
   3811, 478987
   3812, 479253
   3813, 479371
   3814, 479517
   3815, 479715
   3816, 479787
   3817, 479968
   3818, 480045
   3819, 480310
   3820, 480435
   3821, 480576
   3822, 480757
   3823, 480832
   3824, 481021
   3825, 481094
   3826, 481285
   3827, 481358
   3828, 481620
   3829, 481818
   3830, 481891
   3831, 482059
   3832, 482137
   3833, 482334
   3834, 482408
   3835, 482586
   3836, 482659
   3837, 482754
   3838, 482836
   3839, 482913
   3840, 483111
   3841, 483183
   3842, 483362
   3843, 483441
   3844, 483630
   3845, 483702
   3846, 483961
   3847, 484221
   3848, 484407
   3849, 484479
   3850, 484661
   3851, 484739
   3852, 484944
   3853, 485027
   3854, 485116
   3855, 485188
   3856, 485260
   3857, 485441
   3858, 485513
   3859, 485705
   3860, 485784
   3861, 486039
   3862, 486226
   3863, 486300
   3864, 486487
   3865, 486566
   3866, 486751
   3867, 486827
   3868, 487095
   3869, 487277
   3870, 487358
   3871, 487543
   3872, 487624
   3873, 487816
   3874, 487889
   3875, 488151
   3876, 488349
   3877, 488421
   3878, 488618
   3879, 488722
   3880, 488853
   3881, 488932
   3882, 489121
   3883, 489199
   3884, 489379
   3885, 489457
   3886, 489633
   3887, 489712
   3888, 489963
   3889, 490152
   3890, 490225
   3891, 490330
   3892, 490403
   3893, 490475
   3894, 490732
   3895, 490997
   3896, 491188
   3897, 491260
   3898, 491434
   3899, 491513
   3900, 491699
   3901, 491778
   3902, 491961
   3903, 492042
   3904, 492302
   3905, 492482
   3906, 492556
   3907, 492744
   3908, 492816
   3909, 493006
   3910, 493079
   3911, 493258
   3912, 493331
   3913, 493525
   3914, 493602
   3915, 493787
   3916, 493859
   3917, 494039
   3918, 494116
   3919, 494376
   3920, 494566
   3921, 494641
   3922, 494758
   3923, 494831
   3924, 494910
   3925, 495094
   3926, 495166
   3927, 495357
   3928, 495440
   3929, 495622
   3930, 495700
   3931, 495967
   3932, 496170
   3933, 496243
   3934, 496500
   3935, 496613
   3936, 496764
   3937, 497026
   3938, 497292
   3939, 497554
   3940, 497740
   3941, 497812
   3942, 497993
   3943, 498074
   3944, 498251
   3945, 498323
   3946, 498586
   3947, 498770
   3948, 498847
   3949, 499107
   3950, 499289
   3951, 499366
   3952, 499551
   3953, 499624
   3954, 499821
   3955, 499894
   3956, 500067
   3957, 500151
   3958, 500334
   3959, 500413
   3960, 500678
   3961, 500793
   3962, 500933
   3963, 501195
   3964, 501457
   3965, 501585
   3966, 501724
   3967, 501907
   3968, 501984
   3969, 502168
   3970, 502250
   3971, 502433
   3972, 502515
   3973, 502777
   3974, 503043
   3975, 503223
   3976, 503304
   3977, 503565
   3978, 503823
   3979, 504026
   3980, 504098
   3981, 504355
   3982, 504619
   3983, 504816
   3984, 504888
   3985, 505153
   3986, 505416
   3987, 505677
   3988, 505948
   3989, 506209
   3990, 506477
   3991, 506740
   3992, 506870
   3993, 507005
   3994, 507271
   3995, 507534
   3996, 507733
   3997, 507808
   3998, 508070
   3999, 508258
   4000, 508333
   4001, 508601
   4002, 508866
   4003, 509131
   4004, 509403
   4005, 509608
   4006, 509682
   4007, 509934
   4008, 510116
   4009, 510199
   4010, 510468
   4011, 510676
   4012, 510748
   4013, 510921
   4014, 510995
   4015, 511198
   4016, 511270
   4017, 511527
   4018, 511789
   4019, 511912
   4020, 511989
   4021, 512061
   4022, 512323
   4023, 512506
   4024, 512587
   4025, 512853
   4026, 513037
   4027, 513116
   4028, 513226
   4029, 513317
   4030, 513390
   4031, 513564
   4032, 513643
   4033, 513759
   4034, 513907
   4035, 514167
   4036, 514344
   4037, 514425
   4038, 514610
   4039, 514688
   4040, 514793
   4041, 514873
   4042, 514947
   4043, 515140
   4044, 515212
   4045, 515470
   4046, 515653
   4047, 515734
   4048, 515996
   4049, 516185
   4050, 516258
   4051, 516449
   4052, 516521
   4053, 516685
   4054, 516766
   4055, 516960
   4056, 517032
   4057, 517289
   4058, 517475
   4059, 517552
   4060, 517730
   4061, 517814
   4062, 517994
   4063, 518078
   4064, 518181
   4065, 518268
   4066, 518345
   4067, 518524
   4068, 518607
   4069, 518788
   4070, 518869
   4071, 519049
   4072, 519133
   4073, 519313
   4074, 519395
   4075, 519658
   4076, 519751
   4077, 519915
   4078, 520035
   4079, 520179
   4080, 520307
   4081, 520439
   4082, 520702
   4083, 520964
   4084, 521079
   4085, 521223
   4086, 521475
   4087, 521736
   4088, 521997
   4089, 522256
   4090, 522382
   4091, 522518
   4092, 522711
   4093, 522783
   4094, 522911
   4095, 523039
   4096, 523159
   4097, 523298
   4098, 523493
   4099, 523566
   4100, 523827
   4101, 524082
   4102, 524345
   4103, 524607
   4104, 524788
   4105, 524868
   4106, 525052
   4107, 525136
   4108, 525328
   4109, 525402
   4110, 525670
   4111, 525930
   4112, 526132
   4113, 526204
   4114, 526478
   4115, 526663
   4116, 526739
   4117, 526929
   4118, 527010
   4119, 527217
   4120, 527295
   4121, 527541
   4122, 527810
   4123, 528003
   4124, 528078
   4125, 528262
   4126, 528341
   4127, 528605
   4128, 528813
   4129, 528888
   4130, 528980
   4131, 529135
   4132, 529390
   4133, 529658
   4134, 529919
   4135, 530178
   4136, 530445
   4137, 530711
   4138, 530847
   4139, 530973
   4140, 531239
   4141, 531511
   4142, 531778
   4143, 532039
   4144, 532143
   4145, 532313
   4146, 532497
   4147, 532571
   4148, 532760
   4149, 532835
   4150, 533105
   4151, 533236
   4152, 533370
   4153, 533634
   4154, 533818
   4155, 533900
   4156, 534097
   4157, 534175
   4158, 534359
   4159, 534441
   4160, 534699
   4161, 534974
   4162, 535161
   4163, 535241
   4164, 535507
   4165, 535713
   4166, 535785
   4167, 535986
   4168, 536059
   4169, 536237
   4170, 536311
   4171, 536494
   4172, 536579
   4173, 536845
   4174, 537107
   4175, 537234
   4176, 537364
   4177, 537484
   4178, 537627
   4179, 537807
   4180, 537887
   4181, 538151
   4182, 538414
   4183, 538542
   4184, 538674
   4185, 538788
   4186, 538933
   4187, 539129
   4188, 539206
   4189, 539473
   4190, 539671
   4191, 539744
   4192, 539936
   4193, 540008
   4194, 540191
   4195, 540267
   4196, 540446
   4197, 540531
   4198, 540795
   4199, 541067
   4200, 541262
   4201, 541334
   4202, 541533
   4203, 541639
   4204, 541861
   4205, 542055
   4206, 542135
   4207, 542403
   4208, 542583
   4209, 542667
   4210, 542858
   4211, 542941
   4212, 543208
   4213, 543399
   4214, 543482
   4215, 543675
   4216, 543759
   4217, 543940
   4218, 544029
   4219, 544296
   4220, 544565
   4221, 544758
   4222, 544837
   4223, 545021
   4224, 545103
   4225, 545284
   4226, 545369
   4227, 545633
   4228, 545896
   4229, 546161
   4230, 546429
   4231, 546624
   4232, 546696
   4233, 546955
   4234, 547227
   4235, 547490
   4236, 547756
   4237, 548021
   4238, 548287
   4239, 548503
   4240, 548603
   4241, 548819
   4242, 549013
   4243, 549089
   4244, 549352
   4245, 549540
   4246, 549617
   4247, 549739
   4248, 549813
   4249, 549891
   4250, 550156
   4251, 550286
   4252, 550420
   4253, 550547
   4254, 550686
   4255, 550948
   4256, 551134
   4257, 551214
   4258, 551407
   4259, 551488
   4260, 551675
   4261, 551753
   4262, 551943
   4263, 552020
   4264, 552147
   4265, 552287
   4266, 552424
   4267, 552560
   4268, 552823
   4269, 553083
   4270, 553280
   4271, 553352
   4272, 553473
   4273, 553550
   4274, 553656
   4275, 553866
   4276, 554068
   4277, 554141
   4278, 554390
   4279, 554648
   4280, 554843
   4281, 554915
   4282, 555052
   4283, 555178
   4284, 555305
   4285, 555444
   4286, 555704
   4287, 555971
   4288, 556166
   4289, 556239
   4290, 556499
   4291, 556690
   4292, 556771
   4293, 557032
   4294, 557299
   4295, 557485
   4296, 557565
   4297, 557828
   4298, 558096
   4299, 558359
   4300, 558620
   4301, 558746
   4302, 558877
   4303, 559069
   4304, 559141
   4305, 559407
   4306, 559669
   4307, 559933
   4308, 560197
   4309, 560459
   4310, 560730
   4311, 560925
   4312, 560997
   4313, 561251
   4314, 561436
   4315, 561513
   4316, 561699
   4317, 561774
   4318, 562044
   4319, 562298
   4320, 562490
   4321, 562562
   4322, 562692
   4323, 562822
   4324, 563089
   4325, 563285
   4326, 563361
   4327, 563601
   4328, 563805
   4329, 563878
   4330, 564122
   4331, 564384
   4332, 564649
   4333, 564831
   4334, 564907
   4335, 565166
   4336, 565349
   4337, 565429
   4338, 565691
   4339, 565875
   4340, 565947
   4341, 566201
   4342, 566316
   4343, 566462
   4344, 566646
   4345, 566718
   4346, 566930
   4347, 567028
   4348, 567172
   4349, 567244
   4350, 567495
   4351, 567750
   4352, 567933
   4353, 568008
   4354, 568210
   4355, 568285
   4356, 568465
   4357, 568537
   4358, 568721
   4359, 568793
   4360, 568871
   4361, 569044
   4362, 569299
   4363, 569398
   4364, 569558
   4365, 569819
   4366, 570086
   4367, 570342
   4368, 570540
   4369, 570618
   4370, 570863
   4371, 571053
   4372, 571125
   4373, 571325
   4374, 571397
   4375, 571568
   4376, 571642
   4377, 571901
   4378, 572088
   4379, 572162
   4380, 572338
   4381, 572411
   4382, 572601
   4383, 572675
   4384, 572855
   4385, 572934
   4386, 573120
   4387, 573192
   4388, 573450
   4389, 573638
   4390, 573711
   4391, 573916
   4392, 574017
   4393, 574151
   4394, 574223
   4395, 574411
   4396, 574483
   4397, 574682
   4398, 574789
   4399, 574930
   4400, 575002
   4401, 575260
   4402, 575447
   4403, 575520
   4404, 575711
   4405, 575783
   4406, 576037
   4407, 576299
   4408, 576490
   4409, 576562
   4410, 576742
   4411, 576814
   4412, 577079
   4413, 577167
   4414, 577277
   4415, 577350
   4416, 577528
   4417, 577601
   4418, 577789
   4419, 577861
   4420, 578115
   4421, 578373
   4422, 578626
   4423, 578753
   4424, 578892
   4425, 579073
   4426, 579149
   4427, 579343
   4428, 579451
   4429, 579596
   4430, 579668
   4431, 579919
   4432, 580175
   4433, 580362
   4434, 580438
   4435, 580621
   4436, 580693
   4437, 580876
   4438, 580948
   4439, 581130
   4440, 581207
   4441, 581472
   4442, 581733
   4443, 581917
   4444, 581989
   4445, 582172
   4446, 582256
   4447, 582511
   4448, 582699
   4449, 582771
   4450, 582982
   4451, 583092
   4452, 583229
   4453, 583305
   4454, 583490
   4455, 583563
   4456, 583759
   4457, 583831
   4458, 584020
   4459, 584092
   4460, 584206
   4461, 584285
   4462, 584359
   4463, 584534
   4464, 584608
   4465, 584806
   4466, 584878
   4467, 585059
   4468, 585131
   4469, 585322
   4470, 585395
   4471, 585638
   4472, 585902
   4473, 586153
   4474, 586407
   4475, 586675
   4476, 586865
   4477, 586937
   4478, 587191
   4479, 587454
   4480, 587714
   4481, 587830
   4482, 587971
   4483, 588168
   4484, 588241
   4485, 588506
   4486, 588763
   4487, 588953
   4488, 589027
   4489, 589293
   4490, 589482
   4491, 589555
   4492, 589817
   4493, 590015
   4494, 590087
   4495, 590263
   4496, 590341
   4497, 590526
   4498, 590600
   4499, 590741
   4500, 590864
   4501, 591055
   4502, 591128
   4503, 591389
   4504, 591572
   4505, 591652
   4506, 591919
   4507, 592104
   4508, 592179
   4509, 592308
   4510, 592432
   4511, 592691
   4512, 592881
   4513, 592953
   4514, 593199
   4515, 593332
   4516, 593459
   4517, 593720
   4518, 593974
   4519, 594182
   4520, 594288
   4521, 594449
   4522, 594555
   4523, 594694
   4524, 594768
   4525, 594948
   4526, 595023
   4527, 595209
   4528, 595281
   4529, 595541
   4530, 595802
   4531, 595990
   4532, 596072
   4533, 596337
   4534, 596598
   4535, 596858
   4536, 597049
   4537, 597127
   4538, 597315
   4539, 597389
   4540, 597645
   4541, 597840
   4542, 597912
   4543, 598025
   4544, 598162
   4545, 598344
   4546, 598423
   4547, 598688
   4548, 598952
   4549, 599210
   4550, 599470
   4551, 599599
   4552, 599744
   4553, 600010
   4554, 600265
   4555, 600528
   4556, 600786
   4557, 600973
   4558, 601049
   4559, 601308
   4560, 601513
   4561, 601606
   4562, 601828
   4563, 602017
   4564, 602089
   4565, 602352
   4566, 602608
   4567, 602871
   4568, 603129
   4569, 603390
   4570, 603647
   4571, 603911
   4572, 604178
   4573, 604437
   4574, 604633
   4575, 604705
   4576, 604888
   4577, 604960
   4578, 605150
   4579, 605222
   4580, 605483
   4581, 605668
   4582, 605740
   4583, 605995
   4584, 606184
   4585, 606257
   4586, 606437
   4587, 606509
   4588, 606719
   4589, 606825
   4590, 607033
   4591, 607286
   4592, 607468
   4593, 607549
   4594, 607734
   4595, 607806
   4596, 608067
   4597, 608255
   4598, 608327
   4599, 608447
   4600, 608583
   4601, 608841
   4602, 609029
   4603, 609102
   4604, 609364
   4605, 609550
   4606, 609625
   4607, 609813
   4608, 609888
   4609, 610063
   4610, 610135
   4611, 610327
   4612, 610399
   4613, 610578
   4614, 610650
   4615, 610900
   4616, 611011
   4617, 611087
   4618, 611160
   4619, 611334
   4620, 611407
   4621, 611590
   4622, 611667
   4623, 611851
   4624, 611923
   4625, 612113
   4626, 612185
   4627, 612367
   4628, 612446
   4629, 612631
   4630, 612703
   4631, 612897
   4632, 612969
   4633, 613153
   4634, 613229
   4635, 613426
   4636, 613498
   4637, 613666
   4638, 613744
   4639, 613930
   4640, 614007
   4641, 614262
   4642, 614448
   4643, 614524
   4644, 614785
   4645, 614971
   4646, 615043
   4647, 615228
   4648, 615301
   4649, 615492
   4650, 615565
   4651, 615824
   4652, 615926
   4653, 616085
   4654, 616342
   4655, 616539
   4656, 616612
   4657, 616804
   4658, 616882
   4659, 617049
   4660, 617125
   4661, 617391
   4662, 617649
   4663, 617776
   4664, 617907
   4665, 618044
   4666, 618174
   4667, 618432
   4668, 618566
   4669, 618696
   4670, 618816
   4671, 618889
   4672, 618962
   4673, 619214
   4674, 619479
   4675, 619738
   4676, 620006
   4677, 620270
   4678, 620459
   4679, 620531
   4680, 620647
   4681, 620724
   4682, 620807
   4683, 620922
   4684, 621071
   4685, 621266
   4686, 621344
   4687, 621450
   4688, 621610
   4689, 621817
   4690, 621896
   4691, 622138
   4692, 622340
   4693, 622412
   4694, 622676
   4695, 622866
   4696, 622941
   4697, 623129
   4698, 623203
   4699, 623473
   4700, 623671
   4701, 623745
   4702, 623929
   4703, 624001
   4704, 624269
   4705, 624532
   4706, 624644
   4707, 624793
   4708, 624985
   4709, 625061
   4710, 625323
   4711, 625521
   4712, 625593
   4713, 625848
   4714, 626043
   4715, 626116
   4716, 626307
   4717, 626381
   4718, 626636
   4719, 626824
   4720, 626899
   4721, 627022
   4722, 627156
   4723, 627360
   4724, 627468
   4725, 627673
   4726, 627932
   4727, 628120
   4728, 628192
   4729, 628442
   4730, 628709
   4731, 628821
   4732, 628901
   4733, 628973
   4734, 629223
   4735, 629405
   4736, 629486
   4737, 629667
   4738, 629746
   4739, 629864
   4740, 630005
   4741, 630270
   4742, 630463
   4743, 630535
   4744, 630796
   4745, 630980
   4746, 631054
   4747, 631324
   4748, 631524
   4749, 631596
   4750, 631846
   4751, 632109
   4752, 632297
   4753, 632370
   4754, 632629
   4755, 632894
   4756, 633160
   4757, 633351
   4758, 633423
   4759, 633676
   4760, 633942
   4761, 634140
   4762, 634212
   4763, 634389
   4764, 634462
   4765, 634653
   4766, 634727
   4767, 634986
   4768, 635248
   4769, 635512
   4770, 635707
   4771, 635779
   4772, 635965
   4773, 636040
   4774, 636226
   4775, 636300
   4776, 636570
   4777, 636696
   4778, 636827
   4779, 637017
   4780, 637089
   4781, 637273
   4782, 637350
   4783, 637613
   4784, 637873
   4785, 638135
   4786, 638342
   4787, 638415
   4788, 638590
   4789, 638662
   4790, 638924
   4791, 639193
   4792, 639451
   4793, 639650
   4794, 639725
   4795, 639970
   4796, 640229
   4797, 640486
   4798, 640747
   4799, 640941
   4800, 641013
   4801, 641264
   4802, 641447
   4803, 641520
   4804, 641782
   4805, 641965
   4806, 642041
   4807, 642227
   4808, 642300
   4809, 642552
   4810, 642750
   4811, 642822
   4812, 642996
   4813, 643068
   4814, 643330
   4815, 643595
   4816, 643855
   4817, 644112
   4818, 644311
   4819, 644383
   4820, 644569
   4821, 644641
   4822, 644902
   4823, 645090
   4824, 645162
   4825, 645266
   4826, 645350
   4827, 645422
   4828, 645602
   4829, 645674
   4830, 645853
   4831, 645931
   4832, 646196
   4833, 646450
   4834, 646646
   4835, 646718
   4836, 646969
   4837, 647061
   4838, 647180
   4839, 647287
   4840, 647427
   4841, 647500
   4842, 647680
   4843, 647754
   4844, 648016
   4845, 648274
   4846, 648405
   4847, 648538
   4848, 648654
   4849, 648802
   4850, 649000
   4851, 649072
   4852, 649319
   4853, 649580
   4854, 649769
   4855, 649842
