      0,   1329
      1,   1707
      2,   2096
      3,   2514
      4,   2875
      5,   3254
      6,   3649
      7,   4019
      8,   4354
      9,   4702
     10,   5088
     11,   5456
     12,   5587
     13,   5776
     14,   6156
     15,   6587
     16,   6981
     17,   7332
     18,   7733
     19,   8120
     20,   8241
     21,   8454
     22,   8648
     23,   9050
     24,   9455
     25,   9832
     26,  10200
     27,  10580
     28,  10992
     29,  11387
     30,  11746
     31,  12122
     32,  12497
     33,  12876
     34,  13242
     35,  13612
     36,  13984
     37,  14369
     38,  14703
     39,  15054
     40,  15464
     41,  15839
     42,  16167
     43,  16525
     44,  16904
     45,  17293
     46,  17650
     47,  18017
     48,  18397
     49,  18776
     50,  19117
     51,  19515
     52,  19925
     53,  20317
     54,  20669
     55,  21029
     56,  21391
     57,  21775
     58,  22143
     59,  22501
     60,  22906
     61,  23262
     62,  23629
     63,  24037
     64,  24444
     65,  24795
     66,  25136
     67,  25519
     68,  25900
     69,  26258
     70,  26641
     71,  27032
     72,  27399
     73,  27723
     74,  28124
     75,  28530
     76,  28917
     77,  29300
     78,  29684
     79,  29818
     80,  30053
     81,  30418
     82,  30782
     83,  31139
     84,  31509
     85,  31863
     86,  31990
     87,  32228
     88,  32619
     89,  33005
     90,  33346
     91,  33711
     92,  34094
     93,  34484
     94,  34864
     95,  35235
     96,  35630
     97,  36011
     98,  36344
     99,  36709
    100,  37116
    101,  37507
    102,  37859
    103,  38215
    104,  38574
    105,  38966
    106,  39330
    107,  39690
    108,  40088
    109,  40463
    110,  40800
    111,  41194
    112,  41592
    113,  41948
    114,  42291
    115,  42677
    116,  43026
    117,  43395
    118,  43760
    119,  44116
    120,  44474
    121,  44802
    122,  45154
    123,  45555
    124,  45973
    125,  46337
    126,  46705
    127,  47085
    128,  47474
    129,  47844
    130,  48216
    131,  48612
    132,  48993
    133,  49323
    134,  49698
    135,  50109
    136,  50497
    137,  50847
    138,  51197
    139,  51548
    140,  51942
    141,  52304
    142,  52681
    143,  53086
    144,  53474
    145,  53854
    146,  54261
    147,  54666
    148,  55022
    149,  55401
    150,  55771
    151,  56189
    152,  56568
    153,  56940
    154,  57318
    155,  57698
    156,  58010
    157,  58384
    158,  58794
    159,  59174
    160,  59525
    161,  59877
    162,  60239
    163,  60603
    164,  60933
    165,  61306
    166,  61681
    167,  62049
    168,  62364
    169,  62775
    170,  63185
    171,  63555
    172,  63903
    173,  64260
    174,  64386
    175,  64641
    176,  65045
    177,  65420
    178,  65551
    179,  65794
    180,  66179
    181,  66552
    182,  66886
    183,  67221
    184,  67593
    185,  68001
    186,  68315
    187,  68597
    188,  68719
    189,  68883
    190,  69221
    191,  69539
    192,  69870
    193,  70322
    194,  70773
    195,  71169
    196,  71625
    197,  72049
    198,  72477
    199,  72871
    200,  73256
    201,  73676
    202,  74108
    203,  74497
    204,  74848
    205,  75219
    206,  75637
    207,  76043
    208,  76399
    209,  76788
    210,  77168
    211,  77526
    212,  77875
    213,  78230
    214,  78600
    215,  78975
    216,  79346
    217,  79683
    218,  80073
    219,  80485
    220,  80868
    221,  81182
    222,  81497
    223,  81852
    224,  82270
    225,  82660
    226,  83038
    227,  83435
    228,  83808
    229,  84159
    230,  84538
    231,  84914
    232,  85291
    233,  85633
    234,  85988
    235,  86378
    236,  86801
    237,  87160
    238,  87506
    239,  87859
    240,  88183
    241,  88563
    242,  88983
    243,  89400
    244,  89761
    245,  90141
    246,  90526
    247,  90926
    248,  91278
    249,  91636
    250,  92036
    251,  92415
    252,  92761
    253,  93151
    254,  93570
    255,  93957
    256,  94320
    257,  94690
    258,  95087
    259,  95490
    260,  95849
    261,  96228
    262,  96605
    263,  96987
    264,  97364
    265,  97726
    266,  98090
    267,  98462
    268,  98801
    269,  98932
    270,  99151
    271,  99584
    272,  99989
    273, 100119
    274, 100357
    275, 100743
    276, 101133
    277, 101513
    278, 101855
    279, 102203
    280, 102565
    281, 102931
    282, 103255
    283, 103597
    284, 104016
    285, 104419
    286, 104799
    287, 105174
    288, 105553
    289, 105953
    290, 106316
    291, 106674
    292, 107064
    293, 107441
    294, 107576
    295, 107763
    296, 108127
    297, 108538
    298, 108935
    299, 109285
    300, 109644
    301, 109773
    302, 110026
    303, 110428
    304, 110799
    305, 110925
    306, 111121
    307, 111475
    308, 111829
    309, 112150
    310, 112553
    311, 112975
    312, 113368
    313, 113720
    314, 114088
    315, 114476
    316, 114850
    317, 115220
    318, 115599
    319, 115973
    320, 116307
    321, 116684
    322, 117065
    323, 117437
    324, 117790
    325, 118147
    326, 118516
    327, 118926
    328, 119306
    329, 119670
    330, 120063
    331, 120454
    332, 120571
    333, 120796
    334, 121149
    335, 121539
    336, 121949
    337, 122325
    338, 122718
    339, 123129
    340, 123553
    341, 123927
    342, 124311
    343, 124699
    344, 125083
    345, 125474
    346, 125871
    347, 126258
    348, 126646
    349, 127000
    350, 127363
    351, 127792
    352, 128175
    353, 128510
    354, 128857
    355, 129220
    356, 129604
    357, 129960
    358, 130333
    359, 130710
    360, 131079
    361, 131399
    362, 131770
    363, 132167
    364, 132525
    365, 132884
    366, 133237
    367, 133620
    368, 134029
    369, 134397
    370, 134743
    371, 135125
    372, 135525
    373, 135655
    374, 135845
    375, 136190
    376, 136588
    377, 136997
    378, 137371
    379, 137755
    380, 138147
    381, 138537
    382, 138899
    383, 139277
    384, 139663
    385, 140009
    386, 140368
    387, 140746
    388, 141136
    389, 141523
    390, 141878
    391, 142056
    392, 142412
    393, 142787
    394, 143138
    395, 143457
    396, 143815
    397, 144213
    398, 144593
    399, 145008
    400, 145421
    401, 145811
    402, 146169
    403, 146531
    404, 146717
    405, 147136
    406, 147506
    407, 147882
    408, 148280
    409, 148643
    410, 148989
    411, 149378
    412, 149789
    413, 150162
    414, 150511
    415, 150884
    416, 151300
    417, 151691
    418, 152035
    419, 152407
    420, 152771
    421, 153129
    422, 153505
    423, 153883
    424, 154261
    425, 154647
    426, 154990
    427, 155330
    428, 155743
    429, 156144
    430, 156488
    431, 156862
    432, 157242
    433, 157614
    434, 158013
    435, 158425
    436, 158809
    437, 159130
    438, 159492
    439, 159914
    440, 160323
    441, 160680
    442, 161064
    443, 161437
    444, 161566
    445, 161814
    446, 162197
    447, 162590
    448, 162971
    449, 163342
    450, 163683
    451, 164038
    452, 164447
    453, 164839
    454, 165188
    455, 165548
    456, 165929
    457, 166339
    458, 166701
    459, 167064
    460, 167446
    461, 167824
    462, 168146
    463, 168538
    464, 168946
    465, 169318
    466, 169670
    467, 170034
    468, 170384
    469, 170761
    470, 171121
    471, 171479
    472, 171850
    473, 172228
    474, 172362
    475, 172576
    476, 172960
    477, 173339
    478, 173713
    479, 174043
    480, 174388
    481, 174518
    482, 174747
    483, 175144
    484, 175511
    485, 175877
    486, 176267
    487, 176629
    488, 176940
    489, 177316
    490, 177717
    491, 178104
    492, 178445
    493, 178803
    494, 179185
    495, 179581
    496, 179943
    497, 180309
    498, 180673
    499, 181023
    500, 181376
    501, 181741
    502, 182116
    503, 182483
    504, 182842
    505, 183025
    506, 183390
    507, 183803
    508, 184196
    509, 184551
    510, 184918
    511, 185296
    512, 185646
    513, 185983
    514, 186332
    515, 186720
    516, 187062
    517, 187404
    518, 187776
    519, 188208
    520, 188575
    521, 188937
    522, 189321
    523, 189688
    524, 190053
    525, 190423
    526, 190807
    527, 191178
    528, 191511
    529, 191850
    530, 192239
    531, 192637
    532, 192976
    533, 193331
    534, 193689
    535, 194047
    536, 194426
    537, 194797
    538, 195181
    539, 195564
    540, 195927
    541, 196277
    542, 196703
    543, 197101
    544, 197428
    545, 197798
    546, 198184
    547, 198549
    548, 198941
    549, 199347
    550, 199722
    551, 200055
    552, 200379
    553, 200709
    554, 201131
    555, 201507
    556, 201902
    557, 202293
    558, 202653
    559, 203009
    560, 203398
    561, 203781
    562, 204162
    563, 204525
    564, 204878
    565, 205280
    566, 205669
    567, 206020
    568, 206353
    569, 206709
    570, 207060
    571, 207407
    572, 207768
    573, 208145
    574, 208531
    575, 208862
    576, 209166
    577, 209577
    578, 209978
    579, 210336
    580, 210705
    581, 211089
    582, 211459
    583, 211832
    584, 212237
    585, 212614
    586, 212999
    587, 213366
    588, 213713
    589, 214098
    590, 214491
    591, 214868
    592, 215197
    593, 215555
    594, 215951
    595, 216359
    596, 216713
    597, 217089
    598, 217482
    599, 217823
    600, 218178
    601, 218554
    602, 218923
    603, 219276
    604, 219595
    605, 219945
    606, 220336
    607, 220706
    608, 221043
    609, 221401
    610, 221759
    611, 222086
    612, 222455
    613, 222850
    614, 223227
    615, 223617
    616, 223976
    617, 224341
    618, 224754
    619, 225151
    620, 225488
    621, 225855
    622, 226230
    623, 226355
    624, 226594
    625, 226968
    626, 227353
    627, 227726
    628, 228076
    629, 228389
    630, 228517
    631, 228705
    632, 229094
    633, 229492
    634, 229851
    635, 230217
    636, 230584
    637, 230937
    638, 231303
    639, 231693
    640, 232066
    641, 232416
    642, 232769
    643, 233128
    644, 233541
    645, 233920
    646, 234272
    647, 234646
    648, 235011
    649, 235401
    650, 235756
    651, 236112
    652, 236491
    653, 236873
    654, 237210
    655, 237610
    656, 238030
    657, 238389
    658, 238724
    659, 239070
    660, 239427
    661, 239825
    662, 240201
    663, 240580
    664, 240947
    665, 241302
    666, 241612
    667, 241966
    668, 242315
    669, 242682
    670, 243042
    671, 243384
    672, 243715
    673, 244085
    674, 244439
    675, 244782
    676, 245167
    677, 245554
    678, 245884
    679, 246265
    680, 246668
    681, 247055
    682, 247398
    683, 247749
    684, 248108
    685, 248506
    686, 248865
    687, 249200
    688, 249565
    689, 249947
    690, 250298
    691, 250702
    692, 251101
    693, 251474
    694, 251815
    695, 252168
    696, 252532
    697, 252941
    698, 253318
    699, 253678
    700, 254036
    701, 254375
    702, 254686
    703, 254981
    704, 255261
    705, 255553
    706, 255851
    707, 256125
    708, 256386
    709, 256664
    710, 257151
    711, 257596
    712, 257936
    713, 258233
    714, 258521
    715, 258793
    716, 259229
    717, 259639
    718, 260012
    719, 260379
    720, 260775
    721, 260906
    722, 261172
    723, 261578
    724, 261979
    725, 262372
    726, 262707
    727, 263006
    728, 263324
    729, 263688
    730, 264064
    731, 264439
    732, 264822
    733, 265181
    734, 265502
    735, 265847
    736, 266171
    737, 266521
    738, 266906
    739, 267294
    740, 267637
    741, 267962
    742, 268263
    743, 268543
    744, 268816
    745, 269085
    746, 269350
    747, 269591
    748, 269880
    749, 270251
    750, 270606
    751, 270946
    752, 271362
    753, 271754
    754, 272184
    755, 272613
    756, 273009
    757, 273415
    758, 273820
    759, 274200
    760, 274580
    761, 274938
    762, 275310
    763, 275689
    764, 276049
    765, 276460
    766, 276876
    767, 277276
    768, 277654
    769, 277982
    770, 278293
    771, 278697
    772, 279098
    773, 279453
    774, 279861
    775, 280265
    776, 280656
    777, 281047
    778, 281423
    779, 281784
    780, 282144
    781, 282486
    782, 282800
    783, 283132
    784, 283528
    785, 283930
    786, 284299
    787, 284666
    788, 285070
    789, 285491
    790, 285878
    791, 286239
    792, 286588
    793, 286941
    794, 287338
    795, 287710
    796, 288073
    797, 288453
    798, 288830
    799, 289163
    800, 289493
    801, 289860
    802, 290245
    803, 290617
    804, 290944
    805, 291279
    806, 291703
    807, 292100
    808, 292436
    809, 292779
    810, 293141
    811, 293489
    812, 293848
    813, 294215
    814, 294575
    815, 294946
    816, 295292
    817, 295631
    818, 295996
    819, 296363
    820, 296709
    821, 297042
    822, 297386
    823, 297751
    824, 298114
    825, 298432
    826, 298776
    827, 299202
    828, 299600
    829, 299956
    830, 300391
    831, 300836
    832, 301220
    833, 301537
    834, 301879
    835, 302273
    836, 302694
    837, 303060
    838, 303432
    839, 303821
    840, 304194
    841, 304621
    842, 305031
    843, 305424
    844, 305772
    845, 306088
    846, 306441
    847, 306881
    848, 307268
    849, 307644
    850, 308044
    851, 308437
    852, 308831
    853, 309261
    854, 309678
    855, 310061
    856, 310401
    857, 310743
    858, 311146
    859, 311547
    860, 311918
    861, 312258
    862, 312600
    863, 312727
    864, 312961
    865, 313379
    866, 313735
    867, 314068
    868, 314456
    869, 314843
    870, 315193
    871, 315588
    872, 315999
    873, 316367
    874, 316694
    875, 317050
    876, 317430
    877, 317792
    878, 318124
    879, 318476
    880, 318839
    881, 319166
    882, 319523
    883, 319925
    884, 320300
    885, 320634
    886, 320977
    887, 321323
    888, 321661
    889, 322003
    890, 322357
    891, 322704
    892, 323069
    893, 323382
    894, 323510
    895, 323689
    896, 324032
    897, 324377
    898, 324701
    899, 325070
    900, 325445
    901, 325800
    902, 326161
    903, 326552
    904, 326936
    905, 327332
    906, 327679
    907, 327996
    908, 328390
    909, 328817
    910, 329191
    911, 329551
    912, 329942
    913, 330318
    914, 330670
    915, 331044
    916, 331434
    917, 331773
    918, 332085
    919, 332408
    920, 332785
    921, 333110
    922, 333435
    923, 333860
    924, 334264
    925, 334628
    926, 335046
    927, 335431
    928, 335759
    929, 336066
    930, 336402
    931, 336762
    932, 337118
    933, 337489
    934, 337869
    935, 338229
    936, 338552
    937, 338899
    938, 339308
    939, 339690
    940, 340016
    941, 340331
    942, 340657
    943, 340990
    944, 341334
    945, 341689
    946, 342038
    947, 342420
    948, 342760
    949, 343095
    950, 343505
    951, 343901
    952, 344237
    953, 344565
    954, 344892
    955, 345230
    956, 345575
    957, 345919
    958, 346283
    959, 346682
    960, 347019
    961, 347339
    962, 347734
    963, 348093
    964, 348396
    965, 348714
    966, 349086
    967, 349449
    968, 349795
    969, 350201
    970, 350587
    971, 350938
    972, 351253
    973, 351561
    974, 351931
    975, 352359
    976, 352737
    977, 353117
    978, 353488
    979, 353816
    980, 354144
    981, 354473
    982, 354792
    983, 355100
    984, 355395
    985, 355664
    986, 355920
    987, 356217
    988, 356564
    989, 356975
    990, 357360
    991, 357756
    992, 358158
    993, 358560
    994, 358986
    995, 359387
    996, 359781
    997, 360136
    998, 360529
    999, 360933
   1000, 361306
   1001, 361643
   1002, 361962
   1003, 362305
   1004, 362683
   1005, 363091
   1006, 363469
   1007, 363823
   1008, 364212
   1009, 364558
   1010, 364912
   1011, 365214
   1012, 365498
   1013, 365798
   1014, 366141
   1015, 366417
   1016, 366685
   1017, 366985
   1018, 367478
   1019, 367905
   1020, 368336
   1021, 368754
   1022, 369158
   1023, 369592
   1024, 369982
   1025, 370374
   1026, 370768
   1027, 371164
   1028, 371580
   1029, 371967
   1030, 372370
   1031, 372766
   1032, 373146
   1033, 373525
   1034, 373947
   1035, 374347
   1036, 374716
   1037, 375056
   1038, 375381
   1039, 375785
   1040, 376192
   1041, 376524
   1042, 376899
   1043, 377305
   1044, 377686
   1045, 378033
   1046, 378381
   1047, 378734
   1048, 379110
   1049, 379462
   1050, 379813
   1051, 380249
   1052, 380642
   1053, 380998
   1054, 381352
   1055, 381733
   1056, 382117
   1057, 382511
   1058, 382896
   1059, 383281
   1060, 383677
   1061, 384031
   1062, 384398
   1063, 384792
   1064, 385185
   1065, 385557
   1066, 385910
   1067, 386271
   1068, 386666
   1069, 387027
   1070, 387356
   1071, 387752
   1072, 388141
   1073, 388492
   1074, 388866
   1075, 389239
   1076, 389632
   1077, 389987
   1078, 390330
   1079, 390702
   1080, 391119
   1081, 391490
   1082, 391798
   1083, 392156
   1084, 392528
   1085, 392896
   1086, 393291
   1087, 393681
   1088, 394050
   1089, 394363
   1090, 394694
   1091, 395049
   1092, 395464
   1093, 395814
   1094, 396183
   1095, 396578
   1096, 396939
   1097, 397296
   1098, 397673
   1099, 398055
   1100, 398395
   1101, 398701
   1102, 399048
   1103, 399440
   1104, 399844
   1105, 400206
   1106, 400577
   1107, 400946
   1108, 401270
   1109, 401653
   1110, 402059
   1111, 402436
   1112, 402789
   1113, 403169
   1114, 403532
   1115, 403918
   1116, 404290
   1117, 404662
   1118, 405044
   1119, 405397
   1120, 405712
   1121, 406085
   1122, 406494
   1123, 406903
   1124, 407284
   1125, 407674
   1126, 408065
   1127, 408483
   1128, 408884
   1129, 409284
   1130, 409636
   1131, 409981
   1132, 410392
   1133, 410761
   1134, 411124
   1135, 411473
   1136, 411817
   1137, 412111
   1138, 412476
   1139, 412870
   1140, 413236
   1141, 413566
   1142, 413907
   1143, 414244
   1144, 414579
   1145, 414894
   1146, 415200
   1147, 415503
   1148, 415812
   1149, 416094
   1150, 416390
   1151, 416731
   1152, 417109
   1153, 417435
   1154, 417745
   1155, 418080
   1156, 418436
   1157, 418742
   1158, 419057
   1159, 419383
   1160, 419713
   1161, 420007
   1162, 420297
   1163, 420621
   1164, 421002
   1165, 421390
   1166, 421790
   1167, 422178
   1168, 422533
   1169, 422913
   1170, 423335
   1171, 423711
   1172, 424076
   1173, 424472
   1174, 424837
   1175, 425199
   1176, 425600
   1177, 425980
   1178, 426333
   1179, 426706
   1180, 427077
   1181, 427403
   1182, 427768
   1183, 428201
   1184, 428608
   1185, 429006
   1186, 429382
   1187, 429812
   1188, 430231
   1189, 430618
   1190, 431025
   1191, 431433
   1192, 431825
   1193, 432275
   1194, 432665
   1195, 433028
   1196, 433423
   1197, 433819
   1198, 434213
   1199, 434602
   1200, 434973
   1201, 435318
   1202, 435700
   1203, 435827
   1204, 436091
   1205, 436475
   1206, 436840
   1207, 437201
   1208, 437573
   1209, 437932
   1210, 438334
   1211, 438707
   1212, 439066
   1213, 439403
   1214, 439739
   1215, 440054
   1216, 440409
   1217, 440841
   1218, 441243
   1219, 441614
   1220, 441977
   1221, 442298
   1222, 442620
   1223, 442957
   1224, 443300
   1225, 443598
   1226, 443899
   1227, 444225
   1228, 444569
   1229, 444924
   1230, 445258
   1231, 445592
   1232, 445927
   1233, 446247
   1234, 446544
   1235, 446861
   1236, 447214
   1237, 447525
   1238, 447801
   1239, 448076
   1240, 448360
   1241, 448767
   1242, 449179
   1243, 449557
   1244, 449934
   1245, 450301
   1246, 450627
   1247, 450914
   1248, 451237
   1249, 451669
   1250, 452056
   1251, 452358
   1252, 452659
   1253, 452995
   1254, 453111
   1255, 453367
   1256, 453772
   1257, 454137
   1258, 454474
   1259, 454849
   1260, 455216
   1261, 455523
   1262, 455839
   1263, 456183
   1264, 456540
   1265, 456906
   1266, 457081
   1267, 457421
   1268, 457787
   1269, 458153
   1270, 458476
   1271, 458795
   1272, 459144
   1273, 459474
   1274, 459769
   1275, 460096
   1276, 460440
   1277, 460797
   1278, 461134
   1279, 461481
   1280, 461843
   1281, 462235
   1282, 462584
   1283, 462948
   1284, 463341
   1285, 463725
   1286, 464087
   1287, 464522
   1288, 464924
   1289, 465289
   1290, 465671
   1291, 466054
   1292, 466441
   1293, 466858
   1294, 467252
   1295, 467608
   1296, 467993
   1297, 468380
   1298, 468759
   1299, 469163
   1300, 469566
   1301, 469913
   1302, 470224
   1303, 470616
   1304, 471060
   1305, 471425
   1306, 471731
   1307, 472071
   1308, 472435
   1309, 472558
   1310, 472802
   1311, 473173
   1312, 473550
   1313, 473930
   1314, 474272
   1315, 474595
   1316, 474942
   1317, 475320
   1318, 475672
   1319, 476039
   1320, 476414
   1321, 476760
   1322, 477065
   1323, 477434
   1324, 477809
   1325, 478145
   1326, 478469
   1327, 478817
   1328, 479197
   1329, 479591
   1330, 479962
   1331, 480328
   1332, 480701
   1333, 481052
   1334, 481179
   1335, 481617
   1336, 482036
   1337, 482410
   1338, 482747
   1339, 483131
   1340, 483506
   1341, 483861
   1342, 484237
   1343, 484574
   1344, 484915
   1345, 485220
   1346, 485522
   1347, 485883
   1348, 486249
   1349, 486562
   1350, 486882
   1351, 487212
   1352, 487532
   1353, 487654
   1354, 487818
   1355, 488140
   1356, 488485
   1357, 488779
   1358, 489057
   1359, 489382
   1360, 489766
   1361, 490153
   1362, 490502
   1363, 490892
   1364, 491278
   1365, 491614
   1366, 491941
   1367, 492300
   1368, 492686
   1369, 493020
   1370, 493378
   1371, 493742
   1372, 494082
   1373, 494440
   1374, 494822
   1375, 495177
   1376, 495514
   1377, 495856
   1378, 496178
   1379, 496493
   1380, 496883
   1381, 497236
   1382, 497561
   1383, 497934
   1384, 498297
   1385, 498626
   1386, 499012
   1387, 499406
   1388, 499764
   1389, 500114
   1390, 500471
   1391, 500807
   1392, 501189
   1393, 501574
   1394, 501940
   1395, 502278
   1396, 502633
   1397, 502989
   1398, 503339
   1399, 503694
   1400, 504056
   1401, 504414
   1402, 504781
   1403, 505154
   1404, 505531
   1405, 505895
   1406, 506273
   1407, 506623
   1408, 506955
   1409, 507319
   1410, 507722
   1411, 508090
   1412, 508451
   1413, 508828
   1414, 509163
   1415, 509514
   1416, 509902
   1417, 510265
   1418, 510642
   1419, 510989
   1420, 511364
   1421, 511761
   1422, 512123
   1423, 512476
   1424, 512844
   1425, 513187
   1426, 513488
   1427, 513839
   1428, 514268
   1429, 514607
   1430, 514929
   1431, 515274
   1432, 515634
   1433, 515924
   1434, 516239
   1435, 516578
   1436, 516911
   1437, 517213
   1438, 517554
   1439, 517900
   1440, 518255
   1441, 518608
   1442, 518962
   1443, 519288
   1444, 519591
   1445, 519937
   1446, 520263
   1447, 520628
   1448, 520981
   1449, 521331
   1450, 521649
   1451, 521938
   1452, 522216
   1453, 522542
   1454, 522864
   1455, 523227
   1456, 523607
   1457, 523948
   1458, 524259
   1459, 524380
   1460, 524603
   1461, 524998
   1462, 525353
   1463, 525676
   1464, 526004
   1465, 526321
   1466, 526602
   1467, 526927
   1468, 527265
   1469, 527611
   1470, 527904
   1471, 528185
   1472, 528447
   1473, 528693
   1474, 528934
   1475, 529209
   1476, 529666
   1477, 530054
   1478, 530391
   1479, 530759
   1480, 531154
   1481, 531547
   1482, 531886
   1483, 532233
   1484, 532594
   1485, 532957
   1486, 533352
   1487, 533776
   1488, 534166
   1489, 534541
   1490, 534912
   1491, 535287
   1492, 535646
   1493, 536016
   1494, 536393
   1495, 536789
   1496, 537152
   1497, 537510
   1498, 537894
   1499, 538223
   1500, 538558
   1501, 538930
   1502, 539291
   1503, 539637
   1504, 540059
   1505, 540439
   1506, 540792
   1507, 541148
   1508, 541466
   1509, 541748
   1510, 542110
   1511, 542494
   1512, 542806
   1513, 543107
   1514, 543441
   1515, 543792
   1516, 544104
   1517, 544464
   1518, 544834
   1519, 545135
   1520, 545431
   1521, 545754
   1522, 546141
   1523, 546556
   1524, 546956
   1525, 547342
   1526, 547693
   1527, 548058
   1528, 548429
   1529, 548840
   1530, 549208
   1531, 549532
   1532, 549891
   1533, 550257
   1534, 550621
   1535, 551019
   1536, 551373
   1537, 551676
   1538, 552003
   1539, 552358
   1540, 552673
   1541, 553011
   1542, 553422
   1543, 553819
   1544, 554203
   1545, 554585
   1546, 554971
   1547, 555346
   1548, 555711
   1549, 556044
   1550, 556359
   1551, 556667
   1552, 556789
   1553, 556962
   1554, 557283
   1555, 557615
   1556, 557955
   1557, 558265
   1558, 558592
   1559, 558954
   1560, 559292
   1561, 559615
   1562, 559959
   1563, 560273
   1564, 560576
   1565, 560974
   1566, 561365
   1567, 561741
   1568, 562102
   1569, 562461
   1570, 562787
   1571, 563136
   1572, 563483
   1573, 563811
   1574, 564139
   1575, 564439
   1576, 564765
   1577, 565067
   1578, 565391
   1579, 565756
   1580, 566146
   1581, 566493
   1582, 566830
   1583, 567163
   1584, 567491
   1585, 567773
   1586, 568087
   1587, 568406
   1588, 568725
   1589, 569038
   1590, 569314
   1591, 569591
   1592, 569952
   1593, 570373
   1594, 570715
   1595, 571009
   1596, 571306
   1597, 571641
   1598, 571942
   1599, 572256
   1600, 572621
   1601, 573001
   1602, 573360
   1603, 573659
   1604, 573951
   1605, 574071
   1606, 574272
   1607, 574650
   1608, 574973
   1609, 575277
   1610, 575637
   1611, 576002
   1612, 576352
   1613, 576709
   1614, 577065
   1615, 577401
   1616, 577729
   1617, 578016
   1618, 578292
   1619, 578577
   1620, 578941
   1621, 579317
   1622, 579642
   1623, 579973
   1624, 580326
   1625, 580686
   1626, 581043
   1627, 581389
   1628, 581746
   1629, 582110
   1630, 582422
   1631, 582728
   1632, 583097
   1633, 583459
   1634, 583785
   1635, 584102
   1636, 584456
   1637, 584832
   1638, 585158
   1639, 585500
   1640, 585858
   1641, 586226
   1642, 586601
   1643, 586964
   1644, 587354
   1645, 587764
   1646, 588160
   1647, 588522
   1648, 588886
   1649, 589247
   1650, 589625
   1651, 590011
   1652, 590406
   1653, 590813
   1654, 591193
   1655, 591595
   1656, 592015
   1657, 592417
   1658, 592808
   1659, 593197
   1660, 593555
   1661, 593969
   1662, 594371
   1663, 594763
   1664, 595142
   1665, 595490
   1666, 595856
   1667, 596270
   1668, 596639
   1669, 596998
   1670, 597402
   1671, 597765
   1672, 598090
   1673, 598451
   1674, 598831
   1675, 599162
   1676, 599452
   1677, 599761
   1678, 600153
   1679, 600554
   1680, 600903
   1681, 601260
   1682, 601653
   1683, 602015
   1684, 602144
   1685, 602361
   1686, 602738
   1687, 603099
   1688, 603423
   1689, 603746
   1690, 604094
   1691, 604421
   1692, 604782
   1693, 605159
   1694, 605535
   1695, 605908
   1696, 606246
   1697, 606610
   1698, 607026
   1699, 607396
   1700, 607758
   1701, 608122
   1702, 608470
   1703, 608764
   1704, 609090
   1705, 609433
   1706, 609752
   1707, 610046
   1708, 610340
   1709, 610627
   1710, 610927
   1711, 611226
   1712, 611511
   1713, 611779
   1714, 612040
   1715, 612357
   1716, 612638
   1717, 612942
   1718, 613302
   1719, 613702
   1720, 614044
   1721, 614329
   1722, 614636
   1723, 614961
   1724, 615307
   1725, 615677
   1726, 615996
   1727, 616340
   1728, 616708
   1729, 617081
   1730, 617408
   1731, 617806
   1732, 618185
   1733, 618528
   1734, 618869
   1735, 619223
   1736, 619605
   1737, 620015
   1738, 620421
   1739, 620810
   1740, 621185
   1741, 621569
   1742, 621956
   1743, 622345
   1744, 622691
   1745, 623030
   1746, 623378
   1747, 623745
   1748, 624092
   1749, 624462
   1750, 624839
   1751, 625166
   1752, 625492
   1753, 625847
   1754, 626264
   1755, 626646
   1756, 626974
   1757, 627310
   1758, 627597
   1759, 627866
   1760, 628112
   1761, 628388
   1762, 628887
   1763, 629281
   1764, 629676
   1765, 630080
   1766, 630482
   1767, 630829
   1768, 631168
   1769, 631559
   1770, 631936
   1771, 632279
   1772, 632398
   1773, 632562
   1774, 632931
   1775, 633348
   1776, 633747
   1777, 634103
   1778, 634444
   1779, 634565
   1780, 634811
   1781, 635195
   1782, 635551
   1783, 635865
   1784, 636207
   1785, 636588
   1786, 636714
   1787, 636965
   1788, 637329
   1789, 637704
   1790, 638073
   1791, 638429
   1792, 638744
   1793, 638871
   1794, 639076
   1795, 639476
   1796, 639862
   1797, 640184
   1798, 640512
   1799, 640852
   1800, 641219
   1801, 641631
   1802, 641962
   1803, 642273
   1804, 642612
   1805, 642930
   1806, 643225
   1807, 643586
   1808, 643984
   1809, 644349
   1810, 644685
   1811, 645054
   1812, 645426
   1813, 645809
   1814, 646197
   1815, 646587
   1816, 646924
   1817, 647219
   1818, 647505
   1819, 647810
   1820, 648146
   1821, 648595
   1822, 649011
   1823, 649367
   1824, 649678
   1825, 649997
