      0,   1222
      1,   1640
      2,   1988
      3,   2338
      4,   2710
      5,   3076
      6,   3417
      7,   3748
      8,   4125
      9,   4499
     10,   4834
     11,   5190
     12,   5530
     13,   5856
     14,   6172
     15,   6508
     16,   6868
     17,   7191
     18,   7507
     19,   7847
     20,   8196
     21,   8528
     22,   8841
     23,   9175
     24,   9509
     25,   9852
     26,  10169
     27,  10502
     28,  10839
     29,  11169
     30,  11484
     31,  11801
     32,  12124
     33,  12440
     34,  12746
     35,  13098
     36,  13433
     37,  13745
     38,  14099
     39,  14481
     40,  14820
     41,  15201
     42,  15611
     43,  15975
     44,  16329
     45,  16706
     46,  17082
     47,  17437
     48,  17798
     49,  18174
     50,  18529
     51,  18875
     52,  19227
     53,  19579
     54,  19893
     55,  20214
     56,  20550
     57,  20886
     58,  21185
     59,  21499
     60,  21843
     61,  22180
     62,  22530
     63,  22889
     64,  23230
     65,  23552
     66,  23883
     67,  24247
     68,  24576
     69,  24927
     70,  25296
     71,  25670
     72,  26023
     73,  26385
     74,  26744
     75,  27080
     76,  27394
     77,  27720
     78,  28047
     79,  28366
     80,  28676
     81,  28997
     82,  29364
     83,  29684
     84,  30014
     85,  30364
     86,  30705
     87,  31041
     88,  31392
     89,  31777
     90,  32119
     91,  32461
     92,  32808
     93,  33156
     94,  33482
     95,  33822
     96,  34172
     97,  34521
     98,  34839
     99,  35208
    100,  35553
    101,  35877
    102,  36244
    103,  36620
    104,  36935
    105,  37262
    106,  37644
    107,  38021
    108,  38345
    109,  38713
    110,  39108
    111,  39446
    112,  39784
    113,  40146
    114,  40513
    115,  40833
    116,  41167
    117,  41525
    118,  41854
    119,  42157
    120,  42475
    121,  42819
    122,  43144
    123,  43463
    124,  43811
    125,  44166
    126,  44487
    127,  44832
    128,  45200
    129,  45534
    130,  45871
    131,  46255
    132,  46618
    133,  46935
    134,  47246
    135,  47576
    136,  47888
    137,  48203
    138,  48533
    139,  48871
    140,  49201
    141,  49543
    142,  49903
    143,  50234
    144,  50556
    145,  50926
    146,  51283
    147,  51611
    148,  51956
    149,  52325
    150,  52653
    151,  52962
    152,  53295
    153,  53623
    154,  53924
    155,  54235
    156,  54568
    157,  54896
    158,  55207
    159,  55537
    160,  55936
    161,  56290
    162,  56624
    163,  56994
    164,  57340
    165,  57643
    166,  57992
    167,  58391
    168,  58736
    169,  59077
    170,  59440
    171,  59793
    172,  60102
    173,  60440
    174,  60788
    175,  61135
    176,  61450
    177,  61784
    178,  62153
    179,  62486
    180,  62784
    181,  63143
    182,  63524
    183,  63857
    184,  64198
    185,  64577
    186,  64936
    187,  65249
    188,  65559
    189,  65874
    190,  66189
    191,  66487
    192,  66803
    193,  67150
    194,  67476
    195,  67811
    196,  68242
    197,  68613
    198,  68985
    199,  69366
    200,  69748
    201,  70104
    202,  70481
    203,  70851
    204,  71205
    205,  71573
    206,  71949
    207,  72318
    208,  72669
    209,  73027
    210,  73391
    211,  73736
    212,  74089
    213,  74446
    214,  74809
    215,  75143
    216,  75480
    217,  75844
    218,  76205
    219,  76537
    220,  76877
    221,  77245
    222,  77599
    223,  77921
    224,  78244
    225,  78574
    226,  78886
    227,  79202
    228,  79516
    229,  79840
    230,  80155
    231,  80497
    232,  80854
    233,  81207
    234,  81528
    235,  81864
    236,  82183
    237,  82488
    238,  82804
    239,  83121
    240,  83418
    241,  83717
    242,  84033
    243,  84333
    244,  84623
    245,  84924
    246,  85236
    247,  85543
    248,  85886
    249,  86245
    250,  86591
    251,  86968
    252,  87331
    253,  87665
    254,  88017
    255,  88343
    256,  88648
    257,  88947
    258,  89268
    259,  89625
    260,  89970
    261,  90316
    262,  90710
    263,  91111
    264,  91477
    265,  91846
    266,  92227
    267,  92581
    268,  92906
    269,  93270
    270,  93644
    271,  93984
    272,  94301
    273,  94663
    274,  95022
    275,  95342
    276,  95675
    277,  96022
    278,  96345
    279,  96650
    280,  96991
    281,  97360
    282,  97689
    283,  98050
    284,  98423
    285,  98739
    286,  99049
    287,  99384
    288,  99712
    289, 100020
    290, 100339
    291, 100674
    292, 100998
    293, 101348
    294, 101742
    295, 102097
    296, 102428
    297, 102786
    298, 103166
    299, 103511
    300, 103850
    301, 104208
    302, 104543
    303, 104861
    304, 105200
    305, 105585
    306, 105968
    307, 106317
    308, 106660
    309, 106998
    310, 107312
    311, 107629
    312, 107937
    313, 108272
    314, 108600
    315, 108932
    316, 109295
    317, 109665
    318, 110002
    319, 110365
    320, 110752
    321, 111123
    322, 111456
    323, 111810
    324, 112196
    325, 112547
    326, 112871
    327, 113211
    328, 113566
    329, 113893
    330, 114213
    331, 114554
    332, 114889
    333, 115209
    334, 115543
    335, 115884
    336, 116209
    337, 116538
    338, 116900
    339, 117272
    340, 117598
    341, 117937
    342, 118321
    343, 118648
    344, 118977
    345, 119319
    346, 119672
    347, 119993
    348, 120324
    349, 120671
    350, 121029
    351, 121345
    352, 121694
    353, 122051
    354, 122370
    355, 122677
    356, 123012
    357, 123365
    358, 123684
    359, 124006
    360, 124390
    361, 124765
    362, 125093
    363, 125434
    364, 125776
    365, 126107
    366, 126408
    367, 126743
    368, 127140
    369, 127482
    370, 127799
    371, 128146
    372, 128512
    373, 128826
    374, 129143
    375, 129491
    376, 129832
    377, 130139
    378, 130458
    379, 130803
    380, 131123
    381, 131425
    382, 131750
    383, 132093
    384, 132417
    385, 132724
    386, 133055
    387, 133429
    388, 133789
    389, 134116
    390, 134502
    391, 134871
    392, 135200
    393, 135540
    394, 135909
    395, 136238
    396, 136538
    397, 136866
    398, 137222
    399, 137539
    400, 137852
    401, 138213
    402, 138594
    403, 138924
    404, 139271
    405, 139671
    406, 140015
    407, 140328
    408, 140683
    409, 141067
    410, 141401
    411, 141705
    412, 142059
    413, 142427
    414, 142784
    415, 143122
    416, 143493
    417, 143891
    418, 144244
    419, 144566
    420, 144925
    421, 145271
    422, 145589
    423, 145898
    424, 146234
    425, 146579
    426, 146894
    427, 147217
    428, 147571
    429, 147949
    430, 148288
    431, 148661
    432, 149045
    433, 149377
    434, 149691
    435, 150014
    436, 150342
    437, 150648
    438, 150965
    439, 151298
    440, 151641
    441, 151949
    442, 152261
    443, 152594
    444, 152932
    445, 153236
    446, 153574
    447, 153947
    448, 154306
    449, 154637
    450, 154975
    451, 155308
    452, 155617
    453, 155918
    454, 156247
    455, 156601
    456, 156921
    457, 157226
    458, 157553
    459, 157863
    460, 158158
    461, 158458
    462, 158812
    463, 159161
    464, 159484
    465, 159876
    466, 160269
    467, 160599
    468, 160939
    469, 161296
    470, 161629
    471, 161945
    472, 162263
    473, 162600
    474, 162928
    475, 163229
    476, 163534
    477, 163868
    478, 164179
    479, 164492
    480, 164821
    481, 165194
    482, 165549
    483, 165865
    484, 166186
    485, 166519
    486, 166835
    487, 167139
    488, 167434
    489, 167724
    490, 168024
    491, 168332
    492, 168635
    493, 168944
    494, 169246
    495, 169689
    496, 170106
    497, 170471
    498, 170837
    499, 171211
    500, 171590
    501, 171949
    502, 172326
    503, 172700
    504, 173065
    505, 173421
    506, 173785
    507, 174141
    508, 174463
    509, 174800
    510, 175185
    511, 175537
    512, 175865
    513, 176234
    514, 176603
    515, 176928
    516, 177251
    517, 177601
    518, 177955
    519, 178301
    520, 178616
    521, 178968
    522, 179339
    523, 179718
    524, 180042
    525, 180365
    526, 180700
    527, 181037
    528, 181341
    529, 181656
    530, 182005
    531, 182361
    532, 182680
    533, 183016
    534, 183389
    535, 183744
    536, 184052
    537, 184394
    538, 184771
    539, 185107
    540, 185424
    541, 185759
    542, 186092
    543, 186398
    544, 186712
    545, 187040
    546, 187361
    547, 187672
    548, 187999
    549, 188347
    550, 188696
    551, 189018
    552, 189370
    553, 189774
    554, 190132
    555, 190483
    556, 190834
    557, 191178
    558, 191494
    559, 191830
    560, 192184
    561, 192517
    562, 192845
    563, 193175
    564, 193534
    565, 193876
    566, 194227
    567, 194583
    568, 194926
    569, 195252
    570, 195590
    571, 195923
    572, 196251
    573, 196566
    574, 196884
    575, 197219
    576, 197545
    577, 197859
    578, 198195
    579, 198542
    580, 198900
    581, 199225
    582, 199568
    583, 199934
    584, 200266
    585, 200589
    586, 200919
    587, 201234
    588, 201550
    589, 201885
    590, 202243
    591, 202580
    592, 202920
    593, 203298
    594, 203637
    595, 203955
    596, 204293
    597, 204639
    598, 204974
    599, 205297
    600, 205646
    601, 205997
    602, 206307
    603, 206636
    604, 206971
    605, 207290
    606, 207599
    607, 207929
    608, 208302
    609, 208630
    610, 208938
    611, 209310
    612, 209687
    613, 210015
    614, 210334
    615, 210686
    616, 211031
    617, 211344
    618, 211666
    619, 212001
    620, 212322
    621, 212623
    622, 212932
    623, 213267
    624, 213595
    625, 213893
    626, 214212
    627, 214561
    628, 214880
    629, 215180
    630, 215492
    631, 215819
    632, 216131
    633, 216429
    634, 216733
    635, 217101
    636, 217424
    637, 217725
    638, 218051
    639, 218384
    640, 218702
    641, 219000
    642, 219319
    643, 219682
    644, 220018
    645, 220322
    646, 220642
    647, 220988
    648, 221300
    649, 221601
    650, 221941
    651, 222305
    652, 222620
    653, 222922
    654, 223242
    655, 223625
    656, 223963
    657, 224311
    658, 224694
    659, 225043
    660, 225348
    661, 225694
    662, 226049
    663, 226377
    664, 226687
    665, 227012
    666, 227369
    667, 227688
    668, 227995
    669, 228314
    670, 228626
    671, 228933
    672, 229243
    673, 229576
    674, 229893
    675, 230207
    676, 230509
    677, 230802
    678, 231094
    679, 231421
    680, 231750
    681, 232051
    682, 232355
    683, 232692
    684, 233009
    685, 233311
    686, 233634
    687, 233984
    688, 234311
    689, 234615
    690, 234945
    691, 235313
    692, 235643
    693, 235949
    694, 236304
    695, 236673
    696, 237002
    697, 237311
    698, 237667
    699, 238012
    700, 238321
    701, 238643
    702, 238994
    703, 239332
    704, 239640
    705, 239964
    706, 240320
    707, 240640
    708, 240944
    709, 241272
    710, 241620
    711, 241945
    712, 242247
    713, 242560
    714, 242921
    715, 243246
    716, 243552
    717, 243886
    718, 244214
    719, 244524
    720, 244820
    721, 245137
    722, 245481
    723, 245795
    724, 246087
    725, 246406
    726, 246717
    727, 247028
    728, 247316
    729, 247627
    730, 247951
    731, 248258
    732, 248555
    733, 248876
    734, 249220
    735, 249539
    736, 249846
    737, 250189
    738, 250552
    739, 250874
    740, 251210
    741, 251550
    742, 251891
    743, 252208
    744, 252522
    745, 252877
    746, 253238
    747, 253553
    748, 253922
    749, 254303
    750, 254638
    751, 254958
    752, 255281
    753, 255636
    754, 255951
    755, 256285
    756, 256690
    757, 257076
    758, 257412
    759, 257753
    760, 258120
    761, 258439
    762, 258745
    763, 259059
    764, 259377
    765, 259690
    766, 260015
    767, 260346
    768, 260674
    769, 261000
    770, 261348
    771, 261741
    772, 262091
    773, 262427
    774, 262753
    775, 263066
    776, 263378
    777, 263694
    778, 264003
    779, 264317
    780, 264614
    781, 264926
    782, 265255
    783, 265574
    784, 265883
    785, 266198
    786, 266504
    787, 266799
    788, 267092
    789, 267413
    790, 267763
    791, 268077
    792, 268426
    793, 268854
    794, 269214
    795, 269565
    796, 269934
    797, 270288
    798, 270605
    799, 270939
    800, 271303
    801, 271635
    802, 271941
    803, 272286
    804, 272675
    805, 273027
    806, 273346
    807, 273694
    808, 274063
    809, 274397
    810, 274719
    811, 275059
    812, 275430
    813, 275757
    814, 276077
    815, 276425
    816, 276773
    817, 277083
    818, 277421
    819, 277782
    820, 278123
    821, 278438
    822, 278770
    823, 279118
    824, 279422
    825, 279715
    826, 280016
    827, 280333
    828, 280632
    829, 280923
    830, 281235
    831, 281570
    832, 281875
    833, 282164
    834, 282481
    835, 282816
    836, 283131
    837, 283429
    838, 283759
    839, 284137
    840, 284454
    841, 284781
    842, 285116
    843, 285438
    844, 285741
    845, 286053
    846, 286371
    847, 286688
    848, 286990
    849, 287291
    850, 287634
    851, 287956
    852, 288267
    853, 288586
    854, 288917
    855, 289241
    856, 289545
    857, 289909
    858, 290303
    859, 290660
    860, 291009
    861, 291360
    862, 291717
    863, 292033
    864, 292358
    865, 292712
    866, 293069
    867, 293399
    868, 293750
    869, 294132
    870, 294485
    871, 294803
    872, 295153
    873, 295506
    874, 295846
    875, 296155
    876, 296472
    877, 296824
    878, 297144
    879, 297445
    880, 297769
    881, 298121
    882, 298473
    883, 298787
    884, 299126
    885, 299477
    886, 299791
    887, 300099
    888, 300422
    889, 300755
    890, 301073
    891, 301389
    892, 301720
    893, 302064
    894, 302378
    895, 302703
    896, 303101
    897, 303480
    898, 303816
    899, 304148
    900, 304485
    901, 304818
    902, 305121
    903, 305463
    904, 305821
    905, 306170
    906, 306480
    907, 306802
    908, 307147
    909, 307502
    910, 307811
    911, 308135
    912, 308469
    913, 308810
    914, 309119
    915, 309429
    916, 309774
    917, 310100
    918, 310398
    919, 310721
    920, 311054
    921, 311378
    922, 311681
    923, 311981
    924, 312291
    925, 312607
    926, 312898
    927, 313198
    928, 313524
    929, 313877
    930, 314194
    931, 314554
    932, 315003
    933, 315372
    934, 315750
    935, 316132
    936, 316510
    937, 316858
    938, 317216
    939, 317589
    940, 317928
    941, 318258
    942, 318607
    943, 318957
    944, 319271
    945, 319592
    946, 319955
    947, 320305
    948, 320621
    949, 320978
    950, 321354
    951, 321704
    952, 322014
    953, 322355
    954, 322746
    955, 323083
    956, 323410
    957, 323775
    958, 324131
    959, 324449
    960, 324747
    961, 325087
    962, 325423
    963, 325725
    964, 326025
    965, 326330
    966, 326639
    967, 326936
    968, 327229
    969, 327549
    970, 327939
    971, 328268
    972, 328645
    973, 329050
    974, 329419
    975, 329741
    976, 330085
    977, 330469
    978, 330786
    979, 331099
    980, 331433
    981, 331766
    982, 332073
    983, 332404
    984, 332752
    985, 333089
    986, 333397
    987, 333718
    988, 334045
    989, 334367
    990, 334681
    991, 335013
    992, 335402
    993, 335740
    994, 336056
    995, 336386
    996, 336721
    997, 337041
    998, 337349
    999, 337698
   1000, 338061
   1001, 338382
   1002, 338690
   1003, 339035
   1004, 339389
   1005, 339717
   1006, 340028
   1007, 340392
   1008, 340784
   1009, 341110
   1010, 341422
   1011, 341742
   1012, 342052
   1013, 342364
   1014, 342679
   1015, 343037
   1016, 343393
   1017, 343704
   1018, 344054
   1019, 344471
   1020, 344831
   1021, 345167
   1022, 345542
   1023, 345921
   1024, 346242
   1025, 346565
   1026, 346895
   1027, 347239
   1028, 347553
   1029, 347882
   1030, 348229
   1031, 348584
   1032, 348899
   1033, 349224
   1034, 349606
   1035, 349990
   1036, 350314
   1037, 350642
   1038, 350977
   1039, 351290
   1040, 351582
   1041, 351904
   1042, 352230
   1043, 352547
   1044, 352840
   1045, 353159
   1046, 353493
   1047, 353822
   1048, 354123
   1049, 354451
   1050, 354806
   1051, 355159
   1052, 355468
   1053, 355801
   1054, 356151
   1055, 356460
   1056, 356753
   1057, 357059
   1058, 357367
   1059, 357673
   1060, 357964
   1061, 358261
   1062, 358562
   1063, 358865
   1064, 359156
   1065, 359455
   1066, 359773
   1067, 360096
   1068, 360403
   1069, 360719
   1070, 361055
   1071, 361389
   1072, 361702
   1073, 362040
   1074, 362449
   1075, 362803
   1076, 363141
   1077, 363489
   1078, 363820
   1079, 364122
   1080, 364445
   1081, 364801
   1082, 365117
   1083, 365431
   1084, 365753
   1085, 366094
   1086, 366414
   1087, 366720
   1088, 367039
   1089, 367376
   1090, 367693
   1091, 367999
   1092, 368312
   1093, 368640
   1094, 368984
   1095, 369297
   1096, 369613
   1097, 369938
   1098, 370258
   1099, 370565
   1100, 370883
   1101, 371207
   1102, 371535
   1103, 371845
   1104, 372200
   1105, 372543
   1106, 372876
   1107, 373197
   1108, 373520
   1109, 373847
   1110, 374193
   1111, 374502
   1112, 374826
   1113, 375174
   1114, 375562
   1115, 375906
   1116, 376264
   1117, 376644
   1118, 376978
   1119, 377283
   1120, 377603
   1121, 377946
   1122, 378284
   1123, 378598
   1124, 378904
   1125, 379219
   1126, 379528
   1127, 379823
   1128, 380132
   1129, 380447
   1130, 380758
   1131, 381057
   1132, 381370
   1133, 381707
   1134, 382037
   1135, 382337
   1136, 382644
   1137, 382967
   1138, 383279
   1139, 383579
   1140, 383886
   1141, 384188
   1142, 384488
   1143, 384787
   1144, 385075
   1145, 385386
   1146, 385681
   1147, 386005
   1148, 386335
   1149, 386689
   1150, 387039
   1151, 387409
   1152, 387845
   1153, 388206
   1154, 388534
   1155, 388847
   1156, 389148
   1157, 389456
   1158, 389768
   1159, 390081
   1160, 390404
   1161, 390712
   1162, 391064
   1163, 391510
   1164, 391890
   1165, 392302
   1166, 392697
   1167, 393071
   1168, 393443
   1169, 393808
   1170, 394136
   1171, 394454
   1172, 394774
   1173, 395079
   1174, 395381
   1175, 395706
   1176, 396043
   1177, 396370
   1178, 396737
   1179, 397132
   1180, 397471
   1181, 397812
   1182, 398207
   1183, 398549
   1184, 398879
   1185, 399210
   1186, 399542
   1187, 399862
   1188, 400191
   1189, 400524
   1190, 400845
   1191, 401155
   1192, 401509
   1193, 401853
   1194, 402181
   1195, 402505
   1196, 402859
   1197, 403239
   1198, 403571
   1199, 403913
   1200, 404252
   1201, 404567
   1202, 404883
   1203, 405239
   1204, 405624
   1205, 405999
   1206, 406330
   1207, 406676
   1208, 407033
   1209, 407360
   1210, 407678
   1211, 407996
   1212, 408330
   1213, 408643
   1214, 408960
   1215, 409311
   1216, 409659
   1217, 409972
   1218, 410301
   1219, 410625
   1220, 410953
   1221, 411252
   1222, 411562
   1223, 411871
   1224, 412194
   1225, 412508
   1226, 412824
   1227, 413157
   1228, 413487
   1229, 413804
   1230, 414131
   1231, 414459
   1232, 414770
   1233, 415075
   1234, 415409
   1235, 415752
   1236, 416056
   1237, 416356
   1238, 416656
   1239, 416988
   1240, 417289
   1241, 417581
   1242, 417893
   1243, 418189
   1244, 418470
   1245, 418764
   1246, 419048
   1247, 419351
   1248, 419638
   1249, 419924
   1250, 420232
   1251, 420541
   1252, 420842
   1253, 421146
   1254, 421490
   1255, 421821
   1256, 422135
   1257, 422450
   1258, 422771
   1259, 423087
   1260, 423396
   1261, 423711
   1262, 424054
   1263, 424375
   1264, 424704
   1265, 425041
   1266, 425397
   1267, 425709
   1268, 426019
   1269, 426345
   1270, 426651
   1271, 426970
   1272, 427343
   1273, 427675
   1274, 428022
   1275, 428423
   1276, 428788
   1277, 429117
   1278, 429470
   1279, 429847
   1280, 430177
   1281, 430487
   1282, 430804
   1283, 431122
   1284, 431420
   1285, 431715
   1286, 432030
   1287, 432367
   1288, 432679
   1289, 432988
   1290, 433322
   1291, 433660
   1292, 433962
   1293, 434268
   1294, 434579
   1295, 434888
   1296, 435183
   1297, 435492
   1298, 435856
   1299, 436204
   1300, 436521
   1301, 436869
   1302, 437235
   1303, 437561
   1304, 437864
   1305, 438187
   1306, 438527
   1307, 438833
   1308, 439129
   1309, 439455
   1310, 439807
   1311, 440134
   1312, 440443
   1313, 440813
   1314, 441229
   1315, 441577
   1316, 441901
   1317, 442226
   1318, 442551
   1319, 442863
   1320, 443158
   1321, 443486
   1322, 443833
   1323, 444180
   1324, 444497
   1325, 444855
   1326, 445253
   1327, 445589
   1328, 445922
   1329, 446259
   1330, 446598
   1331, 446895
   1332, 447190
   1333, 447481
   1334, 447767
   1335, 448052
   1336, 448327
   1337, 448626
   1338, 448945
   1339, 449249
   1340, 449582
   1341, 449980
   1342, 450359
   1343, 450700
   1344, 451092
   1345, 451491
   1346, 451840
   1347, 452199
   1348, 452564
   1349, 452888
   1350, 453190
   1351, 453491
   1352, 453824
   1353, 454120
   1354, 454418
   1355, 454724
   1356, 455051
   1357, 455355
   1358, 455648
   1359, 455941
   1360, 456272
   1361, 456575
   1362, 456867
   1363, 457166
   1364, 457478
   1365, 457800
   1366, 458103
   1367, 458416
   1368, 458753
   1369, 459075
   1370, 459369
   1371, 459657
   1372, 459950
   1373, 460241
   1374, 460539
   1375, 460832
   1376, 461123
   1377, 461428
   1378, 461730
   1379, 462042
   1380, 462348
   1381, 462650
   1382, 462959
   1383, 463267
   1384, 463583
   1385, 463888
   1386, 464184
   1387, 464474
   1388, 464754
   1389, 465030
   1390, 465311
   1391, 465590
   1392, 465861
   1393, 466127
   1394, 466399
   1395, 466673
   1396, 466938
   1397, 467198
   1398, 467460
   1399, 467724
   1400, 467994
   1401, 468270
   1402, 468533
   1403, 468798
   1404, 469072
   1405, 469340
   1406, 469609
   1407, 469874
   1408, 470150
   1409, 470430
   1410, 470712
   1411, 470986
   1412, 471283
   1413, 471635
   1414, 472025
   1415, 472422
   1416, 472799
   1417, 473179
   1418, 473519
   1419, 473861
   1420, 474221
   1421, 474562
   1422, 474887
   1423, 475190
   1424, 475502
   1425, 475826
   1426, 476160
   1427, 476464
   1428, 476790
   1429, 477136
   1430, 477457
   1431, 477761
   1432, 478065
   1433, 478387
   1434, 478701
   1435, 478984
   1436, 479274
   1437, 479574
   1438, 479869
   1439, 480152
   1440, 480453
   1441, 480763
   1442, 481057
   1443, 481360
   1444, 481675
   1445, 481998
   1446, 482306
   1447, 482680
   1448, 483077
   1449, 483419
   1450, 483771
   1451, 484144
   1452, 484515
   1453, 484844
   1454, 485158
   1455, 485472
   1456, 485810
   1457, 486130
   1458, 486435
   1459, 486746
   1460, 487078
   1461, 487408
   1462, 487723
   1463, 488068
   1464, 488442
   1465, 488777
   1466, 489093
   1467, 489396
   1468, 489709
   1469, 490008
   1470, 490318
   1471, 490657
   1472, 490976
   1473, 491288
   1474, 491618
   1475, 491982
   1476, 492329
   1477, 492637
   1478, 492959
   1479, 493302
   1480, 493611
   1481, 493920
   1482, 494237
   1483, 494563
   1484, 494882
   1485, 495223
   1486, 495641
   1487, 496020
   1488, 496393
   1489, 496749
   1490, 497089
   1491, 497417
   1492, 497731
   1493, 498028
   1494, 498325
   1495, 498626
   1496, 498936
   1497, 499236
   1498, 499528
   1499, 499857
   1500, 500197
   1501, 500504
   1502, 500811
   1503, 501128
   1504, 501464
   1505, 501770
   1506, 502062
   1507, 502363
   1508, 502670
   1509, 502957
   1510, 503242
   1511, 503536
   1512, 503841
   1513, 504140
   1514, 504427
   1515, 504731
   1516, 505063
   1517, 505368
   1518, 505665
   1519, 505981
   1520, 506289
   1521, 506589
   1522, 506897
   1523, 507211
   1524, 507523
   1525, 507823
   1526, 508147
   1527, 508460
   1528, 508773
   1529, 509116
   1530, 509560
   1531, 509936
   1532, 510334
   1533, 510708
   1534, 511086
   1535, 511475
   1536, 511851
   1537, 512218
   1538, 512563
   1539, 512942
   1540, 513319
   1541, 513659
   1542, 514034
   1543, 514404
   1544, 514737
   1545, 515049
   1546, 515371
   1547, 515668
   1548, 515953
   1549, 516252
   1550, 516570
   1551, 516870
   1552, 517157
   1553, 517452
   1554, 517740
   1555, 518030
   1556, 518310
   1557, 518582
   1558, 518857
   1559, 519136
   1560, 519434
   1561, 519723
   1562, 520006
   1563, 520305
   1564, 520637
   1565, 520933
   1566, 521246
   1567, 521608
   1568, 521997
   1569, 522323
   1570, 522665
   1571, 523023
   1572, 523365
   1573, 523668
   1574, 523982
   1575, 524322
   1576, 524706
   1577, 525073
   1578, 525391
   1579, 525727
   1580, 526135
   1581, 526518
   1582, 526861
   1583, 527198
   1584, 527540
   1585, 527884
   1586, 528202
   1587, 528505
   1588, 528819
   1589, 529168
   1590, 529508
   1591, 529830
   1592, 530174
   1593, 530609
   1594, 530982
   1595, 531345
   1596, 531704
   1597, 532053
   1598, 532380
   1599, 532688
   1600, 532995
   1601, 533317
   1602, 533616
   1603, 533939
   1604, 534270
   1605, 534646
   1606, 535003
   1607, 535409
   1608, 535812
   1609, 536183
   1610, 536581
   1611, 536963
   1612, 537319
   1613, 537695
   1614, 538044
   1615, 538393
   1616, 538712
   1617, 539023
   1618, 539323
   1619, 539622
   1620, 539952
   1621, 540309
   1622, 540630
   1623, 540988
   1624, 541317
   1625, 541617
   1626, 541918
   1627, 542240
   1628, 542604
   1629, 542909
   1630, 543210
   1631, 543572
   1632, 543927
   1633, 544271
   1634, 544687
   1635, 545087
   1636, 545435
   1637, 545771
   1638, 546124
   1639, 546434
   1640, 546731
   1641, 547043
   1642, 547341
   1643, 547643
   1644, 547967
   1645, 548295
   1646, 548622
   1647, 548924
   1648, 549237
   1649, 549565
   1650, 549887
   1651, 550191
   1652, 550534
   1653, 550840
   1654, 551133
   1655, 551427
   1656, 551715
   1657, 551998
   1658, 552293
   1659, 552581
   1660, 552913
   1661, 553255
   1662, 553569
   1663, 553891
   1664, 554318
   1665, 554720
   1666, 555078
   1667, 555463
   1668, 555845
   1669, 556196
   1670, 556579
   1671, 556952
   1672, 557312
   1673, 557706
   1674, 558119
   1675, 558482
   1676, 558883
   1677, 559270
   1678, 559634
   1679, 560031
   1680, 560407
   1681, 560766
   1682, 561140
   1683, 561517
   1684, 561862
   1685, 562192
   1686, 562524
   1687, 562833
   1688, 563136
   1689, 563436
   1690, 563754
   1691, 564077
   1692, 564373
   1693, 564671
   1694, 564977
   1695, 565286
   1696, 565584
   1697, 565875
   1698, 566157
   1699, 566445
   1700, 566739
   1701, 567026
   1702, 567319
   1703, 567636
   1704, 567937
   1705, 568244
   1706, 568562
   1707, 568905
   1708, 569251
   1709, 569563
   1710, 569894
   1711, 570247
   1712, 570680
   1713, 571032
   1714, 571340
   1715, 571673
   1716, 571990
   1717, 572306
   1718, 572616
   1719, 572910
   1720, 573237
   1721, 573574
   1722, 573897
   1723, 574209
   1724, 574517
   1725, 574840
   1726, 575188
   1727, 575502
   1728, 575813
   1729, 576137
   1730, 576457
   1731, 576780
   1732, 577080
   1733, 577369
   1734, 577665
   1735, 577961
   1736, 578252
   1737, 578543
   1738, 578842
   1739, 579150
   1740, 579465
   1741, 579769
   1742, 580083
   1743, 580540
   1744, 580965
   1745, 581370
   1746, 581742
   1747, 582135
   1748, 582513
   1749, 582879
   1750, 583257
   1751, 583619
   1752, 583967
   1753, 584342
   1754, 584723
   1755, 585082
   1756, 585462
   1757, 585826
   1758, 586172
   1759, 586505
   1760, 586848
   1761, 587168
   1762, 587495
   1763, 587930
   1764, 588295
   1765, 588723
   1766, 589096
   1767, 589487
   1768, 589875
   1769, 590271
   1770, 590669
   1771, 591027
   1772, 591350
   1773, 591644
   1774, 591915
   1775, 592188
   1776, 592457
   1777, 592719
   1778, 592972
   1779, 593228
   1780, 593486
   1781, 593743
   1782, 594009
   1783, 594261
   1784, 594530
   1785, 594818
   1786, 595110
   1787, 595383
   1788, 595659
   1789, 595955
   1790, 596263
   1791, 596567
   1792, 596852
   1793, 597143
   1794, 597463
   1795, 597787
   1796, 598101
   1797, 598405
   1798, 598727
   1799, 599198
   1800, 599569
   1801, 599972
   1802, 600420
   1803, 600827
   1804, 601208
   1805, 601620
   1806, 601994
   1807, 602355
   1808, 602762
   1809, 603143
   1810, 603496
   1811, 603894
   1812, 604323
   1813, 604703
   1814, 605137
   1815, 605532
   1816, 605916
   1817, 606321
   1818, 606690
   1819, 607073
   1820, 607460
   1821, 607817
   1822, 608173
   1823, 608553
   1824, 608913
   1825, 609264
   1826, 609655
   1827, 610085
   1828, 610500
   1829, 610882
   1830, 611269
   1831, 611677
   1832, 612035
   1833, 612358
   1834, 612706
   1835, 613122
   1836, 613517
   1837, 613929
   1838, 614310
   1839, 614700
   1840, 615061
   1841, 615436
   1842, 615800
   1843, 616136
   1844, 616430
   1845, 616749
   1846, 617088
   1847, 617385
   1848, 617683
   1849, 617997
   1850, 618306
   1851, 618598
   1852, 618901
   1853, 619203
   1854, 619501
   1855, 619786
   1856, 620065
   1857, 620362
   1858, 620667
   1859, 620972
   1860, 621250
   1861, 621536
   1862, 621829
   1863, 622127
   1864, 622425
   1865, 622709
   1866, 623014
   1867, 623323
   1868, 623620
   1869, 623926
   1870, 624213
   1871, 624511
   1872, 624802
   1873, 625101
   1874, 625404
   1875, 625704
   1876, 626001
   1877, 626310
   1878, 626621
   1879, 626922
   1880, 627222
   1881, 627520
   1882, 627822
   1883, 628137
   1884, 628430
   1885, 628717
   1886, 629021
   1887, 629327
   1888, 629635
   1889, 629933
   1890, 630228
   1891, 630545
   1892, 630868
   1893, 631173
   1894, 631465
   1895, 631783
   1896, 632118
   1897, 632457
   1898, 632788
   1899, 633242
   1900, 633646
   1901, 634022
   1902, 634433
   1903, 634809
   1904, 635199
   1905, 635593
   1906, 635960
   1907, 636322
   1908, 636688
   1909, 637040
   1910, 637429
   1911, 637810
   1912, 638166
   1913, 638564
   1914, 638919
   1915, 639265
   1916, 639639
   1917, 640023
   1918, 640374
   1919, 640780
   1920, 641143
   1921, 641523
   1922, 641901
   1923, 642245
   1924, 642609
   1925, 642972
   1926, 643313
   1927, 643624
   1928, 643927
   1929, 644226
   1930, 644517
   1931, 644802
   1932, 645105
   1933, 645398
   1934, 645688
   1935, 645979
   1936, 646260
   1937, 646545
   1938, 646840
   1939, 647121
   1940, 647406
   1941, 647684
   1942, 647950
   1943, 648210
   1944, 648483
   1945, 648763
   1946, 649066
   1947, 649368
   1948, 649658
   1949, 649966
