      0,   1117
      1,   1369
      2,   1638
      3,   1909
      4,   2179
      5,   2446
      6,   2718
      7,   2986
      8,   3256
      9,   3528
     10,   3795
     11,   4065
     12,   4343
     13,   4613
     14,   4885
     15,   5163
     16,   5434
     17,   5706
     18,   5975
     19,   6253
     20,   6532
     21,   6802
     22,   7083
     23,   7359
     24,   7633
     25,   7909
     26,   8182
     27,   8457
     28,   8738
     29,   9009
     30,   9282
     31,   9560
     32,   9830
     33,  10101
     34,  10371
     35,  10642
     36,  10917
     37,  11187
     38,  11459
     39,  11734
     40,  12011
     41,  12282
     42,  12552
     43,  12828
     44,  13112
     45,  13387
     46,  13666
     47,  13949
     48,  14221
     49,  14496
     50,  14771
     51,  15044
     52,  15318
     53,  15589
     54,  15862
     55,  16137
     56,  16414
     57,  16685
     58,  16953
     59,  17228
     60,  17511
     61,  17789
     62,  18068
     63,  18350
     64,  18632
     65,  18912
     66,  19187
     67,  19468
     68,  19753
     69,  20025
     70,  20304
     71,  20587
     72,  20864
     73,  21144
     74,  21420
     75,  21698
     76,  21984
     77,  22263
     78,  22547
     79,  22824
     80,  23097
     81,  23378
     82,  23653
     83,  23928
     84,  24206
     85,  24480
     86,  24761
     87,  25042
     88,  25310
     89,  25590
     90,  25866
     91,  26148
     92,  26422
     93,  26696
     94,  26980
     95,  27254
     96,  27527
     97,  27801
     98,  28074
     99,  28355
    100,  28626
    101,  28894
    102,  29173
    103,  29448
    104,  29713
    105,  29986
    106,  30259
    107,  30538
    108,  30812
    109,  31083
    110,  31365
    111,  31643
    112,  31911
    113,  32186
    114,  32458
    115,  32738
    116,  33007
    117,  33280
    118,  33565
    119,  33843
    120,  34118
    121,  34396
    122,  34675
    123,  34957
    124,  35146
    125,  35514
    126,  35792
    127,  35981
    128,  36342
    129,  36617
    130,  36887
    131,  37168
    132,  37439
    133,  37718
    134,  37993
    135,  38265
    136,  38539
    137,  38812
    138,  39089
    139,  39367
    140,  39644
    141,  39925
    142,  40202
    143,  40481
    144,  40758
    145,  41031
    146,  41311
    147,  41593
    148,  41867
    149,  42144
    150,  42421
    151,  42693
    152,  42967
    153,  43241
    154,  43517
    155,  43802
    156,  44078
    157,  44358
    158,  44637
    159,  44909
    160,  45187
    161,  45460
    162,  45738
    163,  46018
    164,  46293
    165,  46578
    166,  46858
    167,  47134
    168,  47412
    169,  47690
    170,  47969
    171,  48251
    172,  48526
    173,  48802
    174,  49079
    175,  49351
    176,  49624
    177,  49897
    178,  50171
    179,  50443
    180,  50714
    181,  50997
    182,  51268
    183,  51535
    184,  51815
    185,  52083
    186,  52363
    187,  52643
    188,  52914
    189,  53196
    190,  53473
    191,  53657
    192,  54013
    193,  54288
    194,  54558
    195,  54830
    196,  55100
    197,  55377
    198,  55648
    199,  55916
    200,  56197
    201,  56462
    202,  56739
    203,  56943
    204,  57281
    205,  57558
    206,  57830
    207,  58093
    208,  58360
    209,  58628
    210,  58897
    211,  59162
    212,  59432
    213,  59706
    214,  59972
    215,  60238
    216,  60513
    217,  60779
    218,  61056
    219,  61330
    220,  61597
    221,  61874
    222,  62143
    223,  62407
    224,  62678
    225,  62948
    226,  63213
    227,  63484
    228,  63755
    229,  64031
    230,  64301
    231,  64567
    232,  64842
    233,  65110
    234,  65387
    235,  65661
    236,  65930
    237,  66209
    238,  66479
    239,  66747
    240,  67018
    241,  67287
    242,  67559
    243,  67832
    244,  68102
    245,  68381
    246,  68649
    247,  68915
    248,  69192
    249,  69460
    250,  69736
    251,  70009
    252,  70278
    253,  70557
    254,  70829
    255,  71098
    256,  71368
    257,  71636
    258,  71907
    259,  72181
    260,  72448
    261,  72717
    262,  72989
    263,  73258
    264,  73527
    265,  73790
    266,  74064
    267,  74338
    268,  74601
    269,  74787
    270,  75145
    271,  75417
    272,  75682
    273,  75950
    274,  76213
    275,  76486
    276,  76753
    277,  77016
    278,  77292
    279,  77559
    280,  77822
    281,  78089
    282,  78359
    283,  78629
    284,  78897
    285,  79162
    286,  79436
    287,  79703
    288,  79966
    289,  80238
    290,  80502
    291,  80768
    292,  81037
    293,  81304
    294,  81572
    295,  81843
    296,  82109
    297,  82376
    298,  82645
    299,  82912
    300,  83183
    301,  83448
    302,  83719
    303,  83989
    304,  84255
    305,  84523
    306,  84784
    307,  85052
    308,  85325
    309,  85591
    310,  85859
    311,  86132
    312,  86403
    313,  86668
    314,  86939
    315,  87209
    316,  87484
    317,  87752
    318,  88026
    319,  88301
    320,  88574
    321,  88844
    322,  89109
    323,  89383
    324,  89660
    325,  89931
    326,  90204
    327,  90482
    328,  90757
    329,  91030
    330,  91304
    331,  91578
    332,  91856
    333,  92128
    334,  92405
    335,  92678
    336,  92945
    337,  93219
    338,  93483
    339,  93749
    340,  94026
    341,  94291
    342,  94565
    343,  94767
    344,  95105
    345,  95381
    346,  95542
    347,  95920
    348,  96122
    349,  96469
    350,  96736
    351,  97009
    352,  97272
    353,  97542
    354,  97802
    355,  98070
    356,  98344
    357,  98609
    358,  98877
    359,  99151
    360,  99422
    361,  99698
    362,  99973
    363, 100250
    364, 100535
    365, 100814
    366, 101091
    367, 101375
    368, 101655
    369, 101931
    370, 102205
    371, 102482
    372, 102764
    373, 103037
    374, 103317
    375, 103596
    376, 103873
    377, 104151
    378, 104319
    379, 104693
    380, 104970
    381, 105238
    382, 105421
    383, 105773
    384, 106040
    385, 106300
    386, 106563
    387, 106822
    388, 107093
    389, 107355
    390, 107624
    391, 107905
    392, 108183
    393, 108461
    394, 108742
    395, 109022
    396, 109311
    397, 109588
    398, 109865
    399, 110152
    400, 110430
    401, 110699
    402, 110975
    403, 111249
    404, 111530
    405, 111804
    406, 112078
    407, 112360
    408, 112638
    409, 112912
    410, 113184
    411, 113456
    412, 113735
    413, 114003
    414, 114274
    415, 114549
    416, 114821
    417, 115083
    418, 115355
    419, 115632
    420, 115909
    421, 116185
    422, 116458
    423, 116736
    424, 117008
    425, 117282
    426, 117550
    427, 117816
    428, 118092
    429, 118356
    430, 118620
    431, 118894
    432, 119161
    433, 119422
    434, 119688
    435, 119953
    436, 120226
    437, 120493
    438, 120758
    439, 121029
    440, 121302
    441, 121570
    442, 121836
    443, 122105
    444, 122380
    445, 122645
    446, 122911
    447, 123185
    448, 123452
    449, 123713
    450, 123981
    451, 124248
    452, 124520
    453, 124787
    454, 125052
    455, 125328
    456, 125598
    457, 125773
    458, 126131
    459, 126399
    460, 126671
    461, 126936
    462, 127199
    463, 127473
    464, 127739
    465, 128002
    466, 128275
    467, 128545
    468, 128819
    469, 129093
    470, 129362
    471, 129638
    472, 129910
    473, 130179
    474, 130452
    475, 130720
    476, 130997
    477, 131272
    478, 131543
    479, 131819
    480, 132015
    481, 132355
    482, 132629
    483, 132898
    484, 133169
    485, 133440
    486, 133707
    487, 133984
    488, 134256
    489, 134525
    490, 134711
    491, 135062
    492, 135335
    493, 135609
    494, 135877
    495, 136147
    496, 136420
    497, 136688
    498, 136961
    499, 137226
    500, 137493
    501, 137771
    502, 138036
    503, 138302
    504, 138577
    505, 138849
    506, 139108
    507, 139375
    508, 139640
    509, 139911
    510, 140177
    511, 140442
    512, 140715
    513, 140888
    514, 141247
    515, 141518
    516, 141785
    517, 142060
    518, 142329
    519, 142597
    520, 142879
    521, 143153
    522, 143418
    523, 143692
    524, 143962
    525, 144237
    526, 144508
    527, 144776
    528, 145052
    529, 145317
    530, 145577
    531, 145845
    532, 146109
    533, 146376
    534, 146644
    535, 146907
    536, 147177
    537, 147445
    538, 147706
    539, 147979
    540, 148243
    541, 148514
    542, 148791
    543, 148974
    544, 149332
    545, 149604
    546, 149874
    547, 150056
    548, 150407
    549, 150680
    550, 150950
    551, 151218
    552, 151493
    553, 151766
    554, 152031
    555, 152304
    556, 152569
    557, 152741
    558, 153107
    559, 153375
    560, 153642
    561, 153814
    562, 154166
    563, 154434
    564, 154694
    565, 154956
    566, 155225
    567, 155488
    568, 155762
    569, 156040
    570, 156312
    571, 156496
    572, 156854
    573, 157120
    574, 157393
    575, 157659
    576, 157921
    577, 158188
    578, 158454
    579, 158715
    580, 158975
    581, 159240
    582, 159509
    583, 159766
    584, 160030
    585, 160302
    586, 160567
    587, 160827
    588, 161092
    589, 161352
    590, 161617
    591, 161883
    592, 162140
    593, 162408
    594, 162672
    595, 162932
    596, 163199
    597, 163463
    598, 163733
    599, 164002
    600, 164268
    601, 164540
    602, 164810
    603, 164985
    604, 165338
    605, 165599
    606, 165859
    607, 166127
    608, 166382
    609, 166639
    610, 166907
    611, 167168
    612, 167424
    613, 167689
    614, 167949
    615, 168126
    616, 168478
    617, 168744
    618, 169013
    619, 169275
    620, 169534
    621, 169754
    622, 170058
    623, 170318
    624, 170587
    625, 170840
    626, 171099
    627, 171365
    628, 171625
    629, 171882
    630, 172144
    631, 172408
    632, 172672
    633, 172939
    634, 173202
    635, 173386
    636, 173741
    637, 174004
    638, 174268
    639, 174526
    640, 174795
    641, 175060
    642, 175319
    643, 175587
    644, 175853
    645, 176113
    646, 176380
    647, 176550
    648, 176907
    649, 177179
    650, 177441
    651, 177710
    652, 177977
    653, 178244
    654, 178511
    655, 178698
    656, 179036
    657, 179308
    658, 179566
    659, 179826
    660, 180097
    661, 180356
    662, 180620
    663, 180885
    664, 181146
    665, 181329
    666, 181685
    667, 181951
    668, 182224
    669, 182495
    670, 182760
    671, 183028
    672, 183301
    673, 183475
    674, 183850
    675, 184123
    676, 184407
    677, 184584
    678, 184949
    679, 185222
    680, 185492
    681, 185767
    682, 186039
    683, 186311
    684, 186584
    685, 186858
    686, 187122
    687, 187387
    688, 187657
    689, 187931
    690, 188193
    691, 188456
    692, 188730
    693, 188996
    694, 189260
    695, 189526
    696, 189790
    697, 190063
    698, 190331
    699, 190502
    700, 190869
    701, 191139
    702, 191397
    703, 191662
    704, 191922
    705, 192194
    706, 192456
    707, 192716
    708, 192989
    709, 193254
    710, 193512
    711, 193783
    712, 194047
    713, 194311
    714, 194584
    715, 194849
    716, 195116
    717, 195388
    718, 195654
    719, 195837
    720, 196182
    721, 196452
    722, 196718
    723, 196981
    724, 197244
    725, 197512
    726, 197778
    727, 198042
    728, 198307
    729, 198568
    730, 198841
    731, 199108
    732, 199374
    733, 199548
    734, 199913
    735, 200174
    736, 200443
    737, 200707
    738, 200971
    739, 201235
    740, 201498
    741, 201767
    742, 202032
    743, 202298
    744, 202569
    745, 202837
    746, 203109
    747, 203383
    748, 203655
    749, 203828
    750, 204206
    751, 204480
    752, 204758
    753, 205029
    754, 205302
    755, 205479
    756, 205853
    757, 206136
    758, 206363
    759, 206687
    760, 206965
    761, 207237
    762, 207512
    763, 207790
    764, 208064
    765, 208349
    766, 208516
    767, 208897
    768, 209178
    769, 209456
    770, 209627
    771, 210003
    772, 210277
    773, 210555
    774, 210734
    775, 211093
    776, 211364
    777, 211633
    778, 211909
    779, 212176
    780, 212440
    781, 212716
    782, 212977
    783, 213237
    784, 213410
    785, 213765
    786, 214031
    787, 214294
    788, 214554
    789, 214823
    790, 215087
    791, 215345
    792, 215521
    793, 215871
    794, 216140
    795, 216407
    796, 216672
    797, 216942
    798, 217212
    799, 217480
    800, 217652
    801, 218031
    802, 218313
    803, 218530
    804, 218662
    805, 219050
    806, 219340
    807, 219623
    808, 219800
    809, 220176
    810, 220464
    811, 220750
    812, 220925
    813, 221314
    814, 221593
    815, 221865
    816, 222056
    817, 222412
    818, 222688
    819, 222962
    820, 223236
    821, 223521
    822, 223801
    823, 224080
    824, 224369
    825, 224653
    826, 224947
    827, 225232
    828, 225517
    829, 225808
    830, 226088
    831, 226365
    832, 226646
    833, 226914
    834, 227192
    835, 227460
    836, 227724
    837, 228001
    838, 228270
    839, 228533
    840, 228803
    841, 229074
    842, 229261
    843, 229621
    844, 229892
    845, 230167
    846, 230437
    847, 230700
    848, 230972
    849, 231237
    850, 231515
    851, 231790
    852, 232061
    853, 232348
    854, 232519
    855, 232901
    856, 233182
    857, 233464
    858, 233644
    859, 234025
    860, 234307
    861, 234592
    862, 234872
    863, 235145
    864, 235427
    865, 235707
    866, 236000
    867, 236278
    868, 236564
    869, 236857
    870, 237139
    871, 237419
    872, 237700
    873, 237976
    874, 238260
    875, 238537
    876, 238813
    877, 239090
    878, 239265
    879, 239638
    880, 239910
    881, 240186
    882, 240461
    883, 240730
    884, 241014
    885, 241285
    886, 241558
    887, 241835
    888, 242111
    889, 242390
    890, 242669
    891, 242848
    892, 243223
    893, 243498
    894, 243767
    895, 244043
    896, 244310
    897, 244482
    898, 244850
    899, 245117
    900, 245391
    901, 245658
    902, 245920
    903, 246192
    904, 246462
    905, 246735
    906, 247012
    907, 247286
    908, 247563
    909, 247841
    910, 248113
    911, 248387
    912, 248662
    913, 248832
    914, 249207
    915, 249481
    916, 249765
    917, 250034
    918, 250303
    919, 250579
    920, 250853
    921, 251136
    922, 251411
    923, 251581
    924, 251959
    925, 252235
    926, 252499
    927, 252770
    928, 253040
    929, 253313
    930, 253585
    931, 253856
    932, 254140
    933, 254419
    934, 254693
    935, 254975
    936, 255256
    937, 255548
    938, 255827
    939, 256109
    940, 256400
    941, 256683
    942, 256963
    943, 257243
    944, 257524
    945, 257808
    946, 258088
    947, 258370
    948, 258652
    949, 258932
    950, 259211
    951, 259487
    952, 259656
    953, 260048
    954, 260323
    955, 260599
    956, 260881
    957, 261156
    958, 261326
    959, 261705
    960, 261978
    961, 262260
    962, 262533
    963, 262812
    964, 262984
    965, 263364
    966, 263645
    967, 263919
    968, 264099
    969, 264478
    970, 264756
    971, 265040
    972, 265317
    973, 265592
    974, 265875
    975, 266158
    976, 266444
    977, 266736
    978, 267027
    979, 267321
    980, 267612
    981, 267903
    982, 268187
    983, 268476
    984, 268770
    985, 269050
    986, 269333
    987, 269622
    988, 269899
    989, 270182
    990, 270462
    991, 270745
    992, 271028
    993, 271309
    994, 271599
    995, 271882
    996, 272165
    997, 272451
    998, 272739
    999, 273032
   1000, 273249
   1001, 273593
   1002, 273885
   1003, 274166
   1004, 274441
   1005, 274718
   1006, 274998
   1007, 275283
   1008, 275564
   1009, 275850
   1010, 276133
   1011, 276412
   1012, 276702
   1013, 276982
   1014, 277273
   1015, 277556
   1016, 277830
   1017, 278124
   1018, 278406
   1019, 278679
   1020, 278960
   1021, 279241
   1022, 279526
   1023, 279803
   1024, 280083
   1025, 280363
   1026, 280643
   1027, 280919
   1028, 281190
   1029, 281471
   1030, 281753
   1031, 282022
   1032, 282206
   1033, 282573
   1034, 282843
   1035, 283118
   1036, 283388
   1037, 283655
   1038, 283930
   1039, 284204
   1040, 284474
   1041, 284748
   1042, 285023
   1043, 285297
   1044, 285569
   1045, 285851
   1046, 286131
   1047, 286407
   1048, 286690
   1049, 286968
   1050, 287156
   1051, 287522
   1052, 287795
   1053, 288069
   1054, 288350
   1055, 288628
   1056, 288905
   1057, 289190
   1058, 289469
   1059, 289748
   1060, 290031
   1061, 290316
   1062, 290598
   1063, 290877
   1064, 291166
   1065, 291447
   1066, 291724
   1067, 292009
   1068, 292286
   1069, 292567
   1070, 292850
   1071, 293130
   1072, 293419
   1073, 293702
   1074, 293980
   1075, 294266
   1076, 294552
   1077, 294840
   1078, 295119
   1079, 295399
   1080, 295686
   1081, 295969
   1082, 296245
   1083, 296519
   1084, 296797
   1085, 297081
   1086, 297357
   1087, 297635
   1088, 297918
   1089, 298198
   1090, 298479
   1091, 298760
   1092, 298940
   1093, 299279
   1094, 299567
   1095, 299745
   1096, 300130
   1097, 300409
   1098, 300689
   1099, 300962
   1100, 301241
   1101, 301525
   1102, 301802
   1103, 302092
   1104, 302295
   1105, 302646
   1106, 302933
   1107, 303212
   1108, 303496
   1109, 303774
   1110, 304053
   1111, 304338
   1112, 304621
   1113, 304898
   1114, 305175
   1115, 305456
   1116, 305742
   1117, 306021
   1118, 306307
   1119, 306595
   1120, 306873
   1121, 307162
   1122, 307449
   1123, 307732
   1124, 308017
   1125, 308299
   1126, 308585
   1127, 308868
   1128, 309142
   1129, 309419
   1130, 309695
   1131, 309979
   1132, 310254
   1133, 310525
   1134, 310810
   1135, 311084
   1136, 311355
   1137, 311632
   1138, 311905
   1139, 312184
   1140, 312456
   1141, 312728
   1142, 313003
   1143, 313276
   1144, 313546
   1145, 313812
   1146, 314082
   1147, 314359
   1148, 314629
   1149, 314893
   1150, 315173
   1151, 315448
   1152, 315715
   1153, 315994
   1154, 316271
   1155, 316554
   1156, 316829
   1157, 317106
   1158, 317388
   1159, 317667
   1160, 317945
   1161, 318218
   1162, 318497
   1163, 318783
   1164, 319059
   1165, 319338
   1166, 319624
   1167, 319903
   1168, 320182
   1169, 320463
   1170, 320742
   1171, 321027
   1172, 321307
   1173, 321586
   1174, 321871
   1175, 322148
   1176, 322425
   1177, 322698
   1178, 322976
   1179, 323255
   1180, 323526
   1181, 323803
   1182, 324078
   1183, 324352
   1184, 324631
   1185, 324903
   1186, 325180
   1187, 325459
   1188, 325731
   1189, 326010
   1190, 326287
   1191, 326558
   1192, 326830
   1193, 327103
   1194, 327381
   1195, 327657
   1196, 327932
   1197, 328216
   1198, 328493
   1199, 328766
   1200, 329050
   1201, 329325
   1202, 329606
   1203, 329886
   1204, 330159
   1205, 330447
   1206, 330728
   1207, 331003
   1208, 331283
   1209, 331564
   1210, 331850
   1211, 332125
   1212, 332405
   1213, 332687
   1214, 332968
   1215, 333249
   1216, 333522
   1217, 333801
   1218, 334080
   1219, 334353
   1220, 334628
   1221, 334905
   1222, 335176
   1223, 335449
   1224, 335725
   1225, 335999
   1226, 336277
   1227, 336553
   1228, 336841
   1229, 337123
   1230, 337398
   1231, 337688
   1232, 337968
   1233, 338253
   1234, 338534
   1235, 338809
   1236, 339096
   1237, 339377
   1238, 339648
   1239, 339923
   1240, 340201
   1241, 340482
   1242, 340754
   1243, 341034
   1244, 341311
   1245, 341589
   1246, 341759
   1247, 342130
   1248, 342407
   1249, 342685
   1250, 342953
   1251, 343222
   1252, 343498
   1253, 343766
   1254, 343956
   1255, 344291
   1256, 344560
   1257, 344831
   1258, 345096
   1259, 345361
   1260, 345632
   1261, 345903
   1262, 346172
   1263, 346442
   1264, 346713
   1265, 346993
   1266, 347263
   1267, 347534
   1268, 347816
   1269, 348087
   1270, 348353
   1271, 348626
   1272, 348901
   1273, 349179
   1274, 349455
   1275, 349729
   1276, 350010
   1277, 350288
   1278, 350562
   1279, 350835
   1280, 351110
   1281, 351388
   1282, 351657
   1283, 351923
   1284, 352204
   1285, 352472
   1286, 352641
   1287, 353002
   1288, 353271
   1289, 353541
   1290, 353806
   1291, 354073
   1292, 354348
   1293, 354620
   1294, 354887
   1295, 355157
   1296, 355426
   1297, 355697
   1298, 355967
   1299, 356232
   1300, 356508
   1301, 356774
   1302, 357037
   1303, 357311
   1304, 357481
   1305, 357848
   1306, 358123
   1307, 358391
   1308, 358667
   1309, 358938
   1310, 359206
   1311, 359477
   1312, 359745
   1313, 360016
   1314, 360213
   1315, 360673
   1316, 360828
   1317, 361089
   1318, 361161
   1319, 361233
   1320, 361307
   1321, 361379
   1322, 361463
   1323, 361535
   1324, 361607
   1325, 361679
   1326, 361751
   1327, 361823
   1328, 361895
   1329, 361967
   1330, 362039
   1331, 362111
   1332, 362185
   1333, 362290
   1334, 362362
   1335, 362434
   1336, 362506
   1337, 362578
   1338, 362652
   1339, 362726
   1340, 362798
   1341, 362870
   1342, 362943
   1343, 363015
   1344, 363101
   1345, 363176
   1346, 363249
   1347, 363322
   1348, 363394
   1349, 363466
   1350, 363544
   1351, 363624
   1352, 363696
   1353, 363779
   1354, 363851
   1355, 363923
   1356, 363995
   1357, 364067
   1358, 364139
   1359, 364211
   1360, 364283
   1361, 364364
   1362, 364440
   1363, 364513
   1364, 364593
   1365, 364666
   1366, 364738
   1367, 364812
   1368, 364884
   1369, 364957
   1370, 365029
   1371, 365101
   1372, 365176
   1373, 365248
   1374, 365320
   1375, 365392
   1376, 365464
   1377, 365543
   1378, 365615
   1379, 365687
   1380, 365759
   1381, 365833
   1382, 365905
   1383, 365979
   1384, 366051
   1385, 366124
   1386, 366203
   1387, 366276
   1388, 366348
   1389, 366420
   1390, 366492
   1391, 366564
   1392, 366636
   1393, 366708
   1394, 366784
   1395, 366866
   1396, 366938
   1397, 367013
   1398, 367085
   1399, 367157
   1400, 367229
   1401, 367301
   1402, 367373
   1403, 367445
   1404, 367517
   1405, 367589
   1406, 367661
   1407, 367733
   1408, 367805
   1409, 367882
   1410, 367969
   1411, 368041
   1412, 368114
   1413, 368186
   1414, 368259
   1415, 368331
   1416, 368403
   1417, 368475
   1418, 368547
   1419, 368619
   1420, 368692
   1421, 368764
   1422, 368837
   1423, 368918
   1424, 368990
   1425, 369062
   1426, 369134
   1427, 369206
   1428, 369278
   1429, 369351
   1430, 369423
   1431, 369503
   1432, 369581
   1433, 369653
   1434, 369735
   1435, 369807
   1436, 369879
   1437, 369951
   1438, 370023
   1439, 370096
   1440, 370169
   1441, 370244
   1442, 370318
   1443, 370401
   1444, 370474
   1445, 370546
   1446, 370618
   1447, 370690
   1448, 370762
   1449, 370834
   1450, 370907
   1451, 370980
   1452, 371055
   1453, 371131
   1454, 371215
   1455, 371287
   1456, 371360
   1457, 371432
   1458, 371504
   1459, 371576
   1460, 371648
   1461, 371720
   1462, 371792
   1463, 371864
   1464, 371940
   1465, 372038
   1466, 372110
   1467, 372182
   1468, 372254
   1469, 372326
   1470, 372398
   1471, 372470
   1472, 372542
   1473, 372615
   1474, 372687
   1475, 372762
   1476, 372846
   1477, 372918
   1478, 372990
   1479, 373062
   1480, 373134
   1481, 373206
   1482, 373278
   1483, 373350
   1484, 373422
   1485, 373498
   1486, 373573
   1487, 373662
   1488, 373735
   1489, 373807
   1490, 373879
   1491, 373951
   1492, 374023
   1493, 374095
   1494, 374167
   1495, 374239
   1496, 374311
   1497, 374394
   1498, 374466
   1499, 374540
   1500, 374612
   1501, 374684
   1502, 374756
   1503, 374828
   1504, 374900
   1505, 374972
   1506, 375044
   1507, 375116
   1508, 375190
   1509, 375262
   1510, 375334
   1511, 375418
   1512, 375490
   1513, 375562
   1514, 375634
   1515, 375706
   1516, 375778
   1517, 375850
   1518, 375922
   1519, 376000
   1520, 376079
   1521, 376151
   1522, 376223
   1523, 376295
   1524, 376367
   1525, 376439
   1526, 376512
   1527, 376584
   1528, 376656
   1529, 376732
   1530, 376810
   1531, 376882
   1532, 376954
   1533, 377037
   1534, 377109
   1535, 377181
   1536, 377253
   1537, 377325
   1538, 377397
   1539, 377470
   1540, 377553
   1541, 377649
   1542, 377721
   1543, 377793
   1544, 377865
   1545, 377937
   1546, 378009
   1547, 378081
   1548, 378153
   1549, 378225
   1550, 378297
   1551, 378370
   1552, 378444
   1553, 378516
   1554, 378588
   1555, 378666
   1556, 378739
   1557, 378811
   1558, 378884
   1559, 378956
   1560, 379029
   1561, 379101
   1562, 379174
   1563, 379246
   1564, 379341
   1565, 379415
   1566, 379487
   1567, 379560
   1568, 379632
   1569, 379704
   1570, 379776
   1571, 379848
   1572, 379921
   1573, 379993
   1574, 380065
   1575, 380146
   1576, 380219
   1577, 380291
   1578, 380363
   1579, 380435
   1580, 380507
   1581, 380579
   1582, 380651
   1583, 380723
   1584, 380795
   1585, 380868
   1586, 380963
   1587, 381035
   1588, 381107
   1589, 381179
   1590, 381251
   1591, 381333
   1592, 381406
   1593, 381479
   1594, 381553
   1595, 381626
   1596, 381698
   1597, 381778
   1598, 381852
   1599, 381924
   1600, 381996
   1601, 382068
   1602, 382140
   1603, 382215
   1604, 382310
   1605, 382382
   1606, 382454
   1607, 382526
   1608, 382598
   1609, 382670
   1610, 382742
   1611, 382814
   1612, 382886
   1613, 382958
   1614, 383030
   1615, 383112
   1616, 383184
   1617, 383256
   1618, 383328
   1619, 383400
   1620, 383472
   1621, 383547
   1622, 383619
   1623, 383691
   1624, 383776
   1625, 383849
   1626, 383921
   1627, 383993
   1628, 384066
   1629, 384140
   1630, 384213
   1631, 384285
   1632, 384360
   1633, 384448
   1634, 384520
   1635, 384593
   1636, 384665
   1637, 384738
   1638, 384817
   1639, 384889
   1640, 384961
   1641, 385033
   1642, 385105
   1643, 385179
   1644, 385251
   1645, 385324
   1646, 385398
   1647, 385470
   1648, 385560
   1649, 385633
   1650, 385706
   1651, 385779
   1652, 385851
   1653, 385923
   1654, 385998
   1655, 386072
   1656, 386144
   1657, 386216
   1658, 386288
   1659, 386370
   1660, 386442
   1661, 386514
   1662, 386588
   1663, 386666
   1664, 386738
   1665, 386811
   1666, 386883
   1667, 386956
   1668, 387031
   1669, 387103
   1670, 387179
   1671, 387252
   1672, 387328
   1673, 387400
   1674, 387472
   1675, 387544
   1676, 387616
   1677, 387688
   1678, 387762
   1679, 387844
   1680, 387916
   1681, 387988
   1682, 388061
   1683, 388133
   1684, 388210
   1685, 388285
   1686, 388360
   1687, 388435
   1688, 388520
   1689, 388592
   1690, 388664
   1691, 388737
   1692, 388809
   1693, 388881
   1694, 388953
   1695, 389025
   1696, 389100
   1697, 389177
   1698, 389249
   1699, 389321
   1700, 389393
   1701, 389466
   1702, 389538
   1703, 389610
   1704, 389684
   1705, 389756
   1706, 389828
   1707, 389905
   1708, 389980
   1709, 390056
   1710, 390129
   1711, 390202
   1712, 390275
   1713, 390347
   1714, 390419
   1715, 390492
   1716, 390564
   1717, 390639
   1718, 390713
   1719, 390786
   1720, 390860
   1721, 390941
   1722, 391013
   1723, 391085
   1724, 391157
   1725, 391229
   1726, 391301
   1727, 391373
   1728, 391445
   1729, 391518
   1730, 391590
   1731, 391667
   1732, 391753
   1733, 391830
   1734, 391902
   1735, 391975
   1736, 392047
   1737, 392120
   1738, 392193
   1739, 392288
   1740, 392362
   1741, 392435
   1742, 392507
   1743, 392579
   1744, 392661
   1745, 392733
   1746, 392806
   1747, 392878
   1748, 392950
   1749, 393022
   1750, 393107
   1751, 393179
   1752, 393255
   1753, 393330
   1754, 393402
   1755, 393475
   1756, 393554
   1757, 393626
   1758, 393703
   1759, 393788
   1760, 393860
   1761, 393932
   1762, 394004
   1763, 394076
   1764, 394148
   1765, 394220
   1766, 394293
   1767, 394372
   1768, 394452
   1769, 394524
   1770, 394596
   1771, 394668
   1772, 394740
   1773, 394812
   1774, 394884
   1775, 394956
   1776, 395028
   1777, 395100
   1778, 395177
   1779, 395277
   1780, 395350
   1781, 395422
   1782, 395494
   1783, 395566
   1784, 395639
   1785, 395711
   1786, 395783
   1787, 395855
   1788, 395928
   1789, 396001
   1790, 396074
   1791, 396147
   1792, 396228
   1793, 396300
   1794, 396372
   1795, 396444
   1796, 396516
   1797, 396588
   1798, 396661
   1799, 396734
   1800, 396810
   1801, 396888
   1802, 396960
   1803, 397034
   1804, 397106
   1805, 397185
   1806, 397260
   1807, 397332
   1808, 397404
   1809, 397476
   1810, 397548
   1811, 397624
   1812, 397697
   1813, 397779
   1814, 397852
   1815, 397924
   1816, 398002
   1817, 398076
   1818, 398149
   1819, 398221
   1820, 398293
   1821, 398365
   1822, 398446
   1823, 398521
   1824, 398593
   1825, 398666
   1826, 398739
   1827, 398812
   1828, 398884
   1829, 398956
   1830, 399028
   1831, 399100
   1832, 399172
   1833, 399244
   1834, 399316
   1835, 399388
   1836, 399460
   1837, 399539
   1838, 399625
   1839, 399698
   1840, 399770
   1841, 399842
   1842, 399914
   1843, 399986
   1844, 400061
   1845, 400133
   1846, 400214
   1847, 400292
   1848, 400367
   1849, 400440
   1850, 400514
   1851, 400594
   1852, 400669
   1853, 400743
   1854, 400817
   1855, 400889
   1856, 400962
   1857, 401034
   1858, 401106
   1859, 401178
   1860, 401250
   1861, 401322
   1862, 401394
   1863, 401466
   1864, 401538
   1865, 401610
   1866, 401684
   1867, 401756
   1868, 401832
   1869, 401904
   1870, 401976
   1871, 402049
   1872, 402122
   1873, 402194
   1874, 402268
   1875, 402341
   1876, 402422
   1877, 402495
   1878, 402567
   1879, 402639
   1880, 402711
   1881, 402783
   1882, 402856
   1883, 402928
   1884, 403001
   1885, 403086
   1886, 403159
   1887, 403231
   1888, 403303
   1889, 403375
   1890, 403448
   1891, 403520
   1892, 403592
   1893, 403665
   1894, 403739
   1895, 403812
   1896, 403890
   1897, 403962
   1898, 404035
   1899, 404107
   1900, 404179
   1901, 404251
   1902, 404323
   1903, 404395
   1904, 404467
   1905, 404540
   1906, 404612
   1907, 404684
   1908, 404757
   1909, 404829
   1910, 404901
   1911, 404993
   1912, 405071
   1913, 405143
   1914, 405216
   1915, 405288
   1916, 405363
   1917, 405443
   1918, 405516
   1919, 405588
   1920, 405660
   1921, 405736
   1922, 405810
   1923, 405882
   1924, 405954
   1925, 406026
   1926, 406098
   1927, 406171
   1928, 406243
   1929, 406315
   1930, 406387
   1931, 406460
   1932, 406532
   1933, 406604
   1934, 406676
   1935, 406748
   1936, 406822
   1937, 406894
   1938, 406966
   1939, 407048
   1940, 407120
   1941, 407192
   1942, 407268
   1943, 407340
   1944, 407417
   1945, 407492
   1946, 407564
   1947, 407638
   1948, 407710
   1949, 407783
   1950, 407855
   1951, 407927
   1952, 408000
   1953, 408072
   1954, 408144
   1955, 408216
   1956, 408288
   1957, 408364
   1958, 408444
   1959, 408516
   1960, 408589
   1961, 408661
   1962, 408733
   1963, 408815
   1964, 408887
   1965, 408959
   1966, 409031
   1967, 409103
   1968, 409175
   1969, 409252
   1970, 409326
   1971, 409400
   1972, 409483
   1973, 409556
   1974, 409628
   1975, 409700
   1976, 409772
   1977, 409844
   1978, 409916
   1979, 409988
   1980, 410062
   1981, 410134
   1982, 410207
   1983, 410280
   1984, 410352
   1985, 410434
   1986, 410509
   1987, 410581
   1988, 410653
   1989, 410725
   1990, 410797
   1991, 410872
   1992, 410965
   1993, 411037
   1994, 411109
   1995, 411181
   1996, 411253
   1997, 411325
   1998, 411397
   1999, 411469
   2000, 411541
   2001, 411613
   2002, 411685
   2003, 411759
   2004, 411835
   2005, 411913
   2006, 411986
   2007, 412058
   2008, 412131
   2009, 412203
   2010, 412275
   2011, 412347
   2012, 412419
   2013, 412496
   2014, 412572
   2015, 412644
   2016, 412725
   2017, 412797
   2018, 412869
   2019, 412942
   2020, 413014
   2021, 413087
   2022, 413159
   2023, 413232
   2024, 413309
   2025, 413404
   2026, 413476
   2027, 413548
   2028, 413620
   2029, 413692
   2030, 413764
   2031, 413841
   2032, 413920
   2033, 413992
   2034, 414072
   2035, 414144
   2036, 414216
   2037, 414288
   2038, 414360
   2039, 414432
   2040, 414504
   2041, 414576
   2042, 414648
   2043, 414722
   2044, 414795
   2045, 414878
   2046, 414950
   2047, 415022
   2048, 415094
   2049, 415166
   2050, 415238
   2051, 415310
   2052, 415382
   2053, 415454
   2054, 415526
   2055, 415598
   2056, 415670
   2057, 415742
   2058, 415828
   2059, 415900
   2060, 415972
   2061, 416044
   2062, 416116
   2063, 416189
   2064, 416261
   2065, 416333
   2066, 416405
   2067, 416477
   2068, 416552
   2069, 416625
   2070, 416702
   2071, 416776
   2072, 416848
   2073, 416921
   2074, 416993
   2075, 417065
   2076, 417137
   2077, 417209
   2078, 417282
   2079, 417354
   2080, 417426
   2081, 417498
   2082, 417570
   2083, 417649
   2084, 417726
   2085, 417799
   2086, 417878
   2087, 417950
   2088, 418022
   2089, 418095
   2090, 418167
   2091, 418239
   2092, 418311
   2093, 418383
   2094, 418458
   2095, 418555
   2096, 418627
   2097, 418699
   2098, 418771
   2099, 418843
   2100, 418915
   2101, 418987
   2102, 419059
   2103, 419131
   2104, 419204
   2105, 419283
   2106, 419371
   2107, 419444
   2108, 419516
   2109, 419588
   2110, 419660
   2111, 419739
   2112, 419811
   2113, 419883
   2114, 419955
   2115, 420030
   2116, 420102
   2117, 420194
   2118, 420266
   2119, 420338
   2120, 420411
   2121, 420484
   2122, 420557
   2123, 420630
   2124, 420715
   2125, 420787
   2126, 420859
   2127, 420931
   2128, 421003
   2129, 421075
   2130, 421147
   2131, 421219
   2132, 421291
   2133, 421363
   2134, 421440
   2135, 421518
   2136, 421591
   2137, 421663
   2138, 421736
   2139, 421808
   2140, 421881
   2141, 421953
   2142, 422025
   2143, 422097
   2144, 422169
   2145, 422241
   2146, 422323
   2147, 422395
   2148, 422467
   2149, 422539
   2150, 422611
   2151, 422684
   2152, 422765
   2153, 422840
   2154, 422912
   2155, 422996
   2156, 423069
   2157, 423141
   2158, 423213
   2159, 423285
   2160, 423357
   2161, 423430
   2162, 423502
   2163, 423576
   2164, 423659
   2165, 423731
   2166, 423806
   2167, 423879
   2168, 423952
   2169, 424024
   2170, 424096
   2171, 424170
   2172, 424245
   2173, 424317
   2174, 424389
   2175, 424474
   2176, 424546
   2177, 424618
   2178, 424690
   2179, 424762
   2180, 424834
   2181, 424906
   2182, 424978
   2183, 425050
   2184, 425122
   2185, 425204
   2186, 425278
   2187, 425350
   2188, 425422
   2189, 425494
   2190, 425566
   2191, 425638
   2192, 425710
   2193, 425782
   2194, 425854
   2195, 425926
   2196, 426005
   2197, 426082
   2198, 426154
   2199, 426226
   2200, 426298
   2201, 426370
   2202, 426442
   2203, 426517
   2204, 426597
   2205, 426670
   2206, 426744
   2207, 426818
   2208, 426891
   2209, 426966
   2210, 427038
   2211, 427114
   2212, 427187
   2213, 427259
   2214, 427333
   2215, 427414
   2216, 427486
   2217, 427558
   2218, 427630
   2219, 427702
   2220, 427774
   2221, 427846
   2222, 427918
   2223, 427990
   2224, 428062
   2225, 428134
   2226, 428206
   2227, 428279
   2228, 428351
   2229, 428427
   2230, 428519
   2231, 428591
   2232, 428663
   2233, 428735
   2234, 428807
   2235, 428879
   2236, 428951
   2237, 429023
   2238, 429095
   2239, 429167
   2240, 429239
   2241, 429311
   2242, 429385
   2243, 429457
   2244, 429531
   2245, 429622
   2246, 429695
   2247, 429767
   2248, 429840
   2249, 429912
   2250, 429984
   2251, 430070
   2252, 430142
   2253, 430214
   2254, 430286
   2255, 430358
   2256, 430451
   2257, 430524
   2258, 430596
   2259, 430668
   2260, 430740
   2261, 430812
   2262, 430887
   2263, 430968
   2264, 431041
   2265, 431115
   2266, 431187
   2267, 431259
   2268, 431331
   2269, 431403
   2270, 431475
   2271, 431547
   2272, 431621
   2273, 431693
   2274, 431766
   2275, 431840
   2276, 431913
   2277, 431986
   2278, 432072
   2279, 432145
   2280, 432217
   2281, 432289
   2282, 432361
   2283, 432433
   2284, 432505
   2285, 432577
   2286, 432649
   2287, 432722
   2288, 432800
   2289, 432879
   2290, 432952
   2291, 433024
   2292, 433096
   2293, 433168
   2294, 433240
   2295, 433312
   2296, 433385
   2297, 433466
   2298, 433538
   2299, 433610
   2300, 433697
   2301, 433777
   2302, 433849
   2303, 433921
   2304, 433993
   2305, 434066
   2306, 434143
   2307, 434219
   2308, 434291
   2309, 434365
   2310, 434437
   2311, 434511
   2312, 434583
   2313, 434655
   2314, 434727
   2315, 434799
   2316, 434871
   2317, 434943
   2318, 435015
   2319, 435087
   2320, 435159
   2321, 435231
   2322, 435316
   2323, 435389
   2324, 435461
   2325, 435534
   2326, 435606
   2327, 435678
   2328, 435754
   2329, 435833
   2330, 435906
   2331, 435987
   2332, 436059
   2333, 436131
   2334, 436204
   2335, 436276
   2336, 436348
   2337, 436420
   2338, 436493
   2339, 436570
   2340, 436659
   2341, 436732
   2342, 436804
   2343, 436877
   2344, 436949
   2345, 437030
   2346, 437104
   2347, 437176
   2348, 437249
   2349, 437321
   2350, 437393
   2351, 437481
   2352, 437553
   2353, 437625
   2354, 437697
   2355, 437776
   2356, 437861
   2357, 437933
   2358, 438005
   2359, 438077
   2360, 438149
   2361, 438222
   2362, 438294
   2363, 438366
   2364, 438438
   2365, 438510
   2366, 438582
   2367, 438662
   2368, 438734
   2369, 438809
   2370, 438881
   2371, 438953
   2372, 439025
   2373, 439097
   2374, 439169
   2375, 439241
   2376, 439314
   2377, 439386
   2378, 439459
   2379, 439531
   2380, 439606
   2381, 439680
   2382, 439753
   2383, 439825
   2384, 439897
   2385, 439972
   2386, 440044
   2387, 440116
   2388, 440190
   2389, 440262
   2390, 440336
   2391, 440409
   2392, 440481
   2393, 440560
   2394, 440632
   2395, 440705
   2396, 440777
   2397, 440849
   2398, 440921
   2399, 440994
   2400, 441067
   2401, 441145
   2402, 441236
   2403, 441308
   2404, 441380
   2405, 441452
   2406, 441524
   2407, 441596
   2408, 441670
   2409, 441763
   2410, 441835
   2411, 441907
   2412, 441979
   2413, 442053
   2414, 442125
   2415, 442200
   2416, 442291
   2417, 442364
   2418, 442436
   2419, 442508
   2420, 442580
   2421, 442652
   2422, 442724
   2423, 442796
   2424, 442868
   2425, 442940
   2426, 443012
   2427, 443096
   2428, 443168
   2429, 443240
   2430, 443312
   2431, 443384
   2432, 443457
   2433, 443534
   2434, 443628
   2435, 443700
   2436, 443772
   2437, 443844
   2438, 443920
   2439, 443996
   2440, 444073
   2441, 444153
   2442, 444225
   2443, 444298
   2444, 444370
   2445, 444442
   2446, 444514
   2447, 444589
   2448, 444682
   2449, 444754
   2450, 444826
   2451, 444898
   2452, 444970
   2453, 445043
   2454, 445115
   2455, 445187
   2456, 445260
   2457, 445332
   2458, 445404
   2459, 445487
   2460, 445559
   2461, 445631
   2462, 445703
   2463, 445775
   2464, 445847
   2465, 445919
   2466, 445991
   2467, 446063
   2468, 446135
   2469, 446209
   2470, 446281
   2471, 446353
   2472, 446425
   2473, 446497
   2474, 446569
   2475, 446641
   2476, 446713
   2477, 446785
   2478, 446858
   2479, 446930
   2480, 447007
   2481, 447084
   2482, 447156
   2483, 447229
   2484, 447301
   2485, 447373
   2486, 447445
   2487, 447518
   2488, 447592
   2489, 447665
   2490, 447754
   2491, 447826
   2492, 447899
   2493, 447971
   2494, 448043
   2495, 448115
   2496, 448188
   2497, 448263
   2498, 448335
   2499, 448407
   2500, 448479
   2501, 448551
   2502, 448624
   2503, 448696
   2504, 448768
   2505, 448843
   2506, 448921
   2507, 448993
   2508, 449069
   2509, 449141
   2510, 449213
   2511, 449285
   2512, 449357
   2513, 449429
   2514, 449501
   2515, 449575
   2516, 449652
   2517, 449737
   2518, 449810
   2519, 449882
   2520, 449955
   2521, 450027
   2522, 450099
   2523, 450179
   2524, 450253
   2525, 450326
   2526, 450405
   2527, 450478
   2528, 450550
   2529, 450622
   2530, 450694
   2531, 450766
   2532, 450838
   2533, 450926
   2534, 451000
   2535, 451074
   2536, 451146
   2537, 451218
   2538, 451290
   2539, 451362
   2540, 451437
   2541, 451510
   2542, 451594
   2543, 451668
   2544, 451740
   2545, 451812
   2546, 451885
   2547, 451958
   2548, 452035
   2549, 452125
   2550, 452199
   2551, 452271
   2552, 452343
   2553, 452415
   2554, 452487
   2555, 452559
   2556, 452642
   2557, 452714
   2558, 452786
   2559, 452858
   2560, 452930
   2561, 453004
   2562, 453078
   2563, 453158
   2564, 453230
   2565, 453302
   2566, 453374
   2567, 453446
   2568, 453519
   2569, 453598
   2570, 453679
   2571, 453753
   2572, 453826
   2573, 453898
   2574, 453970
   2575, 454048
   2576, 454120
   2577, 454192
   2578, 454264
   2579, 454336
   2580, 454408
   2581, 454481
   2582, 454553
   2583, 454625
   2584, 454697
   2585, 454769
   2586, 454841
   2587, 454913
   2588, 454985
   2589, 455057
   2590, 455146
   2591, 455219
   2592, 455291
   2593, 455368
   2594, 455447
   2595, 455525
   2596, 455597
   2597, 455679
   2598, 455751
   2599, 455823
   2600, 455895
   2601, 455972
   2602, 456044
   2603, 456116
   2604, 456195
   2605, 456268
   2606, 456341
   2607, 456413
   2608, 456485
   2609, 456558
   2610, 456630
   2611, 456702
   2612, 456774
   2613, 456856
   2614, 456929
   2615, 457001
   2616, 457074
   2617, 457146
   2618, 457219
   2619, 457293
   2620, 457378
   2621, 457450
   2622, 457522
   2623, 457595
   2624, 457667
   2625, 457739
   2626, 457831
   2627, 457903
   2628, 457975
   2629, 458048
   2630, 458120
   2631, 458192
   2632, 458264
   2633, 458338
   2634, 458410
   2635, 458482
   2636, 458568
   2637, 458640
   2638, 458712
   2639, 458790
   2640, 458862
   2641, 458935
   2642, 459007
   2643, 459080
   2644, 459152
   2645, 459233
   2646, 459305
   2647, 459377
   2648, 459449
   2649, 459524
   2650, 459596
   2651, 459668
   2652, 459754
   2653, 459827
   2654, 459899
   2655, 459971
   2656, 460043
   2657, 460115
   2658, 460188
   2659, 460282
   2660, 460354
   2661, 460426
   2662, 460499
   2663, 460571
   2664, 460643
   2665, 460720
   2666, 460798
   2667, 460870
   2668, 460942
   2669, 461015
   2670, 461087
   2671, 461160
   2672, 461241
   2673, 461314
   2674, 461386
   2675, 461458
   2676, 461530
   2677, 461605
   2678, 461679
   2679, 461752
   2680, 461827
   2681, 461900
   2682, 461974
   2683, 462046
   2684, 462118
   2685, 462190
   2686, 462268
   2687, 462343
   2688, 462415
   2689, 462487
   2690, 462559
   2691, 462632
   2692, 462704
   2693, 462777
   2694, 462854
   2695, 462944
   2696, 463020
   2697, 463092
   2698, 463168
   2699, 463244
   2700, 463320
   2701, 463392
   2702, 463465
   2703, 463538
   2704, 463610
   2705, 463682
   2706, 463754
   2707, 463826
   2708, 463898
   2709, 463980
   2710, 464052
   2711, 464124
   2712, 464196
   2713, 464268
   2714, 464340
   2715, 464412
   2716, 464484
   2717, 464556
   2718, 464646
   2719, 464719
   2720, 464792
   2721, 464867
   2722, 464939
   2723, 465011
   2724, 465084
   2725, 465157
   2726, 465229
   2727, 465302
   2728, 465375
   2729, 465447
   2730, 465519
   2731, 465591
   2732, 465663
   2733, 465756
   2734, 465828
   2735, 465900
   2736, 465973
   2737, 466045
   2738, 466118
   2739, 466190
   2740, 466262
   2741, 466334
   2742, 466408
   2743, 466480
   2744, 466552
   2745, 466624
   2746, 466698
   2747, 466770
   2748, 466842
   2749, 466914
   2750, 466990
   2751, 467065
   2752, 467140
   2753, 467212
   2754, 467284
   2755, 467356
   2756, 467428
   2757, 467500
   2758, 467572
   2759, 467644
   2760, 467717
   2761, 467790
   2762, 467863
   2763, 467942
   2764, 468014
   2765, 468086
   2766, 468158
   2767, 468231
   2768, 468303
   2769, 468376
   2770, 468448
   2771, 468520
   2772, 468593
   2773, 468665
   2774, 468737
   2775, 468809
   2776, 468881
   2777, 468953
   2778, 469025
   2779, 469097
   2780, 469175
   2781, 469263
   2782, 469335
   2783, 469407
   2784, 469479
   2785, 469551
   2786, 469623
   2787, 469695
   2788, 469780
   2789, 469852
   2790, 469924
   2791, 469997
   2792, 470069
   2793, 470141
   2794, 470219
   2795, 470291
   2796, 470365
   2797, 470441
   2798, 470513
   2799, 470585
   2800, 470658
   2801, 470730
   2802, 470803
   2803, 470875
   2804, 470947
   2805, 471022
   2806, 471115
   2807, 471187
   2808, 471259
   2809, 471331
   2810, 471404
   2811, 471477
   2812, 471555
   2813, 471628
   2814, 471700
   2815, 471773
   2816, 471845
   2817, 471917
   2818, 471990
   2819, 472062
   2820, 472134
   2821, 472206
   2822, 472278
   2823, 472350
   2824, 472438
   2825, 472522
   2826, 472594
   2827, 472673
   2828, 472745
   2829, 472818
   2830, 472890
   2831, 472964
   2832, 473044
   2833, 473116
   2834, 473189
   2835, 473262
   2836, 473334
   2837, 473408
   2838, 473492
   2839, 473564
   2840, 473636
   2841, 473708
   2842, 473780
   2843, 473852
   2844, 473924
   2845, 473996
   2846, 474068
   2847, 474140
   2848, 474213
   2849, 474299
   2850, 474375
   2851, 474447
   2852, 474520
   2853, 474592
   2854, 474664
   2855, 474737
   2856, 474825
   2857, 474898
   2858, 474970
   2859, 475042
   2860, 475114
   2861, 475188
   2862, 475260
   2863, 475337
   2864, 475411
   2865, 475483
   2866, 475555
   2867, 475628
   2868, 475700
   2869, 475772
   2870, 475844
   2871, 475916
   2872, 475988
   2873, 476060
   2874, 476132
   2875, 476204
   2876, 476276
   2877, 476350
   2878, 476442
   2879, 476515
   2880, 476587
   2881, 476659
   2882, 476731
   2883, 476803
   2884, 476879
   2885, 476951
   2886, 477023
   2887, 477111
   2888, 477183
   2889, 477257
   2890, 477333
   2891, 477405
   2892, 477477
   2893, 477549
   2894, 477622
   2895, 477697
   2896, 477779
   2897, 477852
   2898, 477924
   2899, 477996
   2900, 478068
   2901, 478140
   2902, 478212
   2903, 478284
   2904, 478356
   2905, 478428
   2906, 478509
   2907, 478581
   2908, 478653
   2909, 478725
   2910, 478798
   2911, 478871
   2912, 478944
   2913, 479024
   2914, 479120
   2915, 479194
   2916, 479266
   2917, 479338
   2918, 479410
   2919, 479482
   2920, 479561
   2921, 479637
   2922, 479711
   2923, 479783
   2924, 479856
   2925, 479928
   2926, 480000
   2927, 480072
   2928, 480144
   2929, 480216
   2930, 480289
   2931, 480369
   2932, 480444
   2933, 480517
   2934, 480598
   2935, 480671
   2936, 480743
   2937, 480815
   2938, 480887
   2939, 480959
   2940, 481031
   2941, 481104
   2942, 481178
   2943, 481261
   2944, 481333
   2945, 481405
   2946, 481478
   2947, 481550
   2948, 481622
   2949, 481694
   2950, 481766
   2951, 481838
   2952, 481910
   2953, 481989
   2954, 482067
   2955, 482139
   2956, 482211
   2957, 482283
   2958, 482364
   2959, 482436
   2960, 482511
   2961, 482586
   2962, 482661
   2963, 482744
   2964, 482819
   2965, 482892
   2966, 482964
   2967, 483044
   2968, 483121
   2969, 483193
   2970, 483265
   2971, 483337
   2972, 483409
   2973, 483481
   2974, 483553
   2975, 483625
   2976, 483697
   2977, 483769
   2978, 483841
   2979, 483913
   2980, 483985
   2981, 484058
   2982, 484132
   2983, 484212
   2984, 484285
   2985, 484357
   2986, 484429
   2987, 484501
   2988, 484573
   2989, 484645
   2990, 484717
   2991, 484789
   2992, 484862
   2993, 484934
   2994, 485007
   2995, 485079
   2996, 485153
   2997, 485226
   2998, 485298
   2999, 485375
   3000, 485447
   3001, 485520
   3002, 485592
   3003, 485664
   3004, 485738
   3005, 485813
   3006, 485885
   3007, 485957
   3008, 486029
   3009, 486101
   3010, 486173
   3011, 486245
   3012, 486317
   3013, 486389
   3014, 486461
   3015, 486540
   3016, 486618
   3017, 486690
   3018, 486774
   3019, 486846
   3020, 486918
   3021, 486990
   3022, 487062
   3023, 487134
   3024, 487206
   3025, 487278
   3026, 487352
   3027, 487443
   3028, 487515
   3029, 487587
   3030, 487659
   3031, 487738
   3032, 487814
   3033, 487886
   3034, 487958
   3035, 488031
   3036, 488103
   3037, 488175
   3038, 488247
   3039, 488320
   3040, 488392
   3041, 488464
   3042, 488536
   3043, 488608
   3044, 488680
   3045, 488752
   3046, 488824
   3047, 488896
   3048, 488969
   3049, 489042
   3050, 489114
   3051, 489186
   3052, 489258
   3053, 489331
   3054, 489403
   3055, 489475
   3056, 489547
   3057, 489620
   3058, 489692
   3059, 489771
   3060, 489845
   3061, 489917
   3062, 489989
   3063, 490061
   3064, 490133
   3065, 490205
   3066, 490277
   3067, 490349
   3068, 490421
   3069, 490495
   3070, 490568
   3071, 490640
   3072, 490712
   3073, 490784
   3074, 490857
   3075, 490931
   3076, 491005
   3077, 491082
   3078, 491155
   3079, 491227
   3080, 491299
   3081, 491371
   3082, 491443
   3083, 491515
   3084, 491595
   3085, 491671
   3086, 491744
   3087, 491816
   3088, 491888
   3089, 491961
   3090, 492033
   3091, 492105
   3092, 492177
   3093, 492249
   3094, 492321
   3095, 492393
   3096, 492466
   3097, 492538
   3098, 492610
   3099, 492682
   3100, 492754
   3101, 492826
   3102, 492898
   3103, 492971
   3104, 493045
   3105, 493117
   3106, 493189
   3107, 493262
   3108, 493338
   3109, 493413
   3110, 493485
   3111, 493558
   3112, 493630
   3113, 493702
   3114, 493774
   3115, 493846
   3116, 493918
   3117, 493990
   3118, 494063
   3119, 494135
   3120, 494207
   3121, 494279
   3122, 494351
   3123, 494423
   3124, 494496
   3125, 494575
   3126, 494648
   3127, 494721
   3128, 494800
   3129, 494872
   3130, 494949
   3131, 495032
   3132, 495104
   3133, 495176
   3134, 495248
   3135, 495320
   3136, 495392
   3137, 495464
   3138, 495537
   3139, 495611
   3140, 495701
   3141, 495775
   3142, 495847
   3143, 495919
   3144, 495992
   3145, 496064
   3146, 496136
   3147, 496209
   3148, 496281
   3149, 496355
   3150, 496427
   3151, 496499
   3152, 496573
   3153, 496645
   3154, 496719
   3155, 496791
   3156, 496869
   3157, 496942
   3158, 497015
   3159, 497087
   3160, 497159
   3161, 497231
   3162, 497303
   3163, 497375
   3164, 497447
   3165, 497519
   3166, 497591
   3167, 497663
   3168, 497749
   3169, 497821
   3170, 497893
   3171, 497965
   3172, 498037
   3173, 498110
   3174, 498182
   3175, 498254
   3176, 498326
   3177, 498398
   3178, 498470
   3179, 498544
   3180, 498626
   3181, 498698
   3182, 498770
   3183, 498842
   3184, 498914
   3185, 498986
   3186, 499066
   3187, 499139
   3188, 499211
   3189, 499286
   3190, 499360
   3191, 499432
   3192, 499507
   3193, 499587
   3194, 499669
   3195, 499742
   3196, 499814
   3197, 499886
   3198, 499958
   3199, 500030
   3200, 500102
   3201, 500175
   3202, 500254
   3203, 500339
   3204, 500411
   3205, 500483
   3206, 500556
   3207, 500628
   3208, 500700
   3209, 500931
   3210, 501003
   3211, 501075
   3212, 501157
   3213, 501230
   3214, 501302
   3215, 501374
   3216, 501446
   3217, 501518
   3218, 501590
   3219, 501662
   3220, 501735
   3221, 501809
   3222, 501882
   3223, 501955
   3224, 502031
   3225, 502105
   3226, 502177
   3227, 502249
   3228, 502321
   3229, 502394
   3230, 502466
   3231, 502538
   3232, 502611
   3233, 502683
   3234, 502755
   3235, 502827
   3236, 502900
   3237, 502972
   3238, 503046
   3239, 503121
   3240, 503197
   3241, 503269
   3242, 503341
   3243, 503414
   3244, 503486
   3245, 503558
   3246, 503630
   3247, 503702
   3248, 503774
   3249, 503846
   3250, 503919
   3251, 503991
   3252, 504063
   3253, 504136
   3254, 504219
   3255, 504291
   3256, 504363
   3257, 504435
   3258, 504507
   3259, 504580
   3260, 504652
   3261, 504724
   3262, 504797
   3263, 504869
   3264, 504942
   3265, 505025
   3266, 505098
   3267, 505170
   3268, 505245
   3269, 505321
   3270, 505393
   3271, 505473
   3272, 505781
   3273, 505854
   3274, 505926
   3275, 506002
   3276, 506074
   3277, 506146
   3278, 506219
   3279, 506291
   3280, 506363
   3281, 506436
   3282, 506508
   3283, 506582
   3284, 506654
   3285, 506734
   3286, 506808
   3287, 506880
   3288, 506952
   3289, 507024
   3290, 507096
   3291, 507168
   3292, 507240
   3293, 507313
   3294, 507385
   3295, 507457
   3296, 507529
   3297, 507609
   3298, 507681
   3299, 507753
   3300, 507827
   3301, 507912
   3302, 507985
   3303, 508057
   3304, 508139
   3305, 508211
   3306, 508283
   3307, 508355
   3308, 508437
   3309, 508511
   3310, 508583
   3311, 508666
   3312, 508739
   3313, 508812
   3314, 508884
   3315, 508964
   3316, 509044
   3317, 509124
   3318, 509198
   3319, 509270
   3320, 509342
   3321, 509414
   3322, 509486
   3323, 509560
   3324, 509632
   3325, 509710
   3326, 509784
   3327, 509857
   3328, 509929
   3329, 510001
   3330, 510073
   3331, 510145
   3332, 510217
   3333, 510300
   3334, 510372
   3335, 510445
   3336, 510519
   3337, 510591
   3338, 510663
   3339, 510735
   3340, 510807
   3341, 510879
   3342, 510952
   3343, 511024
   3344, 511106
   3345, 511178
   3346, 511250
   3347, 511325
   3348, 511405
   3349, 511477
   3350, 511549
   3351, 511621
   3352, 511693
   3353, 511765
   3354, 511837
   3355, 511920
   3356, 511992
   3357, 512065
   3358, 512139
   3359, 512213
   3360, 512294
   3361, 512366
   3362, 512438
   3363, 512510
   3364, 512582
   3365, 512654
   3366, 512726
   3367, 512798
   3368, 512870
   3369, 512942
   3370, 513016
   3371, 513088
   3372, 513170
   3373, 513246
   3374, 513318
   3375, 513390
   3376, 513462
   3377, 513541
   3378, 513613
   3379, 513685
   3380, 513757
   3381, 513830
   3382, 513903
   3383, 513975
   3384, 514047
   3385, 514119
   3386, 514191
   3387, 514263
   3388, 514335
   3389, 514408
   3390, 514480
   3391, 514561
   3392, 514634
   3393, 514706
   3394, 514778
   3395, 514850
   3396, 514922
   3397, 514995
   3398, 515067
   3399, 515140
   3400, 515212
   3401, 515284
   3402, 515356
   3403, 515428
   3404, 515501
   3405, 515573
   3406, 515647
   3407, 515719
   3408, 515791
   3409, 515863
   3410, 515943
   3411, 516017
   3412, 516089
   3413, 516173
   3414, 516245
   3415, 516317
   3416, 516389
   3417, 516466
   3418, 516538
   3419, 516615
   3420, 516689
   3421, 516761
   3422, 516834
   3423, 516906
   3424, 516978
   3425, 517050
   3426, 517122
   3427, 517195
   3428, 517268
   3429, 517340
   3430, 517412
   3431, 517484
   3432, 517556
   3433, 517635
   3434, 517708
   3435, 517787
   3436, 517859
   3437, 517933
   3438, 518005
   3439, 518077
   3440, 518149
   3441, 518222
   3442, 518297
   3443, 518374
   3444, 518454
   3445, 518531
   3446, 518603
   3447, 518675
   3448, 518752
   3449, 518824
   3450, 518898
   3451, 518985
   3452, 519057
   3453, 519134
   3454, 519209
   3455, 519281
   3456, 519358
   3457, 519430
   3458, 519502
   3459, 519575
   3460, 519655
   3461, 519739
   3462, 519811
   3463, 519887
   3464, 519959
   3465, 520031
   3466, 520103
   3467, 520183
   3468, 520256
   3469, 520328
   3470, 520400
   3471, 520474
   3472, 520546
   3473, 520618
   3474, 520693
   3475, 520767
   3476, 520842
   3477, 520914
   3478, 520986
   3479, 521059
   3480, 521132
   3481, 521204
   3482, 521277
   3483, 521349
   3484, 521421
   3485, 521504
   3486, 521576
   3487, 521652
   3488, 521724
   3489, 521804
   3490, 521877
   3491, 521949
   3492, 522026
   3493, 522103
   3494, 522194
   3495, 522273
   3496, 522345
   3497, 522417
   3498, 522489
   3499, 522563
   3500, 522635
   3501, 522707
   3502, 522779
   3503, 522851
   3504, 522923
   3505, 522999
   3506, 523073
   3507, 523145
   3508, 523219
   3509, 523292
   3510, 523368
   3511, 523442
   3512, 523516
   3513, 523602
   3514, 523677
   3515, 523749
   3516, 523821
   3517, 523896
   3518, 523968
   3519, 524040
   3520, 524112
   3521, 524184
   3522, 524256
   3523, 524328
   3524, 524424
   3525, 524504
   3526, 524576
   3527, 524648
   3528, 524720
   3529, 524792
   3530, 524879
   3531, 524951
   3532, 525023
   3533, 525095
   3534, 525174
   3535, 525251
   3536, 525323
   3537, 525395
   3538, 525467
   3539, 525540
   3540, 525612
   3541, 525691
   3542, 525781
   3543, 525853
   3544, 525928
   3545, 526000
   3546, 526075
   3547, 526149
   3548, 526225
   3549, 526306
   3550, 526381
   3551, 526453
   3552, 526525
   3553, 526598
   3554, 526684
   3555, 526757
   3556, 526829
   3557, 526901
   3558, 526973
   3559, 527045
   3560, 527122
   3561, 527197
   3562, 527269
   3563, 527342
   3564, 527414
   3565, 527486
   3566, 527558
   3567, 527630
   3568, 527702
   3569, 527780
   3570, 527852
   3571, 527926
   3572, 527999
   3573, 528072
   3574, 528145
   3575, 528220
   3576, 528292
   3577, 528364
   3578, 528436
   3579, 528529
   3580, 528601
   3581, 528674
   3582, 528746
   3583, 528825
   3584, 528904
   3585, 528976
   3586, 529048
   3587, 529120
   3588, 529193
   3589, 529265
   3590, 529345
   3591, 529418
   3592, 529491
   3593, 529563
   3594, 529636
   3595, 529708
   3596, 529780
   3597, 529855
   3598, 529933
   3599, 530006
   3600, 530083
   3601, 530155
   3602, 530231
   3603, 530304
   3604, 530379
   3605, 530451
   3606, 530523
   3607, 530599
   3608, 530676
   3609, 530750
   3610, 530822
   3611, 530896
   3612, 530970
   3613, 531042
   3614, 531120
   3615, 531192
   3616, 531265
   3617, 531337
   3618, 531421
   3619, 531494
   3620, 531568
   3621, 531648
   3622, 531721
   3623, 531793
   3624, 531865
   3625, 531948
   3626, 532024
   3627, 532096
   3628, 532179
   3629, 532252
   3630, 532324
   3631, 532396
   3632, 532478
   3633, 532550
   3634, 532622
   3635, 532707
   3636, 532779
   3637, 532851
   3638, 532923
   3639, 532996
   3640, 533068
   3641, 533140
   3642, 533213
   3643, 533285
   3644, 533358
   3645, 533435
   3646, 533508
   3647, 533583
   3648, 533655
   3649, 533727
   3650, 533799
   3651, 533871
   3652, 533945
   3653, 534017
   3654, 534089
   3655, 534161
   3656, 534233
   3657, 534309
   3658, 534381
   3659, 534457
   3660, 534541
   3661, 534615
   3662, 534687
   3663, 534759
   3664, 534839
   3665, 534915
   3666, 534987
   3667, 535061
   3668, 535134
   3669, 535206
   3670, 535278
   3671, 535355
   3672, 535428
   3673, 535507
   3674, 535581
   3675, 535653
   3676, 535725
   3677, 535797
   3678, 535880
   3679, 535953
   3680, 536026
   3681, 536103
   3682, 536175
   3683, 536247
   3684, 536320
   3685, 536398
   3686, 536470
   3687, 536542
   3688, 536633
   3689, 536705
   3690, 536778
   3691, 536850
   3692, 536927
   3693, 536999
   3694, 537071
   3695, 537148
   3696, 537221
   3697, 537293
   3698, 537366
   3699, 537449
   3700, 537523
   3701, 537595
   3702, 537673
   3703, 537746
   3704, 537822
   3705, 537894
   3706, 537973
   3707, 538046
   3708, 538123
   3709, 538195
   3710, 538268
   3711, 538340
   3712, 538412
   3713, 538488
   3714, 538568
   3715, 538642
   3716, 538714
   3717, 538786
   3718, 538858
   3719, 538930
   3720, 539006
   3721, 539084
   3722, 539163
   3723, 539236
   3724, 539309
   3725, 539382
   3726, 539454
   3727, 539526
   3728, 539599
   3729, 539671
   3730, 539745
   3731, 539817
   3732, 539889
   3733, 539961
   3734, 540046
   3735, 540118
   3736, 540190
   3737, 540263
   3738, 540336
   3739, 540408
   3740, 540485
   3741, 540558
   3742, 540631
   3743, 540703
   3744, 540775
   3745, 540853
   3746, 540925
   3747, 540997
   3748, 541075
   3749, 541147
   3750, 541219
   3751, 541292
   3752, 541367
   3753, 541440
   3754, 541512
   3755, 541584
   3756, 541672
   3757, 541752
   3758, 541825
   3759, 541902
   3760, 541974
   3761, 542047
   3762, 542119
   3763, 542194
   3764, 542267
   3765, 542339
   3766, 542411
   3767, 542483
   3768, 542559
   3769, 542637
   3770, 542714
   3771, 542786
   3772, 542858
   3773, 542933
   3774, 543008
   3775, 543081
   3776, 543154
   3777, 543226
   3778, 543300
   3779, 543372
   3780, 543444
   3781, 543523
   3782, 543601
   3783, 543673
   3784, 543746
   3785, 543818
   3786, 543890
   3787, 543963
   3788, 544041
   3789, 544114
   3790, 544186
   3791, 544271
   3792, 544343
   3793, 544415
   3794, 544489
   3795, 544573
   3796, 544646
   3797, 544718
   3798, 544801
   3799, 544873
   3800, 544946
   3801, 545019
   3802, 545100
   3803, 545173
   3804, 545245
   3805, 545317
   3806, 545389
   3807, 545462
   3808, 545534
   3809, 545611
   3810, 545685
   3811, 545757
   3812, 545835
   3813, 545907
   3814, 545980
   3815, 546061
   3816, 546134
   3817, 546206
   3818, 546281
   3819, 546353
   3820, 546425
   3821, 546497
   3822, 546577
   3823, 546656
   3824, 546728
   3825, 546800
   3826, 546872
   3827, 546952
   3828, 547024
   3829, 547097
   3830, 547176
   3831, 547248
   3832, 547320
   3833, 547393
   3834, 547465
   3835, 547538
   3836, 547610
   3837, 547682
   3838, 547754
   3839, 547826
   3840, 547898
   3841, 547971
   3842, 548044
   3843, 548116
   3844, 548188
   3845, 548268
   3846, 548340
   3847, 548412
   3848, 548497
   3849, 548569
   3850, 548641
   3851, 548713
   3852, 548798
   3853, 548870
   3854, 548943
   3855, 549028
   3856, 549100
   3857, 549173
   3858, 549245
   3859, 549327
   3860, 549400
   3861, 549472
   3862, 549564
   3863, 549638
   3864, 549711
   3865, 549783
   3866, 549866
   3867, 549938
   3868, 550013
   3869, 550089
   3870, 550165
   3871, 550237
   3872, 550309
   3873, 550394
   3874, 550466
   3875, 550538
   3876, 550614
   3877, 550687
   3878, 550759
   3879, 550837
   3880, 550920
   3881, 550993
   3882, 551065
   3883, 551153
   3884, 551225
   3885, 551297
   3886, 551369
   3887, 551448
   3888, 551522
   3889, 551594
   3890, 551666
   3891, 551740
   3892, 551813
   3893, 551893
   3894, 551966
   3895, 552038
   3896, 552110
   3897, 552188
   3898, 552260
   3899, 552332
   3900, 552410
   3901, 552482
   3902, 552554
   3903, 552649
   3904, 552723
   3905, 552798
   3906, 552870
   3907, 552942
   3908, 553014
   3909, 553086
   3910, 553158
   3911, 553230
   3912, 553304
   3913, 553376
   3914, 553451
   3915, 553527
   3916, 553611
   3917, 553683
   3918, 553758
   3919, 553830
   3920, 553902
   3921, 553974
   3922, 554046
   3923, 554125
   3924, 554199
   3925, 554271
   3926, 554343
   3927, 554427
   3928, 554500
   3929, 554572
   3930, 554650
   3931, 554722
   3932, 554794
   3933, 554866
   3934, 554939
   3935, 555011
   3936, 555085
   3937, 555157
   3938, 555242
   3939, 555321
   3940, 555393
   3941, 555465
   3942, 555538
   3943, 555610
   3944, 555682
   3945, 555761
   3946, 555833
   3947, 555907
   3948, 555979
   3949, 556051
   3950, 556123
   3951, 556199
   3952, 556273
   3953, 556347
   3954, 556420
   3955, 556493
   3956, 556571
   3957, 556643
   3958, 556722
   3959, 556794
   3960, 556866
   3961, 556940
   3962, 557012
   3963, 557085
   3964, 557157
   3965, 557229
   3966, 557302
   3967, 557374
   3968, 557446
   3969, 557518
   3970, 557599
   3971, 557672
   3972, 557744
   3973, 557825
   3974, 557897
   3975, 557970
   3976, 558042
   3977, 558125
   3978, 558197
   3979, 558272
   3980, 558346
   3981, 558419
   3982, 558493
   3983, 558571
   3984, 558667
   3985, 558762
   3986, 558835
   3987, 558908
   3988, 558980
   3989, 559052
   3990, 559124
   3991, 559196
   3992, 559268
   3993, 559346
   3994, 559424
   3995, 559496
   3996, 559578
   3997, 559653
   3998, 559725
   3999, 559797
   4000, 559870
   4001, 559942
   4002, 560014
   4003, 560090
   4004, 560167
   4005, 560240
   4006, 560312
   4007, 560393
   4008, 560467
   4009, 560541
   4010, 560615
   4011, 560691
   4012, 560769
   4013, 560841
   4014, 560914
   4015, 560986
   4016, 561058
   4017, 561134
   4018, 561206
   4019, 561279
   4020, 561351
   4021, 561431
   4022, 561503
   4023, 561576
   4024, 561661
   4025, 561734
   4026, 561806
   4027, 561878
   4028, 561968
   4029, 562042
   4030, 562114
   4031, 562198
   4032, 562270
   4033, 562342
   4034, 562415
   4035, 562487
   4036, 562559
   4037, 562631
   4038, 562703
   4039, 562775
   4040, 562847
   4041, 562919
   4042, 563000
   4043, 563072
   4044, 563145
   4045, 563217
   4046, 563290
   4047, 563362
   4048, 563434
   4049, 563509
   4050, 563581
   4051, 563654
   4052, 563726
   4053, 563803
   4054, 563875
   4055, 563966
   4056, 564038
   4057, 564110
   4058, 564182
   4059, 564254
   4060, 564328
   4061, 564401
   4062, 564473
   4063, 564554
   4064, 564626
   4065, 564698
   4066, 564770
   4067, 564847
   4068, 564923
   4069, 564995
   4070, 565067
   4071, 565145
   4072, 565217
   4073, 565293
   4074, 565370
   4075, 565442
   4076, 565514
   4077, 565586
   4078, 565668
   4079, 565742
   4080, 565814
   4081, 565894
   4082, 565968
   4083, 566040
   4084, 566112
   4085, 566192
   4086, 566265
   4087, 566338
   4088, 566418
   4089, 566490
   4090, 566562
   4091, 566634
   4092, 566706
   4093, 566785
   4094, 566857
   4095, 566940
   4096, 567013
   4097, 567087
   4098, 567159
   4099, 567241
   4100, 567318
   4101, 567397
   4102, 567469
   4103, 567541
   4104, 567616
   4105, 567688
   4106, 567760
   4107, 567841
   4108, 567916
   4109, 567988
   4110, 568061
   4111, 568133
   4112, 568205
   4113, 568277
   4114, 568349
   4115, 568421
   4116, 568501
   4117, 568575
   4118, 568647
   4119, 568719
   4120, 568798
   4121, 568870
   4122, 568946
   4123, 569030
   4124, 569102
   4125, 569174
   4126, 569246
   4127, 569321
   4128, 569393
   4129, 569465
   4130, 569538
   4131, 569611
   4132, 569692
   4133, 569774
   4134, 569846
   4135, 569918
   4136, 569990
   4137, 570062
   4138, 570137
   4139, 570209
   4140, 570281
   4141, 570367
   4142, 570439
   4143, 570512
   4144, 570592
   4145, 570676
   4146, 570748
   4147, 570820
   4148, 570893
   4149, 570966
   4150, 571038
   4151, 571111
   4152, 571183
   4153, 571256
   4154, 571328
   4155, 571400
   4156, 571481
   4157, 571553
   4158, 571625
   4159, 571709
   4160, 571781
   4161, 571853
   4162, 571925
   4163, 572008
   4164, 572081
   4165, 572154
   4166, 572233
   4167, 572307
   4168, 572381
   4169, 572453
   4170, 572537
   4171, 572610
   4172, 572682
   4173, 572765
   4174, 572837
   4175, 572909
   4176, 572981
   4177, 573060
   4178, 573132
   4179, 573207
   4180, 573287
   4181, 573359
   4182, 573431
   4183, 573506
   4184, 573590
   4185, 573666
   4186, 573738
   4187, 573814
   4188, 573886
   4189, 573959
   4190, 574031
   4191, 574112
   4192, 574185
   4193, 574257
   4194, 574339
   4195, 574411
   4196, 574509
   4197, 574611
   4198, 574686
   4199, 574758
   4200, 574830
   4201, 574904
   4202, 574976
   4203, 575048
   4204, 575130
   4205, 575202
   4206, 575274
   4207, 575346
   4208, 575427
   4209, 575499
   4210, 575574
   4211, 575657
   4212, 575730
   4213, 575802
   4214, 575874
   4215, 575956
   4216, 576032
   4217, 576104
   4218, 576177
   4219, 576249
   4220, 576321
   4221, 576393
   4222, 576468
   4223, 576540
   4224, 576612
   4225, 576692
   4226, 576764
   4227, 576836
   4228, 576909
   4229, 576994
   4230, 577066
   4231, 577138
   4232, 577213
   4233, 577287
   4234, 577359
   4235, 577431
   4236, 577506
   4237, 577583
   4238, 577656
   4239, 577739
   4240, 577811
   4241, 577883
   4242, 577955
   4243, 578035
   4244, 578109
   4245, 578181
   4246, 578256
   4247, 578328
   4248, 578400
   4249, 578473
   4250, 578555
   4251, 578627
   4252, 578700
   4253, 578785
   4254, 578857
   4255, 578929
   4256, 579001
   4257, 579083
   4258, 579156
   4259, 579228
   4260, 579313
   4261, 579385
   4262, 579457
   4263, 579531
   4264, 579616
   4265, 579691
   4266, 579764
   4267, 579839
   4268, 579913
   4269, 579985
   4270, 580057
   4271, 580129
   4272, 580201
   4273, 580273
   4274, 580345
   4275, 580417
   4276, 580490
   4277, 580564
   4278, 580647
   4279, 580720
   4280, 580792
   4281, 580864
   4282, 580945
   4283, 581017
   4284, 581090
   4285, 581180
   4286, 581253
   4287, 581326
   4288, 581398
   4289, 581471
   4290, 581543
   4291, 581615
   4292, 581691
   4293, 581763
   4294, 581835
   4295, 581907
   4296, 581993
   4297, 582066
   4298, 582142
   4299, 582218
   4300, 582291
   4301, 582365
   4302, 582437
   4303, 582509
   4304, 582581
   4305, 582653
   4306, 582738
   4307, 582812
   4308, 582885
   4309, 582957
   4310, 583034
   4311, 583106
   4312, 583178
   4313, 583261
   4314, 583334
   4315, 583406
   4316, 583479
   4317, 583562
   4318, 583635
   4319, 583707
   4320, 583800
   4321, 583873
   4322, 583946
   4323, 584018
   4324, 584090
   4325, 584163
   4326, 584235
   4327, 584317
   4328, 584389
   4329, 584463
   4330, 584535
   4331, 584607
   4332, 584679
   4333, 584751
   4334, 584827
   4335, 584901
   4336, 584974
   4337, 585046
   4338, 585118
   4339, 585194
   4340, 585266
   4341, 585338
   4342, 585412
   4343, 585484
   4344, 585556
   4345, 585636
   4346, 585710
   4347, 585782
   4348, 585854
   4349, 585926
   4350, 585998
   4351, 586070
   4352, 586143
   4353, 586215
   4354, 586288
   4355, 586371
   4356, 586444
   4357, 586516
   4358, 586588
   4359, 586664
   4360, 586742
   4361, 586814
   4362, 586886
   4363, 586960
   4364, 587032
   4365, 587104
   4366, 587177
   4367, 587249
   4368, 587321
   4369, 587401
   4370, 587475
   4371, 587547
   4372, 587619
   4373, 587699
   4374, 587775
   4375, 587848
   4376, 587925
   4377, 587998
   4378, 588070
   4379, 588149
   4380, 588221
   4381, 588295
   4382, 588368
   4383, 588448
   4384, 588520
   4385, 588593
   4386, 588665
   4387, 588742
   4388, 588814
   4389, 588886
   4390, 588960
   4391, 589034
   4392, 589108
   4393, 589183
   4394, 589255
   4395, 589328
   4396, 589403
   4397, 589475
   4398, 589547
   4399, 589619
   4400, 589697
   4401, 589772
   4402, 589860
   4403, 589934
   4404, 590006
   4405, 590079
   4406, 590153
   4407, 590227
   4408, 590300
   4409, 590372
   4410, 590452
   4411, 590537
   4412, 590609
   4413, 590693
   4414, 590765
   4415, 590837
   4416, 590909
   4417, 590981
   4418, 591056
   4419, 591129
   4420, 591213
   4421, 591299
   4422, 591372
   4423, 591452
   4424, 591524
   4425, 591596
   4426, 591668
   4427, 591740
   4428, 591812
   4429, 591884
   4430, 591959
   4431, 592033
   4432, 592105
   4433, 592177
   4434, 592259
   4435, 592332
   4436, 592404
   4437, 592476
   4438, 592557
   4439, 592630
   4440, 592702
   4441, 592779
   4442, 592851
   4443, 592924
   4444, 592996
   4445, 593068
   4446, 593144
   4447, 593216
   4448, 593290
   4449, 593362
   4450, 593435
   4451, 593516
   4452, 593588
   4453, 593661
   4454, 593733
   4455, 593805
   4456, 593877
   4457, 593949
   4458, 594022
   4459, 594098
   4460, 594174
   4461, 594248
   4462, 594322
   4463, 594395
   4464, 594467
   4465, 594550
   4466, 594622
   4467, 594694
   4468, 594766
   4469, 594838
   4470, 594911
   4471, 594984
   4472, 595065
   4473, 595137
   4474, 595209
   4475, 595281
   4476, 595354
   4477, 595427
   4478, 595499
   4479, 595573
   4480, 595646
   4481, 595718
   4482, 595790
   4483, 595866
   4484, 595940
   4485, 596013
   4486, 596086
   4487, 596158
   4488, 596230
   4489, 596302
   4490, 596382
   4491, 596457
   4492, 596530
   4493, 596606
   4494, 596678
   4495, 596750
   4496, 596822
   4497, 596901
   4498, 596974
   4499, 597047
   4500, 597127
   4501, 597199
   4502, 597273
   4503, 597345
   4504, 597424
   4505, 597505
   4506, 597577
   4507, 597649
   4508, 597722
   4509, 597794
   4510, 597867
   4511, 597941
   4512, 598018
   4513, 598091
   4514, 598163
   4515, 598235
   4516, 598310
   4517, 598382
   4518, 598460
   4519, 598533
   4520, 598605
   4521, 598688
   4522, 598760
   4523, 598835
   4524, 598907
   4525, 598979
   4526, 599052
   4527, 599125
   4528, 599197
   4529, 599269
   4530, 599341
   4531, 599414
   4532, 599497
   4533, 599569
   4534, 599645
   4535, 599717
   4536, 599790
   4537, 599863
   4538, 599935
   4539, 600008
   4540, 600085
   4541, 600157
   4542, 600229
   4543, 600302
   4544, 600379
   4545, 600457
   4546, 600529
   4547, 600601
   4548, 600676
   4549, 600748
   4550, 600820
   4551, 600893
   4552, 600965
   4553, 601037
   4554, 601118
   4555, 601193
   4556, 601266
   4557, 601339
   4558, 601411
   4559, 601483
   4560, 601555
   4561, 601627
   4562, 601699
   4563, 601771
   4564, 601843
   4565, 601920
   4566, 601992
   4567, 602068
   4568, 602140
   4569, 602221
   4570, 602293
   4571, 602365
   4572, 602439
   4573, 602512
   4574, 602584
   4575, 602657
   4576, 602729
   4577, 602802
   4578, 602875
   4579, 602947
   4580, 603019
   4581, 603091
   4582, 603170
   4583, 603243
   4584, 603327
   4585, 603401
   4586, 603473
   4587, 603546
   4588, 603618
   4589, 603690
   4590, 603762
   4591, 603842
   4592, 603918
   4593, 603990
   4594, 604062
   4595, 604134
   4596, 604206
   4597, 604278
   4598, 604350
   4599, 604422
   4600, 604495
   4601, 604571
   4602, 604644
   4603, 604719
   4604, 604791
   4605, 604863
   4606, 604936
   4607, 605008
   4608, 605096
   4609, 605169
   4610, 605247
   4611, 605319
   4612, 605392
   4613, 605464
   4614, 605536
   4615, 605612
   4616, 605685
   4617, 605763
   4618, 605835
   4619, 605912
   4620, 605984
   4621, 606058
   4622, 606141
   4623, 606213
   4624, 606286
   4625, 606358
   4626, 606431
   4627, 606503
   4628, 606575
   4629, 606655
   4630, 606727
   4631, 606799
   4632, 606871
   4633, 606950
   4634, 607022
   4635, 607096
   4636, 607176
   4637, 607249
   4638, 607322
   4639, 607394
   4640, 607466
   4641, 607544
   4642, 607616
   4643, 607689
   4644, 607761
   4645, 607834
   4646, 607906
   4647, 607984
   4648, 608058
   4649, 608131
   4650, 608203
   4651, 608275
   4652, 608347
   4653, 608419
   4654, 608491
   4655, 608563
   4656, 608640
   4657, 608712
   4658, 608784
   4659, 608856
   4660, 608928
   4661, 609002
   4662, 609077
   4663, 609155
   4664, 609228
   4665, 609300
   4666, 609372
   4667, 609444
   4668, 609517
   4669, 609590
   4670, 609663
   4671, 609740
   4672, 609813
   4673, 609885
   4674, 609957
   4675, 610039
   4676, 610112
   4677, 610186
   4678, 610267
   4679, 610339
   4680, 610412
   4681, 610484
   4682, 610561
   4683, 610633
   4684, 610710
   4685, 610786
   4686, 610861
   4687, 610933
   4688, 611005
   4689, 611077
   4690, 611149
   4691, 611224
   4692, 611308
   4693, 611382
   4694, 611455
   4695, 611527
   4696, 611611
   4697, 611684
   4698, 611756
   4699, 611829
   4700, 611901
   4701, 611973
   4702, 612045
   4703, 612125
   4704, 612198
   4705, 612271
   4706, 612355
   4707, 612427
   4708, 612499
   4709, 612571
   4710, 612649
   4711, 612726
   4712, 612801
   4713, 612873
   4714, 612945
   4715, 613018
   4716, 613090
   4717, 613166
   4718, 613252
   4719, 613329
   4720, 613404
   4721, 613476
   4722, 613550
   4723, 613629
   4724, 613701
   4725, 613775
   4726, 613851
   4727, 613924
   4728, 614000
   4729, 614073
   4730, 614146
   4731, 614218
   4732, 614290
   4733, 614362
   4734, 614434
   4735, 614506
   4736, 614578
   4737, 614650
   4738, 614730
   4739, 614803
   4740, 614875
   4741, 614947
   4742, 615021
   4743, 615093
   4744, 615165
   4745, 615239
   4746, 615312
   4747, 615384
   4748, 615459
   4749, 615531
   4750, 615610
   4751, 615682
   4752, 615755
   4753, 615827
   4754, 615900
   4755, 615974
   4756, 616046
   4757, 616118
   4758, 616190
   4759, 616266
   4760, 616342
   4761, 616414
   4762, 616493
   4763, 616570
   4764, 616645
   4765, 616717
   4766, 616789
   4767, 616861
   4768, 616933
   4769, 617005
   4770, 617077
   4771, 617149
   4772, 617221
   4773, 617302
   4774, 617375
   4775, 617449
   4776, 617521
   4777, 617593
   4778, 617665
   4779, 617737
   4780, 617809
   4781, 617881
   4782, 617953
   4783, 618034
   4784, 618107
   4785, 618179
   4786, 618251
   4787, 618324
   4788, 618408
   4789, 618482
   4790, 618559
   4791, 618631
   4792, 618703
   4793, 618781
   4794, 618853
   4795, 618926
   4796, 618999
   4797, 619076
   4798, 619148
   4799, 619223
   4800, 619308
   4801, 619380
   4802, 619452
   4803, 619524
   4804, 619598
   4805, 619670
   4806, 619742
   4807, 619820
   4808, 619895
   4809, 619967
   4810, 620039
   4811, 620121
   4812, 620197
   4813, 620269
   4814, 620341
   4815, 620413
   4816, 620485
   4817, 620557
   4818, 620631
   4819, 620703
   4820, 620775
   4821, 620856
   4822, 620928
   4823, 621000
   4824, 621072
   4825, 621149
   4826, 621221
   4827, 621294
   4828, 621366
   4829, 621438
   4830, 621510
   4831, 621582
   4832, 621660
   4833, 621736
   4834, 621808
   4835, 621880
   4836, 621952
   4837, 622024
   4838, 622096
   4839, 622168
   4840, 622240
   4841, 622312
   4842, 622395
   4843, 622467
   4844, 622539
   4845, 622611
   4846, 622689
   4847, 622766
   4848, 622838
   4849, 622910
   4850, 622982
   4851, 623054
   4852, 623127
   4853, 623211
   4854, 623286
   4855, 623363
   4856, 623443
   4857, 623515
   4858, 623587
   4859, 623659
   4860, 623735
   4861, 623815
   4862, 623894
   4863, 623966
   4864, 624038
   4865, 624110
   4866, 624182
   4867, 624261
   4868, 624339
   4869, 624411
   4870, 624492
   4871, 624565
   4872, 624637
   4873, 624710
   4874, 624788
   4875, 624860
   4876, 624932
   4877, 625015
   4878, 625087
   4879, 625159
   4880, 625231
   4881, 625312
   4882, 625384
   4883, 625458
   4884, 625537
   4885, 625609
   4886, 625683
   4887, 625755
   4888, 625827
   4889, 625899
   4890, 625971
   4891, 626053
   4892, 626127
   4893, 626200
   4894, 626272
   4895, 626345
   4896, 626429
   4897, 626506
   4898, 626583
   4899, 626655
   4900, 626728
   4901, 626800
   4902, 626872
   4903, 626948
   4904, 627022
   4905, 627094
   4906, 627168
   4907, 627243
   4908, 627315
   4909, 627390
   4910, 627462
   4911, 627535
   4912, 627619
   4913, 627691
   4914, 627763
   4915, 627835
   4916, 627915
   4917, 627989
   4918, 628062
   4919, 628139
   4920, 628215
   4921, 628287
   4922, 628359
   4923, 628435
   4924, 628507
   4925, 628579
   4926, 628661
   4927, 628733
   4928, 628805
   4929, 628877
   4930, 628960
   4931, 629032
   4932, 629105
   4933, 629178
   4934, 629250
   4935, 629322
   4936, 629394
   4937, 629473
   4938, 629545
   4939, 629617
   4940, 629699
   4941, 629771
   4942, 629844
   4943, 629917
   4944, 629992
   4945, 630066
   4946, 630140
   4947, 630214
   4948, 630286
   4949, 630358
   4950, 630430
   4951, 630508
   4952, 630581
   4953, 630655
   4954, 630728
   4955, 630802
   4956, 630874
   4957, 630946
   4958, 631027
   4959, 631099
   4960, 631175
   4961, 631252
   4962, 631325
   4963, 631398
   4964, 631470
   4965, 631545
   4966, 631618
   4967, 631694
   4968, 631780
   4969, 631852
   4970, 631925
   4971, 631997
   4972, 632076
   4973, 632148
   4974, 632226
   4975, 632300
   4976, 632372
   4977, 632444
   4978, 632516
   4979, 632589
   4980, 632663
   4981, 632742
   4982, 632815
   4983, 632887
   4984, 632960
   4985, 633032
   4986, 633104
   4987, 633176
   4988, 633248
   4989, 633320
   4990, 633392
   4991, 633464
   4992, 633536
   4993, 633611
   4994, 633690
   4995, 633762
   4996, 633838
   4997, 633910
   4998, 633982
   4999, 634054
   5000, 634134
   5001, 634206
   5002, 634278
   5003, 634355
   5004, 634427
   5005, 634499
   5006, 634571
   5007, 634651
   5008, 634723
   5009, 634795
   5010, 634872
   5011, 634944
   5012, 635022
   5013, 635094
   5014, 635168
   5015, 635241
   5016, 635316
   5017, 635388
   5018, 635466
   5019, 635539
   5020, 635611
   5021, 635695
   5022, 635767
   5023, 635839
   5024, 635924
   5025, 635997
   5026, 636069
   5027, 636143
   5028, 636216
   5029, 636288
   5030, 636361
   5031, 636437
   5032, 636509
   5033, 636583
   5034, 636656
   5035, 636728
   5036, 636800
   5037, 636872
   5038, 636944
   5039, 637018
   5040, 637090
   5041, 637162
   5042, 637245
   5043, 637318
   5044, 637390
   5045, 637462
   5046, 637545
   5047, 637617
   5048, 637689
   5049, 637767
   5050, 637842
   5051, 637917
   5052, 637989
   5053, 638062
   5054, 638134
   5055, 638207
   5056, 638286
   5057, 638361
   5058, 638433
   5059, 638505
   5060, 638578
   5061, 638651
   5062, 638724
   5063, 638799
   5064, 638871
   5065, 638943
   5066, 639016
   5067, 639090
   5068, 639165
   5069, 639237
   5070, 639310
   5071, 639382
   5072, 639455
   5073, 639527
   5074, 639599
   5075, 639671
   5076, 639745
   5077, 639837
   5078, 639909
   5079, 639981
   5080, 640053
   5081, 640130
   5082, 640206
   5083, 640281
   5084, 640361
   5085, 640435
   5086, 640507
   5087, 640579
   5088, 640651
   5089, 640728
   5090, 640800
   5091, 640882
   5092, 640955
   5093, 641027
   5094, 641099
   5095, 641181
   5096, 641253
   5097, 641325
   5098, 641400
   5099, 641472
   5100, 641544
   5101, 641616
   5102, 641700
   5103, 641773
   5104, 641845
   5105, 641923
   5106, 641995
   5107, 642069
   5108, 642141
   5109, 642217
   5110, 642289
   5111, 642361
   5112, 642434
   5113, 642506
   5114, 642582
   5115, 642659
   5116, 642731
   5117, 642803
   5118, 642875
   5119, 642948
   5120, 643020
   5121, 643092
   5122, 643168
   5123, 643241
   5124, 643313
   5125, 643385
   5126, 643457
   5127, 643531
   5128, 643604
   5129, 643676
   5130, 643754
   5131, 643826
   5132, 643898
   5133, 643970
   5134, 644058
   5135, 644135
   5136, 644207
   5137, 644279
   5138, 644351
   5139, 644424
   5140, 644496
   5141, 644581
   5142, 644655
   5143, 644727
   5144, 644807
   5145, 644881
   5146, 644953
   5147, 645025
   5148, 645097
   5149, 645172
   5150, 645254
   5151, 645326
   5152, 645398
   5153, 645470
   5154, 645542
   5155, 645614
   5156, 645686
   5157, 645758
   5158, 645832
   5159, 645904
   5160, 645977
   5161, 646049
   5162, 646131
   5163, 646206
   5164, 646285
   5165, 646360
   5166, 646432
   5167, 646504
   5168, 646576
   5169, 646648
   5170, 646721
   5171, 646793
   5172, 646865
   5173, 646937
   5174, 647010
   5175, 647082
   5176, 647156
   5177, 647232
   5178, 647307
   5179, 647381
   5180, 647453
   5181, 647526
   5182, 647598
   5183, 647670
   5184, 647742
   5185, 647824
   5186, 647898
   5187, 647970
   5188, 648042
   5189, 648114
   5190, 648186
   5191, 648266
   5192, 648338
   5193, 648410
   5194, 648482
   5195, 648554
   5196, 648626
   5197, 648706
   5198, 648783
   5199, 648855
   5200, 648938
   5201, 649010
   5202, 649082
   5203, 649155
   5204, 649233
   5205, 649307
   5206, 649379
   5207, 649451
   5208, 649525
   5209, 649597
   5210, 649670
   5211, 649743
   5212, 649816
   5213, 649892
   5214, 649964
