      0,   1119
      1,   1364
      2,   1526
      3,   1791
      4,   1949
      5,   2201
      6,   2366
      7,   2634
      8,   2791
      9,   3060
     10,   3218
     11,   3483
     12,   3641
     13,   3917
     14,   4069
     15,   4336
     16,   4494
     17,   4756
     18,   4913
     19,   5191
     20,   5357
     21,   5621
     22,   5779
     23,   6051
     24,   6219
     25,   6503
     26,   6666
     27,   6984
     28,   7099
     29,   7386
     30,   7546
     31,   7819
     32,   7981
     33,   8276
     34,   8433
     35,   8718
     36,   8875
     37,   9163
     38,   9323
     39,   9604
     40,   9761
     41,  10037
     42,  10195
     43,  10475
     44,  10632
     45,  10882
     46,  11048
     47,  11303
     48,  11461
     49,  11717
     50,  11877
     51,  12180
     52,  12294
     53,  12623
     54,  12733
     55,  13020
     56,  13176
     57,  13460
     58,  13617
     59,  13906
     60,  14070
     61,  14342
     62,  14504
     63,  14794
     64,  14962
     65,  15230
     66,  15393
     67,  15669
     68,  15834
     69,  16104
     70,  16268
     71,  16538
     72,  16700
     73,  16979
     74,  17138
     75,  17408
     76,  17567
     77,  17845
     78,  18008
     79,  18300
     80,  18458
     81,  18732
     82,  18890
     83,  19178
     84,  19342
     85,  19620
     86,  19787
     87,  20064
     88,  20222
     89,  20495
     90,  20664
     91,  20940
     92,  21102
     93,  21376
     94,  21538
     95,  21857
     96,  21972
     97,  22251
     98,  22417
     99,  22694
    100,  22849
    101,  23126
    102,  23289
    103,  23569
    104,  23732
    105,  24004
    106,  24165
    107,  24440
    108,  24603
    109,  24856
    110,  25021
    111,  25286
    112,  25454
    113,  25710
    114,  25873
    115,  26127
    116,  26291
    117,  26568
    118,  26728
    119,  26994
    120,  27148
    121,  27423
    122,  27585
    123,  27847
    124,  28008
    125,  28289
    126,  28456
    127,  28732
    128,  28891
    129,  29157
    130,  29324
    131,  29598
    132,  29764
    133,  30005
    134,  30172
    135,  30440
    136,  30603
    137,  30862
    138,  31027
    139,  31304
    140,  31460
    141,  31786
    142,  31901
    143,  32231
    144,  32345
    145,  32636
    146,  32799
    147,  33118
    148,  33233
    149,  33521
    150,  33681
    151,  33957
    152,  34123
    153,  34404
    154,  34568
    155,  34833
    156,  35003
    157,  35329
    158,  35450
    159,  35714
    160,  35877
    161,  36141
    162,  36304
    163,  36583
    164,  36746
    165,  37026
    166,  37185
    167,  37460
    168,  37618
    169,  37894
    170,  38059
    171,  38327
    172,  38486
    173,  38754
    174,  38915
    175,  39177
    176,  39335
    177,  39611
    178,  39778
    179,  40040
    180,  40200
    181,  40475
    182,  40639
    183,  40910
    184,  41074
    185,  41391
    186,  41508
    187,  41785
    188,  41947
    189,  42205
    190,  42370
    191,  42647
    192,  42805
    193,  43069
    194,  43233
    195,  43496
    196,  43658
    197,  43921
    198,  44085
    199,  44339
    200,  44503
    201,  44763
    202,  44928
    203,  45186
    204,  45348
    205,  45618
    206,  45781
    207,  46046
    208,  46208
    209,  46478
    210,  46640
    211,  46922
    212,  47079
    213,  47353
    214,  47512
    215,  47779
    216,  47942
    217,  48214
    218,  48379
    219,  48689
    220,  48805
    221,  49083
    222,  49254
    223,  49526
    224,  49691
    225,  49960
    226,  50127
    227,  50391
    228,  50554
    229,  50819
    230,  50980
    231,  51256
    232,  51414
    233,  51676
    234,  51835
    235,  52106
    236,  52268
    237,  52528
    238,  52694
    239,  52939
    240,  53101
    241,  53369
    242,  53534
    243,  53791
    244,  53958
    245,  54222
    246,  54386
    247,  54653
    248,  54812
    249,  55079
    250,  55243
    251,  55516
    252,  55672
    253,  55940
    254,  56103
    255,  56359
    256,  56522
    257,  56779
    258,  56947
    259,  57198
    260,  57358
    261,  57617
    262,  57783
    263,  58053
    264,  58217
    265,  58494
    266,  58651
    267,  58953
    268,  59116
    269,  59395
    270,  59562
    271,  59853
    272,  60012
    273,  60295
    274,  60455
    275,  60739
    276,  60905
    277,  61193
    278,  61354
    279,  61631
    280,  61798
    281,  62084
    282,  62251
    283,  62518
    284,  62686
    285,  62964
    286,  63129
    287,  63391
    288,  63557
    289,  63824
    290,  63985
    291,  64257
    292,  64413
    293,  64671
    294,  64832
    295,  65138
    296,  65256
    297,  65517
    298,  65684
    299,  65976
    300,  66095
    301,  66353
    302,  66522
    303,  66820
    304,  66937
    305,  67207
    306,  67368
    307,  67622
    308,  67785
    309,  68094
    310,  68210
    311,  68482
    312,  68642
    313,  68892
    314,  69052
    315,  69366
    316,  69483
    317,  69745
    318,  69910
    319,  70217
    320,  70337
    321,  70610
    322,  70774
    323,  71028
    324,  71193
    325,  71463
    326,  71627
    327,  71880
    328,  72039
    329,  72315
    330,  72477
    331,  72746
    332,  72903
    333,  73168
    334,  73333
    335,  73608
    336,  73769
    337,  74032
    338,  74203
    339,  74475
    340,  74633
    341,  74907
    342,  75074
    343,  75328
    344,  75494
    345,  75757
    346,  75919
    347,  76175
    348,  76334
    349,  76590
    350,  76754
    351,  77020
    352,  77184
    353,  77432
    354,  77593
    355,  77849
    356,  78016
    357,  78270
    358,  78436
    359,  78679
    360,  78844
    361,  79097
    362,  79262
    363,  79504
    364,  79670
    365,  79924
    366,  80086
    367,  80335
    368,  80496
    369,  80748
    370,  80912
    371,  81224
    372,  81340
    373,  81596
    374,  81761
    375,  82025
    376,  82189
    377,  82446
    378,  82615
    379,  82880
    380,  83045
    381,  83302
    382,  83468
    383,  83730
    384,  83894
    385,  84162
    386,  84320
    387,  84625
    388,  84741
    389,  84999
    390,  85159
    391,  85419
    392,  85585
    393,  85834
    394,  85997
    395,  86255
    396,  86425
    397,  86723
    398,  86841
    399,  87110
    400,  87270
    401,  87545
    402,  87707
    403,  87974
    404,  88137
    405,  88420
    406,  88581
    407,  88846
    408,  89010
    409,  89286
    410,  89452
    411,  89720
    412,  89885
    413,  90143
    414,  90313
    415,  90636
    416,  90754
    417,  91019
    418,  91186
    419,  91505
    420,  91624
    421,  91887
    422,  92051
    423,  92334
    424,  92497
    425,  92772
    426,  92935
    427,  93217
    428,  93382
    429,  93650
    430,  93816
    431,  94100
    432,  94259
    433,  94526
    434,  94690
    435,  94954
    436,  95122
    437,  95388
    438,  95555
    439,  95807
    440,  95972
    441,  96238
    442,  96401
    443,  96659
    444,  96825
    445,  97131
    446,  97249
    447,  97511
    448,  97676
    449,  97928
    450,  98091
    451,  98354
    452,  98518
    453,  98772
    454,  98938
    455,  99190
    456,  99354
    457,  99623
    458,  99787
    459, 100058
    460, 100218
    461, 100489
    462, 100652
    463, 100933
    464, 101094
    465, 101368
    466, 101530
    467, 101811
    468, 101976
    469, 102231
    470, 102394
    471, 102662
    472, 102828
    473, 103135
    474, 103253
    475, 103506
    476, 103673
    477, 103938
    478, 104101
    479, 104357
    480, 104516
    481, 104788
    482, 104947
    483, 105221
    484, 105387
    485, 105651
    486, 105816
    487, 106084
    488, 106249
    489, 106506
    490, 106675
    491, 106938
    492, 107106
    493, 107366
    494, 107534
    495, 107793
    496, 107955
    497, 108219
    498, 108384
    499, 108649
    500, 108810
    501, 109070
    502, 109231
    503, 109505
    504, 109671
    505, 109926
    506, 110090
    507, 110356
    508, 110524
    509, 110776
    510, 110940
    511, 111198
    512, 111367
    513, 111626
    514, 111787
    515, 112041
    516, 112205
    517, 112469
    518, 112628
    519, 112882
    520, 113042
    521, 113351
    522, 113466
    523, 113728
    524, 113891
    525, 114150
    526, 114317
    527, 114586
    528, 114752
    529, 115004
    530, 115174
    531, 115427
    532, 115595
    533, 115851
    534, 116011
    535, 116263
    536, 116424
    537, 116681
    538, 116841
    539, 117104
    540, 117269
    541, 117524
    542, 117683
    543, 117944
    544, 118114
    545, 118364
    546, 118529
    547, 118787
    548, 118955
    549, 119210
    550, 119373
    551, 119678
    552, 119797
    553, 120060
    554, 120221
    555, 120475
    556, 120635
    557, 120950
    558, 121065
    559, 121358
    560, 121475
    561, 121726
    562, 121893
    563, 122143
    564, 122306
    565, 122555
    566, 122720
    567, 123027
    568, 123144
    569, 123398
    570, 123561
    571, 123827
    572, 123988
    573, 124250
    574, 124409
    575, 124711
    576, 124826
    577, 125087
    578, 125248
    579, 125505
    580, 125673
    581, 125930
    582, 126089
    583, 126350
    584, 126519
    585, 126775
    586, 126937
    587, 127200
    588, 127359
    589, 127619
    590, 127779
    591, 128028
    592, 128194
    593, 128450
    594, 128618
    595, 128868
    596, 129027
    597, 129279
    598, 129448
    599, 129696
    600, 129857
    601, 130106
    602, 130267
    603, 130528
    604, 130691
    605, 130989
    606, 131108
    607, 131380
    608, 131538
    609, 131806
    610, 131969
    611, 132234
    612, 132393
    613, 132657
    614, 132822
    615, 133064
    616, 133229
    617, 133532
    618, 133648
    619, 133895
    620, 134056
    621, 134309
    622, 134472
    623, 134737
    624, 134896
    625, 135201
    626, 135319
    627, 135592
    628, 135753
    629, 136019
    630, 136187
    631, 136457
    632, 136620
    633, 136893
    634, 137060
    635, 137314
    636, 137474
    637, 137742
    638, 137907
    639, 138186
    640, 138343
    641, 138617
    642, 138774
    643, 139054
    644, 139217
    645, 139481
    646, 139645
    647, 139968
    648, 140086
    649, 140360
    650, 140525
    651, 140784
    652, 140952
    653, 141235
    654, 141395
    655, 141664
    656, 141825
    657, 142090
    658, 142255
    659, 142508
    660, 142672
    661, 142928
    662, 143092
    663, 143354
    664, 143514
    665, 143769
    666, 143937
    667, 144199
    668, 144366
    669, 144623
    670, 144791
    671, 145065
    672, 145229
    673, 145500
    674, 145666
    675, 145952
    676, 146110
    677, 146386
    678, 146552
    679, 146821
    680, 146982
    681, 147257
    682, 147417
    683, 147692
    684, 147855
    685, 148113
    686, 148272
    687, 148533
    688, 148701
    689, 148957
    690, 149120
    691, 149387
    692, 149554
    693, 149829
    694, 149991
    695, 150262
    696, 150421
    697, 150708
    698, 150871
    699, 151139
    700, 151296
    701, 151575
    702, 151739
    703, 152006
    704, 152169
    705, 152438
    706, 152603
    707, 152879
    708, 153045
    709, 153310
    710, 153476
    711, 153743
    712, 153908
    713, 154186
    714, 154353
    715, 154613
    716, 154775
    717, 155041
    718, 155208
    719, 155466
    720, 155628
    721, 155886
    722, 156045
    723, 156318
    724, 156480
    725, 156732
    726, 156896
    727, 157164
    728, 157327
    729, 157581
    730, 157744
    731, 158008
    732, 158177
    733, 158444
    734, 158609
    735, 158910
    736, 159028
    737, 159298
    738, 159460
    739, 159719
    740, 159879
    741, 160154
    742, 160313
    743, 160576
    744, 160739
    745, 161005
    746, 161168
    747, 161434
    748, 161591
    749, 161889
    750, 162009
    751, 162270
    752, 162432
    753, 162687
    754, 162854
    755, 163111
    756, 163274
    757, 163538
    758, 163702
    759, 163959
    760, 164117
    761, 164379
    762, 164534
    763, 164790
    764, 164950
    765, 165246
    766, 165363
    767, 165630
    768, 165796
    769, 166049
    770, 166213
    771, 166477
    772, 166645
    773, 166914
    774, 167076
    775, 167342
    776, 167504
    777, 167767
    778, 167932
    779, 168198
    780, 168360
    781, 168632
    782, 168793
    783, 169042
    784, 169204
    785, 169464
    786, 169630
    787, 169881
    788, 170045
    789, 170340
    790, 170461
    791, 170720
    792, 170884
    793, 171143
    794, 171308
    795, 171620
    796, 171736
    797, 171994
    798, 172150
    799, 172425
    800, 172587
    801, 172848
    802, 173007
    803, 173305
    804, 173421
    805, 173683
    806, 173844
    807, 174102
    808, 174270
    809, 174538
    810, 174703
    811, 174966
    812, 175133
    813, 175404
    814, 175568
    815, 175840
    816, 175998
    817, 176256
    818, 176418
    819, 176675
    820, 176839
    821, 177087
    822, 177252
    823, 177504
    824, 177668
    825, 177917
    826, 178083
    827, 178331
    828, 178495
    829, 178754
    830, 178913
    831, 179222
    832, 179338
    833, 179614
    834, 179771
    835, 180036
    836, 180200
    837, 180466
    838, 180626
    839, 180888
    840, 181056
    841, 181332
    842, 181496
    843, 181764
    844, 181929
    845, 182208
    846, 182372
    847, 182649
    848, 182812
    849, 183095
    850, 183259
    851, 183539
    852, 183698
    853, 183983
    854, 184142
    855, 184420
    856, 184582
    857, 184848
    858, 185008
    859, 185282
    860, 185447
    861, 185713
    862, 185880
    863, 186149
    864, 186312
    865, 186575
    866, 186745
    867, 187009
    868, 187174
    869, 187431
    870, 187594
    871, 187849
    872, 188009
    873, 188271
    874, 188435
    875, 188699
    876, 188861
    877, 189108
    878, 189267
    879, 189524
    880, 189693
    881, 189932
    882, 190096
    883, 190347
    884, 190508
    885, 190756
    886, 190918
    887, 191165
    888, 191329
    889, 191593
    890, 191752
    891, 192004
    892, 192165
    893, 192427
    894, 192593
    895, 192851
    896, 193018
    897, 193264
    898, 193431
    899, 193690
    900, 193854
    901, 194115
    902, 194275
    903, 194544
    904, 194705
    905, 194958
    906, 195117
    907, 195391
    908, 195555
    909, 195819
    910, 195977
    911, 196227
    912, 196394
    913, 196653
    914, 196817
    915, 197123
    916, 197244
    917, 197512
    918, 197674
    919, 197937
    920, 198102
    921, 198377
    922, 198534
    923, 198799
    924, 198957
    925, 199233
    926, 199393
    927, 199666
    928, 199830
    929, 200094
    930, 200257
    931, 200528
    932, 200689
    933, 200957
    934, 201123
    935, 201391
    936, 201558
    937, 201821
    938, 201988
    939, 202247
    940, 202411
    941, 202678
    942, 202842
    943, 203102
    944, 203264
    945, 203571
    946, 203686
    947, 203948
    948, 204112
    949, 204369
    950, 204527
    951, 204782
    952, 204945
    953, 205201
    954, 205366
    955, 205619
    956, 205787
    957, 206039
    958, 206195
    959, 206445
    960, 206610
    961, 206865
    962, 207023
    963, 207326
    964, 207440
    965, 207749
    966, 207864
    967, 208122
    968, 208282
    969, 208560
    970, 208724
    971, 208980
    972, 209143
    973, 209413
    974, 209582
    975, 209856
    976, 210020
    977, 210288
    978, 210452
    979, 210723
    980, 210887
    981, 211144
    982, 211309
    983, 211577
    984, 211739
    985, 212007
    986, 212170
    987, 212442
    988, 212606
    989, 212886
    990, 213050
    991, 213312
    992, 213480
    993, 213751
    994, 213917
    995, 214233
    996, 214354
    997, 214635
    998, 214797
    999, 215066
   1000, 215235
   1001, 215502
   1002, 215665
   1003, 215934
   1004, 216092
   1005, 216353
   1006, 216516
   1007, 216783
   1008, 216947
   1009, 217208
   1010, 217373
   1011, 217634
   1012, 217794
   1013, 218064
   1014, 218232
   1015, 218495
   1016, 218657
   1017, 218922
   1018, 219087
   1019, 219349
   1020, 219510
   1021, 219779
   1022, 219942
   1023, 220212
   1024, 220375
   1025, 220628
   1026, 220792
   1027, 221058
   1028, 221226
   1029, 221480
   1030, 221645
   1031, 221901
   1032, 222067
   1033, 222328
   1034, 222492
   1035, 222752
   1036, 222920
   1037, 223191
   1038, 223353
   1039, 223604
   1040, 223768
   1041, 224046
   1042, 224207
   1043, 224509
   1044, 224623
   1045, 224882
   1046, 225045
   1047, 225311
   1048, 225476
   1049, 225742
   1050, 225909
   1051, 226177
   1052, 226340
   1053, 226601
   1054, 226769
   1055, 227038
   1056, 227203
   1057, 227479
   1058, 227641
   1059, 227943
   1060, 228062
   1061, 228324
   1062, 228488
   1063, 228752
   1064, 228918
   1065, 229179
   1066, 229338
   1067, 229605
   1068, 229774
   1069, 230038
   1070, 230202
   1071, 230470
   1072, 230636
   1073, 230909
   1074, 231071
   1075, 231322
   1076, 231489
   1077, 231743
   1078, 231904
   1079, 232138
   1080, 232296
   1081, 232539
   1082, 232701
   1083, 232930
   1084, 233091
   1085, 233322
   1086, 233487
   1087, 233724
   1088, 233883
   1089, 234122
   1090, 234287
   1091, 234537
   1092, 234696
   1093, 234936
   1094, 235098
   1095, 235358
   1096, 235524
   1097, 235783
   1098, 235945
   1099, 236206
   1100, 236369
   1101, 236633
   1102, 236796
   1103, 237056
   1104, 237220
   1105, 237490
   1106, 237650
   1107, 237904
   1108, 238068
   1109, 238337
   1110, 238500
   1111, 238765
   1112, 238921
   1113, 239189
   1114, 239353
   1115, 239617
   1116, 239776
   1117, 240039
   1118, 240206
   1119, 240469
   1120, 240626
   1121, 240878
   1122, 241046
   1123, 241305
   1124, 241468
   1125, 241719
   1126, 241875
   1127, 242140
   1128, 242301
   1129, 242600
   1130, 242717
   1131, 242994
   1132, 243156
   1133, 243422
   1134, 243583
   1135, 243856
   1136, 244021
   1137, 244340
   1138, 244458
   1139, 244711
   1140, 244878
   1141, 245193
   1142, 245309
   1143, 245581
   1144, 245743
   1145, 246007
   1146, 246169
   1147, 246436
   1148, 246597
   1149, 246859
   1150, 247021
   1151, 247299
   1152, 247456
   1153, 247713
   1154, 247877
   1155, 248146
   1156, 248310
   1157, 248574
   1158, 248740
   1159, 249005
   1160, 249163
   1161, 249427
   1162, 249595
   1163, 249856
   1164, 250020
   1165, 250288
   1166, 250449
   1167, 250710
   1168, 250869
   1169, 251133
   1170, 251295
   1171, 251565
   1172, 251726
   1173, 251991
   1174, 252152
   1175, 252427
   1176, 252595
   1177, 252853
   1178, 253018
   1179, 253291
   1180, 253458
   1181, 253706
   1182, 253870
   1183, 254135
   1184, 254300
   1185, 254553
   1186, 254715
   1187, 254970
   1188, 255129
   1189, 255398
   1190, 255560
   1191, 255812
   1192, 255972
   1193, 256234
   1194, 256395
   1195, 256642
   1196, 256803
   1197, 257048
   1198, 257209
   1199, 257446
   1200, 257610
   1201, 257833
   1202, 257995
   1203, 258211
   1204, 258377
   1205, 258460
   1206, 258553
   1207, 258631
   1208, 258747
   1209, 258947
   1210, 259103
   1211, 259205
   1212, 259302
   1213, 259458
   1214, 259534
   1215, 259609
   1216, 259686
   1217, 259799
   1218, 260025
   1219, 260143
   1220, 260316
   1221, 260398
   1222, 260477
   1223, 260549
   1224, 260624
   1225, 260696
   1226, 260807
   1227, 260972
   1228, 261146
   1229, 261224
   1230, 261330
   1231, 261443
   1232, 261544
   1233, 261656
   1234, 261901
   1235, 262020
   1236, 262242
   1237, 262356
   1238, 262581
   1239, 262697
   1240, 262878
   1241, 263043
   1242, 263223
   1243, 263383
   1244, 263617
   1245, 263728
   1246, 263928
   1247, 264090
   1248, 264292
   1249, 264455
   1250, 264699
   1251, 264813
   1252, 265035
   1253, 265191
   1254, 265419
   1255, 265582
   1256, 265818
   1257, 265984
   1258, 266276
   1259, 266392
   1260, 266644
   1261, 266811
   1262, 267126
   1263, 267243
   1264, 267508
   1265, 267669
   1266, 267991
   1267, 268107
   1268, 268370
   1269, 268530
   1270, 268805
   1271, 268968
   1272, 269223
   1273, 269382
   1274, 269650
   1275, 269815
   1276, 270076
   1277, 270243
   1278, 270543
   1279, 270663
   1280, 270909
   1281, 271070
   1282, 271302
   1283, 271466
   1284, 271712
   1285, 271864
   1286, 272073
   1287, 272229
   1288, 272498
   1289, 272613
   1290, 272874
   1291, 272991
   1292, 273199
   1293, 273350
   1294, 273624
   1295, 273736
   1296, 273956
   1297, 274112
   1298, 274398
   1299, 274515
   1300, 274807
   1301, 274919
   1302, 275222
   1303, 275339
   1304, 275659
   1305, 275772
   1306, 276087
   1307, 276198
   1308, 276529
   1309, 276642
   1310, 276915
   1311, 277075
   1312, 277371
   1313, 277528
   1314, 277798
   1315, 277954
   1316, 278292
   1317, 278407
   1318, 278674
   1319, 278840
   1320, 279173
   1321, 279289
   1322, 279605
   1323, 279719
   1324, 280052
   1325, 280172
   1326, 280485
   1327, 280602
   1328, 280923
   1329, 281043
   1330, 281363
   1331, 281481
   1332, 281803
   1333, 281920
   1334, 282244
   1335, 282361
   1336, 282638
   1337, 282801
   1338, 283086
   1339, 283245
   1340, 283558
   1341, 283676
   1342, 284001
   1343, 284118
   1344, 284389
   1345, 284553
   1346, 284820
   1347, 284987
   1348, 285252
   1349, 285414
   1350, 285727
   1351, 285847
   1352, 286157
   1353, 286273
   1354, 286567
   1355, 286690
   1356, 286989
   1357, 287108
   1358, 287353
   1359, 287509
   1360, 287764
   1361, 287922
   1362, 288170
   1363, 288328
   1364, 288585
   1365, 288741
   1366, 289047
   1367, 289161
   1368, 289409
   1369, 289573
   1370, 289838
   1371, 289999
   1372, 290266
   1373, 290417
   1374, 290693
   1375, 290855
   1376, 291112
   1377, 291275
   1378, 291544
   1379, 291701
   1380, 291963
   1381, 292123
   1382, 292395
   1383, 292560
   1384, 292880
   1385, 292996
   1386, 293263
   1387, 293427
   1388, 293748
   1389, 293861
   1390, 294125
   1391, 294285
   1392, 294609
   1393, 294725
   1394, 294986
   1395, 295144
   1396, 295474
   1397, 295589
   1398, 295859
   1399, 296018
   1400, 296302
   1401, 296463
   1402, 296777
   1403, 296892
   1404, 297155
   1405, 297320
   1406, 297633
   1407, 297748
   1408, 298002
   1409, 298167
   1410, 298473
   1411, 298589
   1412, 298856
   1413, 299014
   1414, 299274
   1415, 299434
   1416, 299747
   1417, 299863
   1418, 300167
   1419, 300284
   1420, 300598
   1421, 300714
   1422, 301021
   1423, 301141
   1424, 301400
   1425, 301565
   1426, 301869
   1427, 301986
   1428, 302284
   1429, 302399
   1430, 302662
   1431, 302816
   1432, 303068
   1433, 303233
   1434, 303491
   1435, 303645
   1436, 303950
   1437, 304068
   1438, 304318
   1439, 304482
   1440, 304738
   1441, 304903
   1442, 305196
   1443, 305311
   1444, 305577
   1445, 305736
   1446, 305996
   1447, 306152
   1448, 306459
   1449, 306573
   1450, 306881
   1451, 306995
   1452, 307297
   1453, 307413
   1454, 307716
   1455, 307833
   1456, 308118
   1457, 308232
   1458, 308535
   1459, 308652
   1460, 308903
   1461, 309066
   1462, 309345
   1463, 309496
   1464, 309809
   1465, 309923
   1466, 310241
   1467, 310354
   1468, 310678
   1469, 310793
   1470, 311098
   1471, 311212
   1472, 311484
   1473, 311652
   1474, 311907
   1475, 312071
   1476, 312343
   1477, 312507
   1478, 312786
   1479, 312940
   1480, 313249
   1481, 313366
   1482, 313686
   1483, 313800
   1484, 314057
   1485, 314218
   1486, 314540
   1487, 314654
   1488, 314924
   1489, 315077
   1490, 315391
   1491, 315508
   1492, 315821
   1493, 315939
   1494, 316236
   1495, 316355
   1496, 316623
   1497, 316788
   1498, 317096
   1499, 317215
   1500, 317494
   1501, 317651
   1502, 317963
   1503, 318078
   1504, 318338
   1505, 318498
   1506, 318811
   1507, 318924
   1508, 319218
   1509, 319333
   1510, 319595
   1511, 319753
   1512, 320041
   1513, 320162
   1514, 320461
   1515, 320574
   1516, 320824
   1517, 320985
   1518, 321295
   1519, 321411
   1520, 321677
   1521, 321833
   1522, 322135
   1523, 322251
   1524, 322563
   1525, 322682
   1526, 322952
   1527, 323115
   1528, 323422
   1529, 323538
   1530, 323854
   1531, 323976
   1532, 324224
   1533, 324386
   1534, 324689
   1535, 324807
   1536, 325061
   1537, 325223
   1538, 325532
   1539, 325648
   1540, 325964
   1541, 326079
   1542, 326378
   1543, 326493
   1544, 326803
   1545, 326921
   1546, 327173
   1547, 327335
   1548, 327644
   1549, 327762
   1550, 328071
   1551, 328185
   1552, 328498
   1553, 328615
   1554, 328917
   1555, 329035
   1556, 329348
   1557, 329465
   1558, 329787
   1559, 329906
   1560, 330156
   1561, 330311
   1562, 330629
   1563, 330746
   1564, 330998
   1565, 331160
   1566, 331469
   1567, 331590
   1568, 331846
   1569, 332003
   1570, 332255
   1571, 332420
   1572, 332686
   1573, 332844
   1574, 333094
   1575, 333253
   1576, 333564
   1577, 333679
   1578, 333976
   1579, 334094
   1580, 334357
   1581, 334519
   1582, 334782
   1583, 334942
   1584, 335195
   1585, 335360
   1586, 335628
   1587, 335789
   1588, 336087
   1589, 336203
   1590, 336509
   1591, 336623
   1592, 336887
   1593, 337045
   1594, 337296
   1595, 337457
   1596, 337717
   1597, 337879
   1598, 338127
   1599, 338294
   1600, 338557
   1601, 338722
   1602, 338981
   1603, 339145
   1604, 339451
   1605, 339569
   1606, 339844
   1607, 340007
   1608, 340317
   1609, 340435
   1610, 340710
   1611, 340871
   1612, 341139
   1613, 341300
   1614, 341571
   1615, 341734
   1616, 342006
   1617, 342168
   1618, 342486
   1619, 342603
   1620, 342882
   1621, 343048
   1622, 343304
   1623, 343468
   1624, 343784
   1625, 343906
   1626, 344163
   1627, 344327
   1628, 344638
   1629, 344752
   1630, 345018
   1631, 345178
   1632, 345436
   1633, 345594
   1634, 345864
   1635, 346020
   1636, 346270
   1637, 346425
   1638, 346686
   1639, 346853
   1640, 347119
   1641, 347282
   1642, 347538
   1643, 347696
   1644, 347969
   1645, 348133
   1646, 348429
   1647, 348547
   1648, 348815
   1649, 348977
   1650, 349280
   1651, 349396
   1652, 349702
   1653, 349819
   1654, 350122
   1655, 350238
   1656, 350535
   1657, 350655
   1658, 350923
   1659, 351081
   1660, 351335
   1661, 351500
   1662, 351767
   1663, 351927
   1664, 352232
   1665, 352349
   1666, 352656
   1667, 352770
   1668, 353040
   1669, 353197
   1670, 353459
   1671, 353613
   1672, 353925
   1673, 354041
   1674, 354339
   1675, 354456
   1676, 354721
   1677, 354883
   1678, 355186
   1679, 355306
   1680, 355612
   1681, 355732
   1682, 355994
   1683, 356150
   1684, 356452
   1685, 356569
   1686, 356881
   1687, 356998
   1688, 357302
   1689, 357418
   1690, 357720
   1691, 357836
   1692, 358102
   1693, 358269
   1694, 358524
   1695, 358684
   1696, 358992
   1697, 359112
   1698, 359421
   1699, 359540
   1700, 359808
   1701, 359972
   1702, 360281
   1703, 360394
   1704, 360660
   1705, 360816
   1706, 361096
   1707, 361257
   1708, 361518
   1709, 361671
   1710, 361977
   1711, 362095
   1712, 362340
   1713, 362505
   1714, 362762
   1715, 362930
   1716, 363193
   1717, 363354
   1718, 363613
   1719, 363776
   1720, 364044
   1721, 364202
   1722, 364430
   1723, 364588
   1724, 364855
   1725, 364970
   1726, 365183
   1727, 365343
   1728, 365597
   1729, 365714
   1730, 365967
   1731, 366078
   1732, 366335
   1733, 366446
   1734, 366706
   1735, 366825
   1736, 367088
   1737, 367202
   1738, 367432
   1739, 367594
   1740, 367839
   1741, 367995
   1742, 368271
   1743, 368433
   1744, 368715
   1745, 368872
   1746, 369162
   1747, 369325
   1748, 369670
   1749, 369786
   1750, 370108
   1751, 370223
   1752, 370511
   1753, 370661
   1754, 370986
   1755, 371104
   1756, 371448
   1757, 371566
   1758, 371839
   1759, 372002
   1760, 372284
   1761, 372449
   1762, 372770
   1763, 372891
   1764, 373169
   1765, 373331
   1766, 373650
   1767, 373768
   1768, 374097
   1769, 374213
   1770, 374541
   1771, 374657
   1772, 374923
   1773, 375083
   1774, 375405
   1775, 375522
   1776, 375822
   1777, 375939
   1778, 376245
   1779, 376363
   1780, 376613
   1781, 376772
   1782, 377029
   1783, 377190
   1784, 377451
   1785, 377601
   1786, 377840
   1787, 378003
   1788, 378324
   1789, 378439
   1790, 378745
   1791, 378860
   1792, 379177
   1793, 379291
   1794, 379580
   1795, 379739
   1796, 380041
   1797, 380156
   1798, 380481
   1799, 380597
   1800, 380864
   1801, 381024
   1802, 381357
   1803, 381474
   1804, 381802
   1805, 381920
   1806, 382187
   1807, 382350
   1808, 382682
   1809, 382798
   1810, 383129
   1811, 383244
   1812, 383571
   1813, 383686
   1814, 383986
   1815, 384146
   1816, 384455
   1817, 384570
   1818, 384892
   1819, 385008
   1820, 385324
   1821, 385442
   1822, 385776
   1823, 385895
   1824, 386214
   1825, 386331
   1826, 386665
   1827, 386785
   1828, 387109
   1829, 387228
   1830, 387506
   1831, 387670
   1832, 387994
   1833, 388111
   1834, 388432
   1835, 388548
   1836, 388864
   1837, 388980
   1838, 389260
   1839, 389414
   1840, 389727
   1841, 389846
   1842, 390164
   1843, 390283
   1844, 390540
   1845, 390707
   1846, 390974
   1847, 391139
   1848, 391446
   1849, 391568
   1850, 391878
   1851, 391994
   1852, 392295
   1853, 392414
   1854, 392721
   1855, 392840
   1856, 393152
   1857, 393266
   1858, 393519
   1859, 393679
   1860, 393984
   1861, 394103
   1862, 394405
   1863, 394524
   1864, 394834
   1865, 394950
   1866, 395254
   1867, 395376
   1868, 395646
   1869, 395812
   1870, 396076
   1871, 396236
   1872, 396496
   1873, 396656
   1874, 396966
   1875, 397084
   1876, 397378
   1877, 397490
   1878, 397794
   1879, 397910
   1880, 398177
   1881, 398334
   1882, 398639
   1883, 398757
   1884, 399059
   1885, 399175
   1886, 399466
   1887, 399583
   1888, 399894
   1889, 400014
   1890, 400284
   1891, 400443
   1892, 400713
   1893, 400875
   1894, 401204
   1895, 401322
   1896, 401593
   1897, 401742
   1898, 402071
   1899, 402185
   1900, 402451
   1901, 402610
   1902, 402894
   1903, 403058
   1904, 403370
   1905, 403484
   1906, 403818
   1907, 403938
   1908, 404262
   1909, 404380
   1910, 404695
   1911, 404815
   1912, 405136
   1913, 405252
   1914, 405513
   1915, 405678
   1916, 405992
   1917, 406110
   1918, 406365
   1919, 406528
   1920, 406798
   1921, 406960
   1922, 407268
   1923, 407382
   1924, 407686
   1925, 407802
   1926, 408078
   1927, 408226
   1928, 408483
   1929, 408648
   1930, 408952
   1931, 409071
   1932, 409372
   1933, 409491
   1934, 409753
   1935, 409918
   1936, 410231
   1937, 410346
   1938, 410604
   1939, 410764
   1940, 411048
   1941, 411203
   1942, 411519
   1943, 411635
   1944, 411905
   1945, 412066
   1946, 412381
   1947, 412501
   1948, 412801
   1949, 412917
   1950, 413186
   1951, 413351
   1952, 413603
   1953, 413762
   1954, 414025
   1955, 414183
   1956, 414444
   1957, 414600
   1958, 414853
   1959, 415009
   1960, 415331
   1961, 415444
   1962, 415702
   1963, 415866
   1964, 416137
   1965, 416303
   1966, 416557
   1967, 416723
   1968, 417048
   1969, 417167
   1970, 417444
   1971, 417607
   1972, 417866
   1973, 418030
   1974, 418316
   1975, 418473
   1976, 418777
   1977, 418888
   1978, 419208
   1979, 419325
   1980, 419633
   1981, 419750
   1982, 420060
   1983, 420179
   1984, 420493
   1985, 420607
   1986, 420906
   1987, 421030
   1988, 421301
   1989, 421464
   1990, 421720
   1991, 421885
   1992, 422161
   1993, 422324
   1994, 422637
   1995, 422757
   1996, 423071
   1997, 423184
   1998, 423449
   1999, 423614
   2000, 423872
   2001, 424036
   2002, 424300
   2003, 424465
   2004, 424713
   2005, 424878
   2006, 425181
   2007, 425299
   2008, 425614
   2009, 425730
   2010, 426032
   2011, 426149
   2012, 426419
   2013, 426577
   2014, 426878
   2015, 426997
   2016, 427305
   2017, 427420
   2018, 427675
   2019, 427840
   2020, 428133
   2021, 428251
   2022, 428558
   2023, 428679
   2024, 428975
   2025, 429092
   2026, 429390
   2027, 429510
   2028, 429777
   2029, 429941
   2030, 430236
   2031, 430350
   2032, 430618
   2033, 430779
   2034, 431025
   2035, 431191
   2036, 431506
   2037, 431624
   2038, 431888
   2039, 432053
   2040, 432310
   2041, 432475
   2042, 432795
   2043, 432914
   2044, 433173
   2045, 433334
   2046, 433653
   2047, 433769
   2048, 434037
   2049, 434200
   2050, 434485
   2051, 434637
   2052, 434910
   2053, 435069
   2054, 435384
   2055, 435501
   2056, 435824
   2057, 435941
   2058, 436197
   2059, 436356
   2060, 436673
   2061, 436787
   2062, 437093
   2063, 437215
   2064, 437484
   2065, 437644
   2066, 437902
   2067, 438068
   2068, 438369
   2069, 438487
   2070, 438746
   2071, 438909
   2072, 439159
   2073, 439321
   2074, 439625
   2075, 439746
   2076, 440007
   2077, 440171
   2078, 440473
   2079, 440588
   2080, 440897
   2081, 441013
   2082, 441309
   2083, 441428
   2084, 441688
   2085, 441852
   2086, 442103
   2087, 442268
   2088, 442524
   2089, 442684
   2090, 442997
   2091, 443113
   2092, 443412
   2093, 443529
   2094, 443798
   2095, 443961
   2096, 444223
   2097, 444382
   2098, 444669
   2099, 444817
   2100, 445119
   2101, 445235
   2102, 445552
   2103, 445669
   2104, 445986
   2105, 446104
   2106, 446376
   2107, 446538
   2108, 446823
   2109, 446988
   2110, 447261
   2111, 447413
   2112, 447738
   2113, 447855
   2114, 448115
   2115, 448275
   2116, 448552
   2117, 448714
   2118, 448983
   2119, 449142
   2120, 449457
   2121, 449572
   2122, 449848
   2123, 450004
   2124, 450305
   2125, 450425
   2126, 450738
   2127, 450852
   2128, 451118
   2129, 451285
   2130, 451602
   2131, 451719
   2132, 451995
   2133, 452160
   2134, 452430
   2135, 452583
   2136, 452908
   2137, 453020
   2138, 453331
   2139, 453446
   2140, 453764
   2141, 453878
   2142, 454204
   2143, 454321
   2144, 454578
   2145, 454743
   2146, 455013
   2147, 455175
   2148, 455489
   2149, 455608
   2150, 455924
   2151, 456042
   2152, 456306
   2153, 456470
   2154, 456739
   2155, 456904
   2156, 457214
   2157, 457329
   2158, 457599
   2159, 457758
   2160, 458077
   2161, 458192
   2162, 458492
   2163, 458610
   2164, 458882
   2165, 459040
   2166, 459337
   2167, 459452
   2168, 459767
   2169, 459885
   2170, 460195
   2171, 460313
   2172, 460567
   2173, 460731
   2174, 461044
   2175, 461158
   2176, 461409
   2177, 461573
   2178, 461874
   2179, 461992
   2180, 462248
   2181, 462411
   2182, 462699
   2183, 462816
   2184, 463078
   2185, 463244
   2186, 463503
   2187, 463661
   2188, 463972
   2189, 464091
   2190, 464409
   2191, 464525
   2192, 464833
   2193, 464949
   2194, 465265
   2195, 465380
   2196, 465685
   2197, 465808
   2198, 466069
   2199, 466231
   2200, 466485
   2201, 466655
   2202, 466963
   2203, 467082
   2204, 467389
   2205, 467507
   2206, 467808
   2207, 467922
   2208, 468236
   2209, 468354
   2210, 468662
   2211, 468780
   2212, 469089
   2213, 469207
   2214, 469517
   2215, 469636
   2216, 469937
   2217, 470055
   2218, 470360
   2219, 470481
   2220, 470724
   2221, 470885
   2222, 471145
   2223, 471310
   2224, 471565
   2225, 471727
   2226, 471985
   2227, 472147
   2228, 472453
   2229, 472570
   2230, 472867
   2231, 472980
   2232, 473281
   2233, 473399
   2234, 473642
   2235, 473806
   2236, 474065
   2237, 474226
   2238, 474486
   2239, 474646
   2240, 474940
   2241, 475058
   2242, 475372
   2243, 475487
   2244, 475742
   2245, 475896
   2246, 476166
   2247, 476328
   2248, 476588
   2249, 476749
   2250, 477071
   2251, 477193
   2252, 477458
   2253, 477622
   2254, 477878
   2255, 478044
   2256, 478300
   2257, 478463
   2258, 478756
   2259, 478874
   2260, 479146
   2261, 479301
   2262, 479559
   2263, 479721
   2264, 479979
   2265, 480134
   2266, 480405
   2267, 480559
   2268, 480859
   2269, 480977
   2270, 481281
   2271, 481398
   2272, 481701
   2273, 481819
   2274, 482117
   2275, 482235
   2276, 482547
   2277, 482666
   2278, 482923
   2279, 483088
   2280, 483356
   2281, 483516
   2282, 483835
   2283, 483951
   2284, 484222
   2285, 484372
   2286, 484685
   2287, 484802
   2288, 485062
   2289, 485218
   2290, 485535
   2291, 485654
   2292, 485910
   2293, 486073
   2294, 486394
   2295, 486516
   2296, 486784
   2297, 486945
   2298, 487257
   2299, 487376
   2300, 487649
   2301, 487810
   2302, 488060
   2303, 488227
   2304, 488503
   2305, 488658
   2306, 488911
   2307, 489068
   2308, 489339
   2309, 489500
   2310, 489804
   2311, 489922
   2312, 490229
   2313, 490348
   2314, 490655
   2315, 490773
   2316, 491030
   2317, 491192
   2318, 491458
   2319, 491620
   2320, 491913
   2321, 492029
   2322, 492299
   2323, 492459
   2324, 492717
   2325, 492872
   2326, 493129
   2327, 493289
   2328, 493546
   2329, 493710
   2330, 493957
   2331, 494121
   2332, 494434
   2333, 494550
   2334, 494805
   2335, 494972
   2336, 495288
   2337, 495407
   2338, 495719
   2339, 495834
   2340, 496140
   2341, 496254
   2342, 496570
   2343, 496687
   2344, 496943
   2345, 497108
   2346, 497415
   2347, 497531
   2348, 497844
   2349, 497965
   2350, 498218
   2351, 498382
   2352, 498649
   2353, 498811
   2354, 499068
   2355, 499232
   2356, 499544
   2357, 499664
   2358, 499971
   2359, 500088
   2360, 500394
   2361, 500508
   2362, 500826
   2363, 500943
   2364, 501194
   2365, 501356
   2366, 501656
   2367, 501776
   2368, 502073
   2369, 502189
   2370, 502444
   2371, 502609
   2372, 502918
   2373, 503032
   2374, 503324
   2375, 503439
   2376, 503716
   2377, 503878
   2378, 504174
   2379, 504290
   2380, 504603
   2381, 504721
   2382, 504988
   2383, 505147
   2384, 505409
   2385, 505574
   2386, 505881
   2387, 505996
   2388, 506249
   2389, 506412
   2390, 506730
   2391, 506846
   2392, 507151
   2393, 507264
   2394, 507576
   2395, 507693
   2396, 508007
   2397, 508125
   2398, 508428
   2399, 508545
   2400, 508857
   2401, 508974
   2402, 509275
   2403, 509396
   2404, 509657
   2405, 509822
   2406, 510127
   2407, 510244
   2408, 510500
   2409, 510659
   2410, 510968
   2411, 511083
   2412, 511344
   2413, 511504
   2414, 511761
   2415, 511925
   2416, 512190
   2417, 512357
   2418, 512609
   2419, 512769
   2420, 513019
   2421, 513186
   2422, 513427
   2423, 513590
   2424, 513889
   2425, 514008
   2426, 514268
   2427, 514425
   2428, 514676
   2429, 514829
   2430, 515099
   2431, 515261
   2432, 515555
   2433, 515672
   2434, 515977
   2435, 516094
   2436, 516346
   2437, 516510
   2438, 516821
   2439, 516940
   2440, 517211
   2441, 517366
   2442, 517668
   2443, 517786
   2444, 518051
   2445, 518213
   2446, 518470
   2447, 518623
   2448, 518927
   2449, 519044
   2450, 519342
   2451, 519461
   2452, 519767
   2453, 519885
   2454, 520138
   2455, 520302
   2456, 520546
   2457, 520713
   2458, 521025
   2459, 521141
   2460, 521393
   2461, 521552
   2462, 521820
   2463, 521983
   2464, 522290
   2465, 522407
   2466, 522716
   2467, 522830
   2468, 523094
   2469, 523255
   2470, 523513
   2471, 523679
   2472, 523985
   2473, 524101
   2474, 524403
   2475, 524523
   2476, 524772
   2477, 524934
   2478, 525246
   2479, 525363
   2480, 525613
   2481, 525776
   2482, 526078
   2483, 526197
   2484, 526453
   2485, 526613
   2486, 526866
   2487, 527026
   2488, 527284
   2489, 527441
   2490, 527690
   2491, 527846
   2492, 528154
   2493, 528274
   2494, 528570
   2495, 528687
   2496, 528991
   2497, 529107
   2498, 529377
   2499, 529535
   2500, 529794
   2501, 529945
   2502, 530249
   2503, 530365
   2504, 530608
   2505, 530765
   2506, 531072
   2507, 531193
   2508, 531487
   2509, 531603
   2510, 531897
   2511, 532016
   2512, 532277
   2513, 532439
   2514, 532685
   2515, 532843
   2516, 533104
   2517, 533264
   2518, 533554
   2519, 533670
   2520, 533937
   2521, 534103
   2522, 534404
   2523, 534520
   2524, 534784
   2525, 534938
   2526, 535247
   2527, 535364
   2528, 535621
   2529, 535780
   2530, 536053
   2531, 536205
   2532, 536518
   2533, 536635
   2534, 536934
   2535, 537051
   2536, 537320
   2537, 537478
   2538, 537730
   2539, 537897
   2540, 538213
   2541, 538332
   2542, 538599
   2543, 538749
   2544, 539012
   2545, 539168
   2546, 539475
   2547, 539595
   2548, 539892
   2549, 540006
   2550, 540310
   2551, 540425
   2552, 540687
   2553, 540849
   2554, 541114
   2555, 541273
   2556, 541574
   2557, 541694
   2558, 541941
   2559, 542099
   2560, 542415
   2561, 542534
   2562, 542784
   2563, 542946
   2564, 543253
   2565, 543368
   2566, 543626
   2567, 543785
   2568, 544044
   2569, 544208
   2570, 544463
   2571, 544625
   2572, 544872
   2573, 545035
   2574, 545349
   2575, 545468
   2576, 545720
   2577, 545884
   2578, 546142
   2579, 546302
   2580, 546564
   2581, 546727
   2582, 546990
   2583, 547136
   2584, 547438
   2585, 547552
   2586, 547864
   2587, 547978
   2588, 548284
   2589, 548402
   2590, 548678
   2591, 548839
   2592, 549136
   2593, 549259
   2594, 549528
   2595, 549689
   2596, 549950
   2597, 550105
   2598, 550422
   2599, 550537
   2600, 550845
   2601, 550963
   2602, 551241
   2603, 551394
   2604, 551707
   2605, 551822
   2606, 552127
   2607, 552245
   2608, 552508
   2609, 552673
   2610, 552917
   2611, 553082
   2612, 553383
   2613, 553502
   2614, 553756
   2615, 553922
   2616, 554181
   2617, 554333
   2618, 554630
   2619, 554748
   2620, 554993
   2621, 555158
   2622, 555465
   2623, 555579
   2624, 555832
   2625, 555997
   2626, 556253
   2627, 556417
   2628, 556679
   2629, 556841
   2630, 557099
   2631, 557258
   2632, 557562
   2633, 557680
   2634, 557934
   2635, 558095
   2636, 558353
   2637, 558509
   2638, 558761
   2639, 558920
   2640, 559219
   2641, 559337
   2642, 559590
   2643, 559757
   2644, 560009
   2645, 560170
   2646, 560431
   2647, 560595
   2648, 560895
   2649, 561010
   2650, 561313
   2651, 561429
   2652, 561728
   2653, 561846
   2654, 562143
   2655, 562261
   2656, 562572
   2657, 562686
   2658, 562981
   2659, 563098
   2660, 563368
   2661, 563524
   2662, 563822
   2663, 563941
   2664, 564199
   2665, 564363
   2666, 564610
   2667, 564773
   2668, 565042
   2669, 565206
   2670, 565467
   2671, 565627
   2672, 565931
   2673, 566045
   2674, 566317
   2675, 566477
   2676, 566733
   2677, 566892
   2678, 567203
   2679, 567318
   2680, 567613
   2681, 567728
   2682, 568037
   2683, 568157
   2684, 568415
   2685, 568580
   2686, 568846
   2687, 569009
   2688, 569283
   2689, 569440
   2690, 569699
   2691, 569852
   2692, 570120
   2693, 570277
   2694, 570525
   2695, 570688
   2696, 571001
   2697, 571118
   2698, 571428
   2699, 571545
   2700, 571800
   2701, 571966
   2702, 572277
   2703, 572395
   2704, 572643
   2705, 572808
   2706, 573070
   2707, 573232
   2708, 573532
   2709, 573647
   2710, 573911
   2711, 574070
   2712, 574335
   2713, 574489
   2714, 574784
   2715, 574902
   2716, 575202
   2717, 575318
   2718, 575555
   2719, 575721
   2720, 575978
   2721, 576137
   2722, 576391
   2723, 576551
   2724, 576818
   2725, 576983
   2726, 577231
   2727, 577389
   2728, 577685
   2729, 577802
   2730, 578088
   2731, 578204
   2732, 578439
   2733, 578602
   2734, 578833
   2735, 578991
   2736, 579273
   2737, 579387
   2738, 579627
   2739, 579784
   2740, 580026
   2741, 580185
   2742, 580431
   2743, 580598
   2744, 580902
   2745, 581020
   2746, 581331
   2747, 581450
   2748, 581758
   2749, 581875
   2750, 582150
   2751, 582314
   2752, 582581
   2753, 582745
   2754, 583063
   2755, 583176
   2756, 583445
   2757, 583602
   2758, 583921
   2759, 584034
   2760, 584343
   2761, 584462
   2762, 584759
   2763, 584875
   2764, 585139
   2765, 585306
   2766, 585607
   2767, 585724
   2768, 586031
   2769, 586148
   2770, 586421
   2771, 586584
   2772, 586891
   2773, 587005
   2774, 587275
   2775, 587437
   2776, 587736
   2777, 587849
   2778, 588164
   2779, 588281
   2780, 588534
   2781, 588698
   2782, 589009
   2783, 589132
   2784, 589397
   2785, 589560
   2786, 589858
   2787, 589976
   2788, 590240
   2789, 590403
   2790, 590659
   2791, 590819
   2792, 591134
   2793, 591248
   2794, 591513
   2795, 591674
   2796, 591978
   2797, 592094
   2798, 592405
   2799, 592521
   2800, 592814
   2801, 592935
   2802, 593241
   2803, 593358
   2804, 593615
   2805, 593778
   2806, 594044
   2807, 594202
   2808, 594462
   2809, 594623
   2810, 594928
   2811, 595043
   2812, 595305
   2813, 595462
   2814, 595761
   2815, 595879
   2816, 596134
   2817, 596299
   2818, 596605
   2819, 596724
   2820, 597024
   2821, 597139
   2822, 597449
   2823, 597569
   2824, 597868
   2825, 597982
   2826, 598244
   2827, 598409
   2828, 598716
   2829, 598832
   2830, 599138
   2831, 599254
   2832, 599571
   2833, 599686
   2834, 599938
   2835, 600103
   2836, 600417
   2837, 600536
   2838, 600832
   2839, 600948
   2840, 601251
   2841, 601367
   2842, 601671
   2843, 601787
   2844, 602046
   2845, 602204
   2846, 602513
   2847, 602629
   2848, 602877
   2849, 603036
   2850, 603352
   2851, 603468
   2852, 603762
   2853, 603876
   2854, 604149
   2855, 604297
   2856, 604598
   2857, 604713
   2858, 605009
   2859, 605127
   2860, 605394
   2861, 605546
   2862, 605784
   2863, 605947
   2864, 606255
   2865, 606371
   2866, 606623
   2867, 606781
   2868, 607077
   2869, 607192
   2870, 607456
   2871, 607615
   2872, 607914
   2873, 608033
   2874, 608293
   2875, 608456
   2876, 608715
   2877, 608882
   2878, 609135
   2879, 609292
   2880, 609604
   2881, 609718
   2882, 609972
   2883, 610130
   2884, 610435
   2885, 610550
   2886, 610826
   2887, 610982
   2888, 611235
   2889, 611399
   2890, 611668
   2891, 611834
   2892, 612085
   2893, 612252
   2894, 612551
   2895, 612670
   2896, 612924
   2897, 613088
   2898, 613340
   2899, 613499
   2900, 613809
   2901, 613924
   2902, 614176
   2903, 614335
   2904, 614598
   2905, 614763
   2906, 615026
   2907, 615183
   2908, 615475
   2909, 615596
   2910, 615901
   2911, 616019
   2912, 616316
   2913, 616436
   2914, 616696
   2915, 616857
   2916, 617170
   2917, 617285
   2918, 617545
   2919, 617706
   2920, 617969
   2921, 618130
   2922, 618424
   2923, 618542
   2924, 618843
   2925, 618961
   2926, 619218
   2927, 619384
   2928, 619687
   2929, 619804
   2930, 620120
   2931, 620238
   2932, 620503
   2933, 620667
   2934, 620984
   2935, 621098
   2936, 621409
   2937, 621526
   2938, 621787
   2939, 621951
   2940, 622218
   2941, 622383
   2942, 622676
   2943, 622794
   2944, 623098
   2945, 623223
   2946, 623480
   2947, 623644
   2948, 623900
   2949, 624061
   2950, 624338
   2951, 624488
   2952, 624783
   2953, 624903
   2954, 625171
   2955, 625328
   2956, 625620
   2957, 625736
   2958, 626044
   2959, 626166
   2960, 626418
   2961, 626583
   2962, 626827
   2963, 626984
   2964, 627247
   2965, 627405
   2966, 627659
   2967, 627823
   2968, 628135
   2969, 628250
   2970, 628561
   2971, 628676
   2972, 628939
   2973, 629105
   2974, 629377
   2975, 629535
   2976, 629780
   2977, 629947
   2978, 630256
   2979, 630371
   2980, 630633
   2981, 630797
   2982, 631108
   2983, 631221
   2984, 631491
   2985, 631647
   2986, 631918
   2987, 632082
   2988, 632396
   2989, 632510
   2990, 632814
   2991, 632928
   2992, 633242
   2993, 633358
   2994, 633666
   2995, 633785
   2996, 634043
   2997, 634205
   2998, 634460
   2999, 634630
   3000, 634883
   3001, 635041
   3002, 635303
   3003, 635465
   3004, 635762
   3005, 635878
   3006, 636149
   3007, 636307
   3008, 636616
   3009, 636730
   3010, 636981
   3011, 637145
   3012, 637460
   3013, 637579
   3014, 637871
   3015, 637990
   3016, 638243
   3017, 638408
   3018, 638661
   3019, 638821
   3020, 639123
   3021, 639240
   3022, 639504
   3023, 639667
   3024, 639918
   3025, 640075
   3026, 640380
   3027, 640499
   3028, 640791
   3029, 640905
   3030, 641199
   3031, 641316
   3032, 641569
   3033, 641727
   3034, 641975
   3035, 642140
   3036, 642443
   3037, 642561
   3038, 642803
   3039, 642970
   3040, 643227
   3041, 643391
   3042, 643646
   3043, 643806
   3044, 644055
   3045, 644215
   3046, 644515
   3047, 644631
   3048, 644882
   3049, 645047
   3050, 645346
   3051, 645462
   3052, 645763
   3053, 645885
   3054, 646129
   3055, 646291
   3056, 646589
   3057, 646705
   3058, 646996
   3059, 647111
   3060, 647367
   3061, 647526
   3062, 647789
   3063, 647943
   3064, 648195
   3065, 648351
   3066, 648616
   3067, 648779
   3068, 649034
   3069, 649201
   3070, 649507
   3071, 649625
   3072, 649890
