      0,   1294
      1,   1598
      2,   1890
      3,   2186
      4,   2485
      5,   2777
      6,   3064
      7,   3374
      8,   3685
      9,   3989
     10,   4293
     11,   4591
     12,   4894
     13,   5181
     14,   5475
     15,   5772
     16,   6068
     17,   6361
     18,   6654
     19,   6939
     20,   7225
     21,   7516
     22,   7803
     23,   8092
     24,   8388
     25,   8675
     26,   8977
     27,   9276
     28,   9575
     29,   9885
     30,  10188
     31,  10490
     32,  10799
     33,  11041
     34,  11393
     35,  11697
     36,  12002
     37,  12304
     38,  12605
     39,  12908
     40,  13209
     41,  13508
     42,  13801
     43,  14081
     44,  14369
     45,  14648
     46,  14926
     47,  15219
     48,  15507
     49,  15799
     50,  16100
     51,  16403
     52,  16711
     53,  17016
     54,  17324
     55,  17633
     56,  17943
     57,  18253
     58,  18559
     59,  18865
     60,  19167
     61,  19469
     62,  19771
     63,  20066
     64,  20371
     65,  20665
     66,  20968
     67,  21277
     68,  21577
     69,  21879
     70,  22186
     71,  22484
     72,  22787
     73,  23087
     74,  23383
     75,  23678
     76,  23979
     77,  24283
     78,  24577
     79,  24874
     80,  25180
     81,  25484
     82,  25785
     83,  26089
     84,  26386
     85,  26684
     86,  26986
     87,  27289
     88,  27586
     89,  27883
     90,  28187
     91,  28480
     92,  28778
     93,  29070
     94,  29360
     95,  29659
     96,  29957
     97,  30251
     98,  30548
     99,  30841
    100,  31131
    101,  31422
    102,  31714
    103,  31997
    104,  32282
    105,  32571
    106,  32860
    107,  33151
    108,  33439
    109,  33667
    110,  33993
    111,  34301
    112,  34589
    113,  34875
    114,  35162
    115,  35396
    116,  35711
    117,  36003
    118,  36288
    119,  36573
    120,  36854
    121,  37142
    122,  37430
    123,  37716
    124,  37941
    125,  38270
    126,  38502
    127,  38861
    128,  39157
    129,  39439
    130,  39723
    131,  40005
    132,  40294
    133,  40531
    134,  40837
    135,  41136
    136,  41423
    137,  41718
    138,  42008
    139,  42297
    140,  42593
    141,  42886
    142,  43186
    143,  43483
    144,  43776
    145,  44072
    146,  44360
    147,  44653
    148,  44946
    149,  45241
    150,  45533
    151,  45820
    152,  46122
    153,  46416
    154,  46705
    155,  47002
    156,  47295
    157,  47579
    158,  47872
    159,  48158
    160,  48440
    161,  48724
    162,  49020
    163,  49306
    164,  49600
    165,  49891
    166,  50188
    167,  50486
    168,  50787
    169,  51091
    170,  51391
    171,  51694
    172,  52000
    173,  52303
    174,  52601
    175,  52906
    176,  53211
    177,  53513
    178,  53820
    179,  54127
    180,  54431
    181,  54739
    182,  55046
    183,  55347
    184,  55650
    185,  55960
    186,  56262
    187,  56565
    188,  56874
    189,  57169
    190,  57469
    191,  57769
    192,  58062
    193,  58361
    194,  58648
    195,  58943
    196,  59239
    197,  59533
    198,  59828
    199,  60121
    200,  60406
    201,  60696
    202,  60924
    203,  61245
    204,  61539
    205,  61835
    206,  62119
    207,  62409
    208,  62702
    209,  62986
    210,  63279
    211,  63571
    212,  63862
    213,  64154
    214,  64451
    215,  64964
    216,  65287
    217,  65586
    218,  65881
    219,  66170
    220,  66457
    221,  66757
    222,  67048
    223,  67338
    224,  67636
    225,  67932
    226,  68223
    227,  68527
    228,  68831
    229,  69386
    230,  69707
    231,  70019
    232,  70330
    233,  70625
    234,  70923
    235,  71219
    236,  71516
    237,  71763
    238,  72114
    239,  72352
    240,  72728
    241,  73049
    242,  73359
    243,  73674
    244,  73980
    245,  74278
    246,  74587
    247,  74887
    248,  75180
    249,  75470
    250,  75769
    251,  76068
    252,  76367
    253,  76668
    254,  76967
    255,  77267
    256,  77570
    257,  77873
    258,  78173
    259,  78472
    260,  78779
    261,  79086
    262,  79388
    263,  79690
    264,  79990
    265,  80293
    266,  80604
    267,  80857
    268,  81200
    269,  81502
    270,  81807
    271,  82102
    272,  82396
    273,  82690
    274,  82985
    275,  83279
    276,  83571
    277,  83866
    278,  84154
    279,  84438
    280,  84727
    281,  85014
    282,  85304
    283,  85596
    284,  85885
    285,  86173
    286,  86466
    287,  86763
    288,  87045
    289,  87332
    290,  87630
    291,  87915
    292,  88214
    293,  88505
    294,  88802
    295,  89108
    296,  89409
    297,  89713
    298,  90010
    299,  90311
    300,  90622
    301,  90934
    302,  91234
    303,  91540
    304,  91849
    305,  92157
    306,  92473
    307,  92790
    308,  93104
    309,  93429
    310,  93749
    311,  94066
    312,  94366
    313,  94678
    314,  94983
    315,  95294
    316,  95590
    317,  95883
    318,  96173
    319,  96460
    320,  96754
    321,  97049
    322,  97336
    323,  97629
    324,  97924
    325,  98219
    326,  98523
    327,  98821
    328,  99035
    329,  99365
    330,  99671
    331,  99963
    332, 100252
    333, 100545
    334, 100769
    335, 101088
    336, 101395
    337, 101681
    338, 101970
    339, 102264
    340, 102498
    341, 102833
    342, 103154
    343, 103680
    344, 104008
    345, 104308
    346, 104602
    347, 104905
    348, 105199
    349, 105476
    350, 105792
    351, 106086
    352, 106386
    353, 106678
    354, 106971
    355, 107279
    356, 107575
    357, 107869
    358, 108166
    359, 108461
    360, 108752
    361, 109024
    362, 109311
    363, 109586
    364, 109825
    365, 110131
    366, 110421
    367, 110705
    368, 110988
    369, 111276
    370, 111506
    371, 111834
    372, 112134
    373, 112436
    374, 112727
    375, 113019
    376, 113323
    377, 113614
    378, 113906
    379, 114206
    380, 114500
    381, 114797
    382, 115093
    383, 115391
    384, 115691
    385, 115988
    386, 116288
    387, 116591
    388, 116892
    389, 117188
    390, 117490
    391, 117790
    392, 118078
    393, 118373
    394, 118666
    395, 118960
    396, 119265
    397, 119561
    398, 119858
    399, 120156
    400, 120465
    401, 120766
    402, 121059
    403, 121369
    404, 121667
    405, 121969
    406, 122270
    407, 122565
    408, 122867
    409, 123150
    410, 123440
    411, 123741
    412, 124026
    413, 124320
    414, 124615
    415, 124905
    416, 125204
    417, 125484
    418, 125706
    419, 126053
    420, 126361
    421, 126660
    422, 126952
    423, 127165
    424, 127481
    425, 127716
    426, 128061
    427, 128294
    428, 128632
    429, 128863
    430, 129212
    431, 129512
    432, 129806
    433, 130009
    434, 130329
    435, 130626
    436, 130916
    437, 131204
    438, 131486
    439, 131759
    440, 132037
    441, 132317
    442, 132588
    443, 132856
    444, 133133
    445, 133404
    446, 133675
    447, 133954
    448, 134234
    449, 134504
    450, 134779
    451, 135056
    452, 135323
    453, 135591
    454, 135852
    455, 136117
    456, 136381
    457, 136647
    458, 136911
    459, 137177
    460, 137442
    461, 137705
    462, 137975
    463, 138244
    464, 138511
    465, 138767
    466, 139038
    467, 139302
    468, 139565
    469, 139832
    470, 140102
    471, 140363
    472, 140627
    473, 140899
    474, 141163
    475, 141429
    476, 141663
    477, 141951
    478, 142209
    479, 142473
    480, 142730
    481, 142988
    482, 143242
    483, 143497
    484, 143750
    485, 144007
    486, 144260
    487, 144513
    488, 144760
    489, 145013
    490, 145267
    491, 145514
    492, 145770
    493, 146022
    494, 146270
    495, 146515
    496, 146769
    497, 147023
    498, 147270
    499, 147513
    500, 147759
    501, 148005
    502, 148248
    503, 148494
    504, 148740
    505, 148982
    506, 149225
    507, 149470
    508, 149716
    509, 149962
    510, 150208
    511, 150453
    512, 150692
    513, 150938
    514, 151181
    515, 151424
    516, 151664
    517, 151910
    518, 152150
    519, 152387
    520, 152624
    521, 152873
    522, 153114
    523, 153353
    524, 153591
    525, 153839
    526, 154076
    527, 154317
    528, 154563
    529, 154813
    530, 155054
    531, 155301
    532, 155546
    533, 155795
    534, 156039
    535, 156284
    536, 156525
    537, 156767
    538, 157012
    539, 157257
    540, 157499
    541, 157745
    542, 157993
    543, 158183
    544, 158467
    545, 158725
    546, 158979
    547, 159233
    548, 159483
    549, 159738
    550, 159990
    551, 160239
    552, 160493
    553, 160750
    554, 160999
    555, 161247
    556, 161496
    557, 161684
    558, 161959
    559, 162212
    560, 162460
    561, 162708
    562, 162956
    563, 163208
    564, 163464
    565, 163718
    566, 163975
    567, 164234
    568, 164489
    569, 164753
    570, 165013
    571, 165271
    572, 165528
    573, 165793
    574, 165956
    575, 166224
    576, 166540
    577, 166815
    578, 167077
    579, 167344
    580, 167611
    581, 167880
    582, 168145
    583, 168412
    584, 168675
    585, 168933
    586, 169196
    587, 169456
    588, 169718
    589, 169975
    590, 170232
    591, 170484
    592, 170751
    593, 171007
    594, 171270
    595, 171521
    596, 171786
    597, 172045
    598, 172304
    599, 172570
    600, 172834
    601, 173089
    602, 173340
    603, 173605
    604, 173859
    605, 174116
    606, 174367
    607, 174627
    608, 174875
    609, 175134
    610, 175392
    611, 175654
    612, 175905
    613, 176165
    614, 176424
    615, 176672
    616, 176951
    617, 177211
    618, 177467
    619, 177727
    620, 177900
    621, 178207
    622, 178513
    623, 178780
    624, 179040
    625, 179298
    626, 179565
    627, 179793
    628, 180083
    629, 180280
    630, 180612
    631, 180823
    632, 181133
    633, 181362
    634, 181658
    635, 181914
    636, 182173
    637, 182417
    638, 182692
    639, 182955
    640, 183212
    641, 183469
    642, 183726
    643, 183984
    644, 184184
    645, 184490
    646, 184749
    647, 185008
    648, 185265
    649, 185532
    650, 185790
    651, 186043
    652, 186294
    653, 186482
    654, 186766
    655, 187021
    656, 187279
    657, 187536
    658, 187782
    659, 188033
    660, 188284
    661, 188536
    662, 188784
    663, 189035
    664, 189283
    665, 189530
    666, 189777
    667, 190030
    668, 190277
    669, 190524
    670, 190773
    671, 190954
    672, 191233
    673, 191490
    674, 191740
    675, 191987
    676, 192235
    677, 192487
    678, 192734
    679, 192980
    680, 193231
    681, 193455
    682, 193729
    683, 193983
    684, 194247
    685, 194506
    686, 194766
    687, 195028
    688, 195295
    689, 195557
    690, 195823
    691, 196087
    692, 196354
    693, 196620
    694, 196890
    695, 197160
    696, 197432
    697, 197701
    698, 197971
    699, 198240
    700, 198512
    701, 198782
    702, 199056
    703, 199335
    704, 199610
    705, 199801
    706, 200105
    707, 200390
    708, 200585
    709, 200901
    710, 201175
    711, 201452
    712, 201725
    713, 202005
    714, 202283
    715, 202563
    716, 202845
    717, 203125
    718, 203411
    719, 203695
    720, 203975
    721, 204257
    722, 204415
    723, 204818
    724, 205099
    725, 205385
    726, 205662
    727, 205936
    728, 206220
    729, 206501
    730, 206780
    731, 207059
    732, 207345
    733, 207621
    734, 207899
    735, 208180
    736, 208454
    737, 208733
    738, 209006
    739, 209285
    740, 209562
    741, 209840
    742, 210114
    743, 210393
    744, 210670
    745, 210944
    746, 211228
    747, 211499
    748, 211765
    749, 212033
    750, 212308
    751, 212577
    752, 212842
    753, 213114
    754, 213384
    755, 213653
    756, 213927
    757, 214207
    758, 214478
    759, 214754
    760, 215033
    761, 215313
    762, 215596
    763, 215873
    764, 216152
    765, 216432
    766, 216711
    767, 216991
    768, 217190
    769, 217496
    770, 217773
    771, 218051
    772, 218328
    773, 218603
    774, 218870
    775, 219147
    776, 219421
    777, 219693
    778, 219971
    779, 220247
    780, 220517
    781, 220792
    782, 221075
    783, 221341
    784, 221620
    785, 221893
    786, 222168
    787, 222436
    788, 222709
    789, 222983
    790, 223256
    791, 223531
    792, 223803
    793, 224077
    794, 224353
    795, 224627
    796, 224905
    797, 225176
    798, 225451
    799, 225725
    800, 226011
    801, 226282
    802, 226473
    803, 226777
    804, 227063
    805, 227334
    806, 227603
    807, 227876
    808, 228135
    809, 228406
    810, 228679
    811, 228956
    812, 229228
    813, 229505
    814, 229780
    815, 230056
    816, 230341
    817, 230613
    818, 230888
    819, 231165
    820, 231437
    821, 231710
    822, 231994
    823, 232265
    824, 232534
    825, 232813
    826, 233090
    827, 233371
    828, 233634
    829, 233915
    830, 234198
    831, 234475
    832, 234763
    833, 234960
    834, 235267
    835, 235546
    836, 235829
    837, 236108
    838, 236387
    839, 236660
    840, 236943
    841, 237227
    842, 237512
    843, 237800
    844, 238085
    845, 238371
    846, 238656
    847, 238955
    848, 239239
    849, 239434
    850, 239750
    851, 240036
    852, 240323
    853, 240540
    854, 240888
    855, 241183
    856, 241484
    857, 241787
    858, 242085
    859, 242394
    860, 242696
    861, 243006
    862, 243323
    863, 243628
    864, 243944
    865, 244252
    866, 244555
    867, 244874
    868, 245183
    869, 245483
    870, 245795
    871, 246101
    872, 246399
    873, 246703
    874, 247003
    875, 247298
    876, 247597
    877, 247899
    878, 248197
    879, 248491
    880, 248794
    881, 249107
    882, 249418
    883, 249731
    884, 250053
    885, 250373
    886, 250687
    887, 251008
    888, 251325
    889, 251638
    890, 251956
    891, 252263
    892, 252573
    893, 252883
    894, 253179
    895, 253380
    896, 253726
    897, 254030
    898, 254339
    899, 254654
    900, 254964
    901, 255287
    902, 255610
    903, 255926
    904, 256243
    905, 256559
    906, 256876
    907, 257194
    908, 257502
    909, 257816
    910, 258128
    911, 258440
    912, 258757
    913, 259067
    914, 259376
    915, 259693
    916, 259997
    917, 260301
    918, 260608
    919, 260909
    920, 261131
    921, 261491
    922, 261791
    923, 262094
    924, 262399
    925, 262604
    926, 262931
    927, 263226
    928, 263425
    929, 263744
    930, 263972
    931, 264301
    932, 264590
    933, 264873
    934, 265149
    935, 265435
    936, 265713
    937, 265990
    938, 266263
    939, 266545
    940, 266818
    941, 267093
    942, 267378
    943, 267653
    944, 267825
    945, 268149
    946, 268466
    947, 268731
    948, 269000
    949, 269227
    950, 269367
    951, 269445
    952, 269521
    953, 269789
    954, 270061
    955, 270328
    956, 270596
    957, 270846
    958, 271132
    959, 271406
    960, 271677
    961, 271944
    962, 272204
    963, 272423
    964, 272722
    965, 272987
    966, 273257
    967, 273527
    968, 273788
    969, 273978
    970, 274282
    971, 274447
    972, 274549
    973, 274817
    974, 275078
    975, 275350
    976, 275494
    977, 275566
    978, 275864
    979, 276136
    980, 276408
    981, 276677
    982, 276943
    983, 277202
    984, 277471
    985, 277693
    986, 277985
    987, 278249
    988, 278507
    989, 278768
    990, 279025
    991, 279258
    992, 279546
    993, 279811
    994, 280079
    995, 280359
    996, 280628
    997, 280903
    998, 281179
    999, 281450
   1000, 281727
   1001, 282014
   1002, 282300
   1003, 282578
   1004, 282864
   1005, 283154
   1006, 283443
   1007, 283733
   1008, 284016
   1009, 284306
   1010, 284593
   1011, 284876
   1012, 285165
   1013, 285460
   1014, 285742
   1015, 286026
   1016, 286324
   1017, 286539
   1018, 286847
   1019, 287148
   1020, 287444
   1021, 287736
   1022, 288028
   1023, 288322
   1024, 288611
   1025, 288906
   1026, 289204
   1027, 289500
   1028, 289803
   1029, 290096
   1030, 290393
   1031, 290691
   1032, 290986
   1033, 291283
   1034, 291573
   1035, 291805
   1036, 292081
   1037, 292377
   1038, 292660
   1039, 292933
   1040, 293217
   1041, 293491
   1042, 293769
   1043, 294056
   1044, 294341
   1045, 294623
   1046, 294909
   1047, 295204
   1048, 295489
   1049, 295780
   1050, 296068
   1051, 296354
   1052, 296650
   1053, 296939
   1054, 297233
   1055, 297526
   1056, 297816
   1057, 298118
   1058, 298413
   1059, 298706
   1060, 299004
   1061, 299298
   1062, 299591
   1063, 300156
   1064, 300479
   1065, 300788
   1066, 301099
   1067, 301391
   1068, 301678
   1069, 301969
   1070, 302253
   1071, 302544
   1072, 302833
   1073, 303118
   1074, 303406
   1075, 303687
   1076, 303971
   1077, 304255
   1078, 304534
   1079, 304807
   1080, 305088
   1081, 305364
   1082, 305586
   1083, 306027
   1084, 306333
   1085, 306610
   1086, 306896
   1087, 307111
   1088, 307405
   1089, 307685
   1090, 307963
   1091, 308236
   1092, 308507
   1093, 308785
   1094, 309058
   1095, 309329
   1096, 309545
   1097, 309831
   1098, 310110
   1099, 310393
   1100, 310667
   1101, 311162
   1102, 311466
   1103, 311745
   1104, 312027
   1105, 312302
   1106, 312570
   1107, 312855
   1108, 313127
   1109, 313399
   1110, 313677
   1111, 313958
   1112, 314170
   1113, 314471
   1114, 314773
   1115, 315055
   1116, 315343
   1117, 315628
   1118, 315912
   1119, 316197
   1120, 316481
   1121, 316765
   1122, 317044
   1123, 317331
   1124, 317613
   1125, 317897
   1126, 318185
   1127, 318470
   1128, 318762
   1129, 319051
   1130, 319344
   1131, 319560
   1132, 319930
   1133, 320252
   1134, 320561
   1135, 320874
   1136, 321172
   1137, 321465
   1138, 321766
   1139, 322053
   1140, 322341
   1141, 322633
   1142, 322917
   1143, 323207
   1144, 323504
   1145, 323796
   1146, 324089
   1147, 324381
   1148, 324676
   1149, 324967
   1150, 325258
   1151, 325538
   1152, 325831
   1153, 326120
   1154, 326413
   1155, 326710
   1156, 326997
   1157, 327288
   1158, 327578
   1159, 327875
   1160, 328165
   1161, 328451
   1162, 328742
   1163, 329022
   1164, 329313
   1165, 329603
   1166, 329887
   1167, 330116
   1168, 330554
   1169, 330899
   1170, 331206
   1171, 331489
   1172, 331782
   1173, 332071
   1174, 332352
   1175, 332648
   1176, 332931
   1177, 333214
   1178, 333502
   1179, 333792
   1180, 334080
   1181, 334359
   1182, 334651
   1183, 334933
   1184, 335218
   1185, 335510
   1186, 335795
   1187, 336080
   1188, 336364
   1189, 336654
   1190, 336939
   1191, 337224
   1192, 337503
   1193, 337785
   1194, 338073
   1195, 338357
   1196, 338643
   1197, 338928
   1198, 339202
   1199, 339416
   1200, 339717
   1201, 340005
   1202, 340273
   1203, 340557
   1204, 340832
   1205, 341105
   1206, 341388
   1207, 341669
   1208, 341940
   1209, 342223
   1210, 342508
   1211, 342729
   1212, 343164
   1213, 343466
   1214, 343745
   1215, 344025
   1216, 344297
   1217, 344576
   1218, 344849
   1219, 345078
   1220, 345381
   1221, 345667
   1222, 345873
   1223, 346212
   1224, 346498
   1225, 346777
   1226, 347055
   1227, 347334
   1228, 347611
   1229, 347891
   1230, 348172
   1231, 348464
   1232, 348741
   1233, 349019
   1234, 349303
   1235, 349582
   1236, 349866
   1237, 350156
   1238, 350444
   1239, 350718
   1240, 350946
   1241, 351253
   1242, 351541
   1243, 351829
   1244, 352106
   1245, 352384
   1246, 352660
   1247, 352938
   1248, 353222
   1249, 353506
   1250, 353780
   1251, 354056
   1252, 354297
   1253, 354613
   1254, 354906
   1255, 355194
   1256, 355469
   1257, 355751
   1258, 356037
   1259, 356314
   1260, 356592
   1261, 356872
   1262, 357152
   1263, 357430
   1264, 357715
   1265, 357989
   1266, 358271
   1267, 358551
   1268, 358828
   1269, 359108
   1270, 359289
   1271, 359675
   1272, 359959
   1273, 360247
   1274, 360528
   1275, 360806
   1276, 361088
   1277, 361374
   1278, 361658
   1279, 361879
   1280, 362193
   1281, 362505
   1282, 362807
   1283, 363111
   1284, 363406
   1285, 363707
   1286, 364003
   1287, 364304
   1288, 364600
   1289, 364898
   1290, 365199
   1291, 365494
   1292, 365786
   1293, 366085
   1294, 366645
   1295, 366945
   1296, 367254
   1297, 367546
   1298, 367839
   1299, 368138
   1300, 368426
   1301, 368713
   1302, 369003
   1303, 369294
   1304, 369581
   1305, 369870
   1306, 370158
   1307, 370447
   1308, 370736
   1309, 371027
   1310, 371319
   1311, 371606
   1312, 371889
   1313, 372178
   1314, 372464
   1315, 372739
   1316, 373016
   1317, 373300
   1318, 373577
   1319, 373862
   1320, 374153
   1321, 374436
   1322, 374720
   1323, 375013
   1324, 375304
   1325, 375595
   1326, 375885
   1327, 376174
   1328, 376459
   1329, 376753
   1330, 376967
   1331, 377289
   1332, 377590
   1333, 377883
   1334, 378179
   1335, 378475
   1336, 378758
   1337, 379055
   1338, 379587
   1339, 379895
   1340, 380199
   1341, 380490
   1342, 380783
   1343, 381084
   1344, 381369
   1345, 381653
   1346, 381944
   1347, 382223
   1348, 382508
   1349, 382800
   1350, 383090
   1351, 383381
   1352, 383677
   1353, 383966
   1354, 384270
   1355, 384569
   1356, 384866
   1357, 385158
   1358, 385454
   1359, 385746
   1360, 386041
   1361, 386337
   1362, 386624
   1363, 386928
   1364, 387221
   1365, 387508
   1366, 387808
   1367, 388096
   1368, 388385
   1369, 388682
   1370, 388976
   1371, 389263
   1372, 389546
   1373, 389831
   1374, 390116
   1375, 390402
   1376, 390692
   1377, 390966
   1378, 391247
   1379, 391529
   1380, 391815
   1381, 392097
   1382, 392383
   1383, 392679
   1384, 392968
   1385, 393263
   1386, 393552
   1387, 393851
   1388, 394146
   1389, 394439
   1390, 394747
   1391, 395043
   1392, 395335
   1393, 395642
   1394, 395942
   1395, 396239
   1396, 396532
   1397, 396814
   1398, 397106
   1399, 397406
   1400, 397701
   1401, 397995
   1402, 398283
   1403, 398578
   1404, 398871
   1405, 399165
   1406, 399375
   1407, 399679
   1408, 399987
   1409, 400271
   1410, 400575
   1411, 400877
   1412, 401172
   1413, 401475
   1414, 401786
   1415, 402084
   1416, 402379
   1417, 402680
   1418, 402972
   1419, 403270
   1420, 403572
   1421, 403858
   1422, 404147
   1423, 404459
   1424, 404761
   1425, 405051
   1426, 405353
   1427, 405650
   1428, 405947
   1429, 406245
   1430, 406539
   1431, 406760
   1432, 407078
   1433, 407378
   1434, 407687
   1435, 407987
   1436, 408279
   1437, 408585
   1438, 408882
   1439, 409183
   1440, 409492
   1441, 410033
   1442, 410347
   1443, 410656
   1444, 410965
   1445, 411262
   1446, 411565
   1447, 411871
   1448, 412175
   1449, 412476
   1450, 412779
   1451, 413079
   1452, 413381
   1453, 413689
   1454, 413990
   1455, 414290
   1456, 414596
   1457, 414901
   1458, 415204
   1459, 415514
   1460, 415811
   1461, 416110
   1462, 416421
   1463, 416720
   1464, 417014
   1465, 417313
   1466, 417607
   1467, 417903
   1468, 418202
   1469, 418506
   1470, 418800
   1471, 419091
   1472, 419392
   1473, 419687
   1474, 419973
   1475, 420256
   1476, 420554
   1477, 420844
   1478, 421128
   1479, 421421
   1480, 421707
   1481, 421989
   1482, 422275
   1483, 422517
   1484, 422825
   1485, 423109
   1486, 423399
   1487, 423677
   1488, 423957
   1489, 424192
   1490, 424492
   1491, 424776
   1492, 425049
   1493, 425326
   1494, 425599
   1495, 425874
   1496, 426146
   1497, 426425
   1498, 426707
   1499, 426989
   1500, 427283
   1501, 427569
   1502, 427852
   1503, 428146
   1504, 428434
   1505, 428723
   1506, 429006
   1507, 429295
   1508, 429578
   1509, 429867
   1510, 430155
   1511, 430432
   1512, 430661
   1513, 430994
   1514, 431290
   1515, 431580
   1516, 431865
   1517, 432158
   1518, 432451
   1519, 432746
   1520, 433043
   1521, 433340
   1522, 433636
   1523, 433927
   1524, 434233
   1525, 434531
   1526, 434825
   1527, 435125
   1528, 435421
   1529, 435718
   1530, 436021
   1531, 436315
   1532, 436607
   1533, 436908
   1534, 437213
   1535, 437513
   1536, 437818
   1537, 438118
   1538, 438420
   1539, 438728
   1540, 439030
   1541, 439334
   1542, 439635
   1543, 439933
   1544, 440239
   1545, 440544
   1546, 440833
   1547, 441137
   1548, 441437
   1549, 441728
   1550, 442036
   1551, 442334
   1552, 442621
   1553, 442919
   1554, 443218
   1555, 443509
   1556, 443796
   1557, 444088
   1558, 444373
   1559, 444666
   1560, 444961
   1561, 445244
   1562, 445531
   1563, 445803
   1564, 446098
   1565, 446392
   1566, 446675
   1567, 446963
   1568, 447248
   1569, 447530
   1570, 447736
   1571, 448049
   1572, 448336
   1573, 448621
   1574, 448922
   1575, 449215
   1576, 449504
   1577, 449797
   1578, 450093
   1579, 450383
   1580, 450683
   1581, 450985
   1582, 451280
   1583, 451581
   1584, 451885
   1585, 452186
   1586, 452495
   1587, 452790
   1588, 453096
   1589, 453407
   1590, 453712
   1591, 454024
   1592, 454334
   1593, 454636
   1594, 454952
   1595, 455260
   1596, 455567
   1597, 455877
   1598, 456187
   1599, 456497
   1600, 456815
   1601, 457122
   1602, 457433
   1603, 457748
   1604, 458061
   1605, 458367
   1606, 458667
   1607, 458976
   1608, 459280
   1609, 459582
   1610, 459893
   1611, 460192
   1612, 460487
   1613, 460800
   1614, 461100
   1615, 461396
   1616, 461702
   1617, 462006
   1618, 462306
   1619, 462617
   1620, 462924
   1621, 463217
   1622, 463518
   1623, 463822
   1624, 464110
   1625, 464399
   1626, 464701
   1627, 464987
   1628, 465282
   1629, 465587
   1630, 465878
   1631, 466179
   1632, 466482
   1633, 466781
   1634, 467081
   1635, 467374
   1636, 467676
   1637, 467971
   1638, 468262
   1639, 468565
   1640, 468858
   1641, 469148
   1642, 469447
   1643, 469747
   1644, 470041
   1645, 470334
   1646, 470641
   1647, 470935
   1648, 471235
   1649, 471544
   1650, 471843
   1651, 472139
   1652, 472446
   1653, 472744
   1654, 473046
   1655, 473339
   1656, 473637
   1657, 473943
   1658, 474244
   1659, 474550
   1660, 474857
   1661, 475161
   1662, 475474
   1663, 475784
   1664, 476092
   1665, 476400
   1666, 476711
   1667, 477017
   1668, 477332
   1669, 477641
   1670, 477946
   1671, 478259
   1672, 478574
   1673, 478883
   1674, 479191
   1675, 479507
   1676, 479816
   1677, 480377
   1678, 480696
   1679, 481003
   1680, 481302
   1681, 481594
   1682, 481886
   1683, 482162
   1684, 482450
   1685, 482692
   1686, 483006
   1687, 483312
   1688, 483612
   1689, 483905
   1690, 484209
   1691, 484516
   1692, 484811
   1693, 485105
   1694, 485411
   1695, 485706
   1696, 486001
   1697, 486307
   1698, 486603
   1699, 486899
   1700, 487196
   1701, 487500
   1702, 487800
   1703, 488093
   1704, 488399
   1705, 488636
   1706, 488995
   1707, 489199
   1708, 489585
   1709, 489891
   1710, 490206
   1711, 490516
   1712, 490821
   1713, 491127
   1714, 491438
   1715, 491666
   1716, 492033
   1717, 492368
   1718, 492690
   1719, 493009
   1720, 493330
   1721, 493651
   1722, 493962
   1723, 494271
   1724, 494581
   1725, 494896
   1726, 495210
   1727, 495523
   1728, 495835
   1729, 496153
   1730, 496473
   1731, 496789
   1732, 497015
   1733, 497386
   1734, 497718
   1735, 497908
   1736, 498359
   1737, 498674
   1738, 498987
   1739, 499223
   1740, 499586
   1741, 499916
   1742, 500241
   1743, 500563
   1744, 500885
   1745, 501214
   1746, 501536
   1747, 501852
   1748, 502173
   1749, 502485
   1750, 502794
   1751, 503115
   1752, 503340
   1753, 503710
   1754, 504050
   1755, 504367
   1756, 504687
   1757, 505013
   1758, 505326
   1759, 505643
   1760, 505955
   1761, 506260
   1762, 506574
   1763, 506884
   1764, 507109
   1765, 507466
   1766, 507772
   1767, 508085
   1768, 508396
   1769, 508617
   1770, 508959
   1771, 509265
   1772, 509569
   1773, 509880
   1774, 510102
   1775, 510446
   1776, 510752
   1777, 511064
   1778, 511369
   1779, 511670
   1780, 511974
   1781, 512275
   1782, 512496
   1783, 512854
   1784, 513160
   1785, 513470
   1786, 513697
   1787, 514046
   1788, 514362
   1789, 514669
   1790, 514899
   1791, 515251
   1792, 515568
   1793, 515883
   1794, 516193
   1795, 516499
   1796, 516815
   1797, 517120
   1798, 517420
   1799, 517730
   1800, 518037
   1801, 518342
   1802, 518660
   1803, 518972
   1804, 519280
   1805, 519596
   1806, 519909
   1807, 520221
   1808, 520532
   1809, 520842
   1810, 521153
   1811, 521469
   1812, 521789
   1813, 522100
   1814, 522413
   1815, 522737
   1816, 523051
   1817, 523354
   1818, 523666
   1819, 523978
   1820, 524286
   1821, 524594
   1822, 524902
   1823, 525212
   1824, 525520
   1825, 525828
   1826, 526132
   1827, 526439
   1828, 526749
   1829, 527054
   1830, 527369
   1831, 527682
   1832, 527984
   1833, 528288
   1834, 528598
   1835, 528900
   1836, 529202
   1837, 529497
   1838, 529804
   1839, 530105
   1840, 530403
   1841, 530713
   1842, 531017
   1843, 531312
   1844, 531625
   1845, 531809
   1846, 532217
   1847, 532524
   1848, 532824
   1849, 533120
   1850, 533419
   1851, 533722
   1852, 534022
   1853, 534320
   1854, 534628
   1855, 534936
   1856, 535238
   1857, 535540
   1858, 535850
   1859, 536158
   1860, 536465
   1861, 536779
   1862, 537084
   1863, 537386
   1864, 537697
   1865, 538002
   1866, 538300
   1867, 538611
   1868, 538920
   1869, 539230
   1870, 539547
   1871, 539856
   1872, 540172
   1873, 540490
   1874, 540802
   1875, 541116
   1876, 541423
   1877, 541734
   1878, 542048
   1879, 542355
   1880, 542668
   1881, 542986
   1882, 543290
   1883, 543604
   1884, 543916
   1885, 544220
   1886, 544536
   1887, 544845
   1888, 545149
   1889, 545461
   1890, 545766
   1891, 546067
   1892, 546381
   1893, 546686
   1894, 546990
   1895, 547300
   1896, 547603
   1897, 547906
   1898, 548210
   1899, 548515
   1900, 548820
   1901, 549119
   1902, 549426
   1903, 549735
   1904, 549952
   1905, 550272
   1906, 550584
   1907, 550883
   1908, 551194
   1909, 551500
   1910, 551798
   1911, 552101
   1912, 552410
   1913, 552715
   1914, 553013
   1915, 553316
   1916, 553615
   1917, 553917
   1918, 554217
   1919, 554514
   1920, 554811
   1921, 555110
   1922, 555403
   1923, 555707
   1924, 556000
   1925, 556299
   1926, 556603
   1927, 556803
   1928, 557095
   1929, 557473
   1930, 557784
   1931, 558097
   1932, 558406
   1933, 558710
   1934, 559016
   1935, 559322
   1936, 559618
   1937, 559922
   1938, 560231
   1939, 560526
   1940, 560827
   1941, 561137
   1942, 561441
   1943, 561746
   1944, 562045
   1945, 562344
   1946, 562640
   1947, 562941
   1948, 563240
   1949, 563531
   1950, 563812
   1951, 564028
   1952, 564345
   1953, 564639
   1954, 564932
   1955, 565231
   1956, 565528
   1957, 565834
   1958, 566148
   1959, 566449
   1960, 566752
   1961, 567071
   1962, 567381
   1963, 567680
   1964, 567988
   1965, 568286
   1966, 568587
   1967, 568896
   1968, 569196
   1969, 569501
   1970, 569814
   1971, 570125
   1972, 570443
   1973, 570754
   1974, 571068
   1975, 571267
   1976, 571680
   1977, 571924
   1978, 572301
   1979, 572602
   1980, 572914
   1981, 573222
   1982, 573524
   1983, 573830
   1984, 574135
   1985, 574447
   1986, 574757
   1987, 575068
   1988, 575376
   1989, 575691
   1990, 576005
   1991, 576315
   1992, 576623
   1993, 576930
   1994, 577239
   1995, 577549
   1996, 577860
   1997, 578174
   1998, 578479
   1999, 578793
   2000, 579100
   2001, 579406
   2002, 579710
   2003, 580019
   2004, 580318
   2005, 580618
   2006, 580923
   2007, 581211
   2008, 581507
   2009, 581806
   2010, 582090
   2011, 582321
   2012, 582634
   2013, 582932
   2014, 583219
   2015, 583505
   2016, 583792
   2017, 584026
   2018, 584334
   2019, 584616
   2020, 584739
   2021, 584899
   2022, 585175
   2023, 585432
   2024, 585701
   2025, 585963
   2026, 586222
   2027, 586482
   2028, 586747
   2029, 587001
   2030, 587255
   2031, 587512
   2032, 587772
   2033, 588019
   2034, 588269
   2035, 588515
   2036, 588763
   2037, 588863
   2038, 589007
   2039, 589250
   2040, 589496
   2041, 589737
   2042, 589978
   2043, 590220
   2044, 590460
   2045, 590706
   2046, 590949
   2047, 591190
   2048, 591428
   2049, 591675
   2050, 591921
   2051, 592165
   2052, 592411
   2053, 592659
   2054, 592905
   2055, 593144
   2056, 593390
   2057, 593638
   2058, 593880
   2059, 594120
   2060, 594361
   2061, 594604
   2062, 594843
   2063, 595084
   2064, 595332
   2065, 595577
   2066, 595819
   2067, 596062
   2068, 596308
   2069, 596554
   2070, 596797
   2071, 597042
   2072, 597284
   2073, 597526
   2074, 597768
   2075, 598012
   2076, 598254
   2077, 598500
   2078, 598746
   2079, 598990
   2080, 599232
   2081, 599421
   2082, 599700
   2083, 599951
   2084, 600193
   2085, 600445
   2086, 600691
   2087, 600935
   2088, 601183
   2089, 601436
   2090, 601681
   2091, 601928
   2092, 602177
   2093, 602434
   2094, 602676
   2095, 602925
   2096, 603171
   2097, 603419
   2098, 603668
   2099, 603921
   2100, 604173
   2101, 604428
   2102, 604677
   2103, 604931
   2104, 605184
   2105, 605442
   2106, 605693
   2107, 605945
   2108, 606193
   2109, 606447
   2110, 606695
   2111, 606942
   2112, 607197
   2113, 607453
   2114, 607704
   2115, 607954
   2116, 608214
   2117, 608469
   2118, 608724
   2119, 608974
   2120, 609234
   2121, 609484
   2122, 609737
   2123, 609991
   2124, 610248
   2125, 610497
   2126, 610753
   2127, 611005
   2128, 611262
   2129, 611516
   2130, 611772
   2131, 612020
   2132, 612217
   2133, 612637
   2134, 612902
   2135, 613165
   2136, 613424
   2137, 613679
   2138, 613930
   2139, 614189
   2140, 614443
   2141, 614693
   2142, 614942
   2143, 615134
   2144, 615409
   2145, 615661
   2146, 615917
   2147, 616173
   2148, 616366
   2149, 616653
   2150, 616909
   2151, 617167
   2152, 617422
   2153, 617679
   2154, 617932
   2155, 618187
   2156, 618439
   2157, 618695
   2158, 618947
   2159, 619208
   2160, 619460
   2161, 619709
   2162, 619957
   2163, 620216
   2164, 620465
   2165, 620715
   2166, 620963
   2167, 621220
   2168, 621469
   2169, 621719
   2170, 621846
   2171, 621975
   2172, 622229
   2173, 622473
   2174, 622719
   2175, 622967
   2176, 623216
   2177, 623462
   2178, 623711
   2179, 623957
   2180, 624143
   2181, 624427
   2182, 624683
   2183, 624936
   2184, 625195
   2185, 625449
   2186, 625702
   2187, 625957
   2188, 626217
   2189, 626476
   2190, 626724
   2191, 626983
   2192, 627236
   2193, 627424
   2194, 627601
   2195, 627857
   2196, 628119
   2197, 628366
   2198, 628618
   2199, 628876
   2200, 629132
   2201, 629385
   2202, 629631
   2203, 629885
   2204, 630131
   2205, 630383
   2206, 630637
   2207, 630895
   2208, 631143
   2209, 631396
   2210, 631647
   2211, 631904
   2212, 632158
   2213, 632414
   2214, 632661
   2215, 632918
   2216, 633173
   2217, 633429
   2218, 633682
   2219, 633940
   2220, 634195
   2221, 634445
   2222, 634706
   2223, 634967
   2224, 635227
   2225, 635481
   2226, 635742
   2227, 636002
   2228, 636258
   2229, 636519
   2230, 636786
   2231, 637040
   2232, 637299
   2233, 637491
   2234, 637915
   2235, 638184
   2236, 638441
   2237, 638697
   2238, 638951
   2239, 639210
   2240, 639404
   2241, 639685
   2242, 639942
   2243, 640197
   2244, 640449
   2245, 640644
   2246, 640925
   2247, 641183
   2248, 641428
   2249, 641685
   2250, 641938
   2251, 642187
   2252, 642442
   2253, 642702
   2254, 642951
   2255, 643204
   2256, 643461
   2257, 643725
   2258, 643979
   2259, 644236
   2260, 644489
   2261, 644744
   2262, 644999
   2263, 645260
   2264, 645521
   2265, 645779
   2266, 646036
   2267, 646260
   2268, 646546
   2269, 646809
   2270, 647074
   2271, 647326
   2272, 647528
   2273, 647813
   2274, 648079
   2275, 648341
   2276, 648611
   2277, 648802
   2278, 649236
   2279, 649439
   2280, 649753
