      0,   1326
      1,   1661
      2,   1981
      3,   2305
      4,   2508
      5,   2580
      6,   2967
      7,   3307
      8,   3624
      9,   3934
     10,   4268
     11,   4467
     12,   4917
     13,   5250
     14,   5562
     15,   5892
     16,   6220
     17,   6531
     18,   6874
     19,   7210
     20,   7523
     21,   7729
     22,   7802
     23,   8189
     24,   8398
     25,   8870
     26,   9071
     27,   9143
     28,   9541
     29,   9756
     30,  10204
     31,  10429
     32,  10878
     33,  11087
     34,  11555
     35,  11873
     36,  12197
     37,  12512
     38,  12815
     39,  13020
     40,  13093
     41,  13473
     42,  13676
     43,  13748
     44,  14131
     45,  14346
     46,  14799
     47,  15000
     48,  15462
     49,  15778
     50,  16091
     51,  16416
     52,  16731
     53,  16930
     54,  17402
     55,  17733
     56,  17931
     57,  18399
     58,  18737
     59,  18943
     60,  19414
     61,  19638
     62,  20115
     63,  20448
     64,  20649
     65,  21112
     66,  21318
     67,  21774
     68,  21991
     69,  22422
     70,  22755
     71,  23073
     72,  23392
     73,  23733
     74,  24064
     75,  24416
     76,  24758
     77,  25080
     78,  25287
     79,  25767
     80,  26083
     81,  26413
     82,  26740
     83,  27058
     84,  27377
     85,  27706
     86,  27906
     87,  28382
     88,  28729
     89,  29066
     90,  29387
     91,  29715
     92,  29931
     93,  30397
     94,  30598
     95,  31077
     96,  31282
     97,  31738
     98,  32074
     99,  32386
    100,  32708
    101,  33036
    102,  33355
    103,  33678
    104,  34011
    105,  34340
    106,  34667
    107,  35006
    108,  35349
    109,  35677
    110,  36027
    111,  36365
    112,  36695
    113,  37039
    114,  37367
    115,  37692
    116,  38038
    117,  38363
    118,  38686
    119,  39025
    120,  39351
    121,  39669
    122,  39995
    123,  40310
    124,  40637
    125,  40963
    126,  41289
    127,  41618
    128,  41947
    129,  42147
    130,  42606
    131,  42938
    132,  43260
    133,  43573
    134,  43892
    135,  44217
    136,  44528
    137,  44845
    138,  45050
    139,  45503
    140,  45843
    141,  46171
    142,  46492
    143,  46825
    144,  47143
    145,  47348
    146,  47806
    147,  48012
    148,  48474
    149,  48720
    150,  49159
    151,  49501
    152,  49818
    153,  50025
    154,  50479
    155,  50806
    156,  51008
    157,  51471
    158,  51798
    159,  52126
    160,  52445
    161,  52758
    162,  52962
    163,  53418
    164,  53763
    165,  54090
    166,  54406
    167,  54738
    168,  55058
    169,  55377
    170,  55709
    171,  56030
    172,  56348
    173,  56682
    174,  56997
    175,  57195
    176,  57663
    177,  57982
    178,  58180
    179,  58635
    180,  58954
    181,  59162
    182,  59602
    183,  59813
    184,  60268
    185,  60580
    186,  60776
    187,  61218
    188,  61527
    189,  61856
    190,  62184
    191,  62503
    192,  62712
    193,  63205
    194,  63530
    195,  63738
    196,  64224
    197,  64579
    198,  64784
    199,  65260
    200,  65597
    201,  65798
    202,  66263
    203,  66597
    204,  66804
    205,  67273
    206,  67481
    207,  67946
    208,  68276
    209,  68477
    210,  68926
    211,  69140
    212,  69594
    213,  69808
    214,  70261
    215,  70501
    216,  70942
    217,  71145
    218,  71609
    219,  71821
    220,  72278
    221,  72616
    222,  72939
    223,  73261
    224,  73605
    225,  73934
    226,  74131
    227,  74606
    228,  74821
    229,  75291
    230,  75624
    231,  75943
    232,  76155
    233,  76623
    234,  76828
    235,  77298
    236,  77505
    237,  77967
    238,  78303
    239,  78617
    240,  78953
    241,  79286
    242,  79601
    243,  79934
    244,  80273
    245,  80612
    246,  80951
    247,  81296
    248,  81645
    249,  81845
    250,  82309
    251,  82651
    252,  82971
    253,  83177
    254,  83641
    255,  83845
    256,  84316
    257,  84645
    258,  84950
    259,  85159
    260,  85613
    261,  85820
    262,  86282
    263,  86598
    264,  86808
    265,  87264
    266,  87583
    267,  87791
    268,  88248
    269,  88584
    270,  88789
    271,  89251
    272,  89523
    273,  89959
    274,  90276
    275,  90480
    276,  90947
    277,  91295
    278,  91616
    279,  91929
    280,  92271
    281,  92471
    282,  92930
    283,  93273
    284,  93603
    285,  93929
    286,  94251
    287,  94451
    288,  94919
    289,  95256
    290,  95577
    291,  95892
    292,  96216
    293,  96422
    294,  96889
    295,  97225
    296,  97562
    297,  97883
    298,  98086
    299,  98543
    300,  98745
    301,  99212
    302,  99542
    303,  99857
    304, 100060
    305, 100522
    306, 100843
    307, 101162
    308, 101364
    309, 101823
    310, 102031
    311, 102482
    312, 102704
    313, 103161
    314, 103478
    315, 103682
    316, 104123
    317, 104437
    318, 104644
    319, 105079
    320, 105394
    321, 105615
    322, 106043
    323, 106243
    324, 106711
    325, 106913
    326, 107374
    327, 107594
    328, 108038
    329, 108373
    330, 108576
    331, 109026
    332, 109351
    333, 109552
    334, 110008
    335, 110328
    336, 110528
    337, 110985
    338, 111311
    339, 111510
    340, 111965
    341, 112290
    342, 112494
    343, 112948
    344, 113150
    345, 113610
    346, 113919
    347, 114220
    348, 114535
    349, 114840
    350, 115159
    351, 115488
    352, 115799
    353, 115999
    354, 116469
    355, 116676
    356, 117127
    357, 117452
    358, 117762
    359, 117970
    360, 118423
    361, 118740
    362, 118954
    363, 119402
    364, 119717
    365, 119923
    366, 120365
    367, 120685
    368, 120890
    369, 121320
    370, 121648
    371, 121848
    372, 122278
    373, 122595
    374, 122797
    375, 123241
    376, 123568
    377, 123886
    378, 124201
    379, 124403
    380, 124848
    381, 125055
    382, 125495
    383, 125815
    384, 126123
    385, 126433
    386, 126750
    387, 127058
    388, 127374
    389, 127694
    390, 128002
    391, 128320
    392, 128655
    393, 128968
    394, 129286
    395, 129618
    396, 129932
    397, 130128
    398, 130581
    399, 130784
    400, 131243
    401, 131568
    402, 131876
    403, 132091
    404, 132540
    405, 132743
    406, 133195
    407, 133510
    408, 133712
    409, 134158
    410, 134473
    411, 134671
    412, 135119
    413, 135434
    414, 135633
    415, 136079
    416, 136398
    417, 136605
    418, 137056
    419, 137373
    420, 137583
    421, 138037
    422, 138345
    423, 138544
    424, 138985
    425, 139305
    426, 139620
    427, 139941
    428, 140274
    429, 140598
    430, 140925
    431, 141251
    432, 141573
    433, 141909
    434, 142115
    435, 142575
    436, 142921
    437, 143241
    438, 143547
    439, 143875
    440, 144186
    441, 144506
    442, 144834
    443, 145146
    444, 145469
    445, 145802
    446, 146119
    447, 146435
    448, 146764
    449, 147086
    450, 147413
    451, 147735
    452, 148052
    453, 148376
    454, 148698
    455, 149008
    456, 149327
    457, 149655
    458, 149977
    459, 150290
    460, 150615
    461, 150943
    462, 151245
    463, 151558
    464, 151759
    465, 152205
    466, 152543
    467, 152868
    468, 153177
    469, 153502
    470, 153711
    471, 154165
    472, 154501
    473, 154813
    474, 155135
    475, 155467
    476, 155779
    477, 156110
    478, 156450
    479, 156771
    480, 156967
    481, 157435
    482, 157761
    483, 157971
    484, 158436
    485, 158759
    486, 158973
    487, 159438
    488, 159755
    489, 159957
    490, 160031
    491, 160404
    492, 160726
    493, 160925
    494, 161366
    495, 161578
    496, 162027
    497, 162344
    498, 162649
    499, 162851
    500, 163316
    501, 163635
    502, 163960
    503, 164301
    504, 164621
    505, 164941
    506, 165276
    507, 165595
    508, 165797
    509, 166268
    510, 166470
    511, 166939
    512, 167277
    513, 167588
    514, 167795
    515, 168254
    516, 168463
    517, 168925
    518, 169131
    519, 169593
    520, 169927
    521, 170233
    522, 170549
    523, 170872
    524, 171073
    525, 171537
    526, 171875
    527, 172211
    528, 172527
    529, 172849
    530, 173056
    531, 173514
    532, 173863
    533, 174192
    534, 174507
    535, 174845
    536, 175162
    537, 175478
    538, 175816
    539, 176131
    540, 176453
    541, 176792
    542, 177118
    543, 177441
    544, 177775
    545, 178098
    546, 178414
    547, 178738
    548, 179063
    549, 179387
    550, 179707
    551, 180025
    552, 180346
    553, 180670
    554, 180986
    555, 181298
    556, 181623
    557, 181947
    558, 182262
    559, 182587
    560, 182910
    561, 183234
    562, 183562
    563, 183884
    564, 184202
    565, 184536
    566, 184858
    567, 185182
    568, 185515
    569, 185833
    570, 186156
    571, 186480
    572, 186795
    573, 187114
    574, 187448
    575, 187774
    576, 188088
    577, 188429
    578, 188763
    579, 189075
    580, 189404
    581, 189726
    582, 190046
    583, 190372
    584, 190691
    585, 191015
    586, 191344
    587, 191661
    588, 191978
    589, 192303
    590, 192627
    591, 192952
    592, 193276
    593, 193601
    594, 193917
    595, 194230
    596, 194541
    597, 194850
    598, 195164
    599, 195486
    600, 195793
    601, 196120
    602, 196329
    603, 196785
    604, 197125
    605, 197451
    606, 197767
    607, 198103
    608, 198301
    609, 198764
    610, 199113
    611, 199445
    612, 199768
    613, 200095
    614, 200295
    615, 200770
    616, 201113
    617, 201442
    618, 201766
    619, 202093
    620, 202292
    621, 202755
    622, 203098
    623, 203424
    624, 203734
    625, 204061
    626, 204378
    627, 204582
    628, 205049
    629, 205371
    630, 205573
    631, 206056
    632, 206384
    633, 206583
    634, 207060
    635, 207394
    636, 207594
    637, 208053
    638, 208389
    639, 208594
    640, 209055
    641, 209389
    642, 209592
    643, 210054
    644, 210266
    645, 210730
    646, 211050
    647, 211259
    648, 211706
    649, 212038
    650, 212247
    651, 212697
    652, 213015
    653, 213214
    654, 213661
    655, 213868
    656, 214323
    657, 214632
    658, 214844
    659, 215281
    660, 215591
    661, 215795
    662, 216264
    663, 216602
    664, 216803
    665, 217271
    666, 217604
    667, 217934
    668, 218255
    669, 218576
    670, 218900
    671, 219230
    672, 219547
    673, 219756
    674, 220221
    675, 220545
    676, 220748
    677, 221205
    678, 221410
    679, 221875
    680, 222195
    681, 222501
    682, 222822
    683, 223141
    684, 223454
    685, 223782
    686, 223981
    687, 224440
    688, 224790
    689, 225105
    690, 225416
    691, 225752
    692, 225953
    693, 226414
    694, 226765
    695, 227093
    696, 227419
    697, 227751
    698, 227948
    699, 228429
    700, 228774
    701, 229095
    702, 229406
    703, 229734
    704, 230064
    705, 230376
    706, 230707
    707, 231038
    708, 231351
    709, 231677
    710, 232002
    711, 232321
    712, 232658
    713, 232976
    714, 233293
    715, 233634
    716, 233947
    717, 234142
    718, 234607
    719, 234930
    720, 235134
    721, 235594
    722, 235918
    723, 236244
    724, 236567
    725, 236875
    726, 237192
    727, 237521
    728, 237848
    729, 238161
    730, 238494
    731, 238822
    732, 239148
    733, 239477
    734, 239802
    735, 240127
    736, 240468
    737, 240788
    738, 240992
    739, 241469
    740, 241799
    741, 242003
    742, 242461
    743, 242787
    744, 242992
    745, 243457
    746, 243774
    747, 244106
    748, 244424
    749, 244731
    750, 244938
    751, 245402
    752, 245728
    753, 245935
    754, 246395
    755, 246718
    756, 247040
    757, 247358
    758, 247676
    759, 247875
    760, 248331
    761, 248660
    762, 248865
    763, 249318
    764, 249658
    765, 249986
    766, 250294
    767, 250610
    768, 250934
    769, 251251
    770, 251567
    771, 251891
    772, 252214
    773, 252538
    774, 252853
    775, 253175
    776, 253489
    777, 253820
    778, 254146
    779, 254454
    780, 254786
    781, 254987
    782, 255443
    783, 255784
    784, 256101
    785, 256426
    786, 256757
    787, 256956
    788, 257422
    789, 257765
    790, 258080
    791, 258395
    792, 258708
    793, 258909
    794, 259369
    795, 259699
    796, 260021
    797, 260339
    798, 260668
    799, 260865
    800, 261332
    801, 261680
    802, 262012
    803, 262337
    804, 262675
    805, 262997
    806, 263199
    807, 263668
    808, 263994
    809, 264194
    810, 264669
    811, 264995
    812, 265194
    813, 265665
    814, 265875
    815, 266354
    816, 266679
    817, 267012
    818, 267350
    819, 267665
    820, 267867
    821, 268335
    822, 268541
    823, 269003
    824, 269334
    825, 269649
    826, 269854
    827, 270312
    828, 270518
    829, 270987
    830, 271326
    831, 271637
    832, 271962
    833, 272292
    834, 272614
    835, 272814
    836, 273277
    837, 273608
    838, 273813
    839, 274272
    840, 274595
    841, 274796
    842, 275260
    843, 275589
    844, 275788
    845, 276251
    846, 276464
    847, 276927
    848, 277130
    849, 277585
    850, 277919
    851, 278228
    852, 278430
    853, 278892
    854, 279223
    855, 279421
    856, 279888
    857, 280213
    858, 280419
    859, 280886
    860, 281210
    861, 281418
    862, 281872
    863, 282198
    864, 282399
    865, 282849
    866, 283055
    867, 283509
    868, 283715
    869, 284175
    870, 284425
    871, 284858
    872, 285202
    873, 285526
    874, 285849
    875, 286176
    876, 286370
    877, 286845
    878, 287190
    879, 287513
    880, 287834
    881, 288168
    882, 288498
    883, 288812
    884, 289139
    885, 289468
    886, 289795
    887, 290118
    888, 290438
    889, 290755
    890, 291088
    891, 291397
    892, 291711
    893, 292045
    894, 292360
    895, 292671
    896, 293002
    897, 293313
    898, 293636
    899, 293965
    900, 294162
    901, 294621
    902, 294964
    903, 295283
    904, 295608
    905, 295932
    906, 296249
    907, 296456
    908, 296930
    909, 297133
    910, 297604
    911, 297944
    912, 298262
    913, 298459
    914, 298934
    915, 299143
    916, 299607
    917, 299943
    918, 300266
    919, 300467
    920, 300934
    921, 301273
    922, 301475
    923, 301949
    924, 302151
    925, 302622
    926, 302949
    927, 303265
    928, 303582
    929, 303897
    930, 304209
    931, 304543
    932, 304868
    933, 305189
    934, 305536
    935, 305870
    936, 306191
    937, 306529
    938, 306854
    939, 307185
    940, 307513
    941, 307829
    942, 308036
    943, 308509
    944, 308833
    945, 309163
    946, 309494
    947, 309818
    948, 310135
    949, 310454
    950, 310778
    951, 311090
    952, 311402
    953, 311717
    954, 312030
    955, 312360
    956, 312675
    957, 312874
    958, 313339
    959, 313666
    960, 313869
    961, 314330
    962, 314650
    963, 314982
    964, 315310
    965, 315620
    966, 315947
    967, 316277
    968, 316584
    969, 316913
    970, 317242
    971, 317570
    972, 317892
    973, 318222
    974, 318424
    975, 318894
    976, 319232
    977, 319569
    978, 319886
    979, 320219
    980, 320422
    981, 320882
    982, 321231
    983, 321556
    984, 321874
    985, 322210
    986, 322531
    987, 322854
    988, 323192
    989, 323507
    990, 323707
    991, 324188
    992, 324392
    993, 324858
    994, 325189
    995, 325507
    996, 325715
    997, 326173
    998, 326502
    999, 326827
   1000, 327037
   1001, 327488
   1002, 327821
   1003, 328149
   1004, 328469
   1005, 328678
   1006, 329141
   1007, 329466
   1008, 329797
   1009, 330123
   1010, 330454
   1011, 330772
   1012, 331105
   1013, 331433
   1014, 331746
   1015, 331965
   1016, 332423
   1017, 332741
   1018, 333055
   1019, 333373
   1020, 333692
   1021, 334001
   1022, 334322
   1023, 334524
   1024, 334987
   1025, 335327
   1026, 335663
   1027, 335978
   1028, 336315
   1029, 336650
   1030, 336967
   1031, 337305
   1032, 337632
   1033, 337950
   1034, 338291
   1035, 338622
   1036, 338952
   1037, 339297
   1038, 339623
   1039, 339959
   1040, 340291
   1041, 340604
   1042, 340809
   1043, 341273
   1044, 341604
   1045, 341817
   1046, 342270
   1047, 342605
   1048, 342807
   1049, 343256
   1050, 343586
   1051, 343787
   1052, 344247
   1053, 344582
   1054, 344783
   1055, 345247
   1056, 345573
   1057, 345774
   1058, 346221
   1059, 346537
   1060, 346738
   1061, 347197
   1062, 347509
   1063, 347711
   1064, 348164
   1065, 348375
   1066, 348831
   1067, 349033
   1068, 349483
   1069, 349816
   1070, 350127
   1071, 350435
   1072, 350754
   1073, 350961
   1074, 351407
   1075, 351740
   1076, 352060
   1077, 352377
   1078, 352579
   1079, 353042
   1080, 353255
   1081, 353715
   1082, 354052
   1083, 354366
   1084, 354567
   1085, 355026
   1086, 355230
   1087, 355683
   1088, 356013
   1089, 356325
   1090, 356649
   1091, 356973
   1092, 357288
   1093, 357624
   1094, 357941
   1095, 358140
   1096, 358621
   1097, 358839
   1098, 359299
   1099, 359636
   1100, 359951
   1101, 360277
   1102, 360598
   1103, 360917
   1104, 361240
   1105, 361571
   1106, 361885
   1107, 362202
   1108, 362528
   1109, 362846
   1110, 363165
   1111, 363486
   1112, 363808
   1113, 364132
   1114, 364456
   1115, 364777
   1116, 365092
   1117, 365420
   1118, 365747
   1119, 366062
   1120, 366395
   1121, 366597
   1122, 367057
   1123, 367393
   1124, 367711
   1125, 368020
   1126, 368223
   1127, 368674
   1128, 368882
   1129, 369343
   1130, 369683
   1131, 370000
   1132, 370317
   1133, 370652
   1134, 370983
   1135, 371306
   1136, 371631
   1137, 371961
   1138, 372282
   1139, 372604
   1140, 372925
   1141, 373241
   1142, 373581
   1143, 373906
   1144, 374223
   1145, 374572
   1146, 374909
   1147, 375227
   1148, 375569
   1149, 375900
   1150, 376099
   1151, 376574
   1152, 376773
   1153, 377247
   1154, 377596
   1155, 377905
   1156, 378219
   1157, 378538
   1158, 378856
   1159, 379169
   1160, 379489
   1161, 379814
   1162, 380130
   1163, 380452
   1164, 380770
   1165, 381090
   1166, 381422
   1167, 381747
   1168, 382072
   1169, 382414
   1170, 382740
   1171, 382941
   1172, 383421
   1173, 383630
   1174, 384119
   1175, 384331
   1176, 384817
   1177, 385176
   1178, 385515
   1179, 385853
   1180, 386190
   1181, 386525
   1182, 386870
   1183, 387211
   1184, 387554
   1185, 387765
   1186, 388248
   1187, 388602
   1188, 388799
   1189, 389285
   1190, 389500
   1191, 389974
   1192, 390177
   1193, 390659
   1194, 391000
   1195, 391330
   1196, 391527
   1197, 392011
   1198, 392355
   1199, 392685
   1200, 393028
   1201, 393365
   1202, 393697
   1203, 393901
   1204, 394376
   1205, 394581
   1206, 395067
   1207, 395271
   1208, 395745
   1209, 396105
   1210, 396435
   1211, 396755
   1212, 397079
   1213, 397420
   1214, 397744
   1215, 398064
   1216, 398270
   1217, 398743
   1218, 398937
   1219, 399404
   1220, 399612
   1221, 400082
   1222, 400417
   1223, 400620
   1224, 401082
   1225, 401395
   1226, 401686
   1227, 401976
   1228, 402183
   1229, 402524
   1230, 402732
   1231, 403046
   1232, 403251
   1233, 403549
   1234, 403812
   1235, 404058
   1236, 404258
   1237, 404689
   1238, 404989
   1239, 405294
   1240, 405606
   1241, 405909
   1242, 406106
   1243, 406572
   1244, 406882
   1245, 407192
   1246, 407515
   1247, 407713
   1248, 408182
   1249, 408382
   1250, 408840
   1251, 409060
   1252, 409514
   1253, 409715
   1254, 410171
   1255, 410372
   1256, 410821
   1257, 411129
   1258, 411418
   1259, 411727
   1260, 412031
   1261, 412236
   1262, 412676
   1263, 412877
   1264, 413324
   1265, 413536
   1266, 413963
   1267, 414273
   1268, 414568
   1269, 414862
   1270, 415065
   1271, 415468
   1272, 415665
   1273, 416078
   1274, 416303
   1275, 416678
   1276, 416884
   1277, 417287
   1278, 417507
   1279, 417873
   1280, 418144
   1281, 418415
   1282, 418696
   1283, 418987
   1284, 419185
   1285, 419620
   1286, 419946
   1287, 420255
   1288, 420574
   1289, 420886
   1290, 421089
   1291, 421534
   1292, 421854
   1293, 422054
   1294, 422492
   1295, 422806
   1296, 423000
   1297, 423429
   1298, 423739
   1299, 423940
   1300, 424356
   1301, 424659
   1302, 424865
   1303, 425283
   1304, 425491
   1305, 425907
   1306, 426119
   1307, 426538
   1308, 426743
   1309, 427152
   1310, 427354
   1311, 427764
   1312, 428061
   1313, 428350
   1314, 428637
   1315, 428841
   1316, 429259
   1317, 429465
   1318, 429874
   1319, 430176
   1320, 430471
   1321, 430771
   1322, 430971
   1323, 431391
   1324, 431687
   1325, 431987
   1326, 432282
   1327, 432480
   1328, 432888
   1329, 433085
   1330, 433485
   1331, 433773
   1332, 433973
   1333, 434344
   1334, 434631
   1335, 434901
   1336, 435101
   1337, 435469
   1338, 435746
   1339, 436021
   1340, 436225
   1341, 436564
   1342, 436832
   1343, 437038
   1344, 437386
   1345, 437616
   1346, 437864
   1347, 438143
   1348, 438411
   1349, 438610
   1350, 439001
   1351, 439297
   1352, 439495
   1353, 439944
   1354, 440266
   1355, 440464
   1356, 440963
   1357, 441317
   1358, 441505
   1359, 442018
   1360, 442366
   1361, 442711
   1362, 443044
   1363, 443378
   1364, 443583
   1365, 444073
   1366, 444277
   1367, 444754
   1368, 444957
   1369, 445435
   1370, 445638
   1371, 446097
   1372, 446420
   1373, 446745
   1374, 447063
   1375, 447375
   1376, 447582
   1377, 448044
   1378, 448377
   1379, 448574
   1380, 449039
   1381, 449242
   1382, 449702
   1383, 450017
   1384, 450214
   1385, 450678
   1386, 450998
   1387, 451316
   1388, 451522
   1389, 451980
   1390, 452174
   1391, 452632
   1392, 452835
   1393, 453312
   1394, 453639
   1395, 453974
   1396, 454180
   1397, 454653
   1398, 454986
   1399, 455317
   1400, 455520
   1401, 455998
   1402, 456202
   1403, 456671
   1404, 457005
   1405, 457206
   1406, 457676
   1407, 457878
   1408, 458353
   1409, 458693
   1410, 458888
   1411, 459365
   1412, 459706
   1413, 459906
   1414, 460364
   1415, 460698
   1416, 460898
   1417, 461357
   1418, 461694
   1419, 461894
   1420, 462352
   1421, 462560
   1422, 462992
   1423, 463191
   1424, 463636
   1425, 463948
   1426, 464258
   1427, 464584
   1428, 464925
   1429, 465124
   1430, 465635
   1431, 465845
   1432, 466364
   1433, 466594
   1434, 467076
   1435, 467281
   1436, 467790
   1437, 467982
   1438, 468454
   1439, 468656
   1440, 469123
   1441, 469329
   1442, 469792
   1443, 470118
   1444, 470450
   1445, 470645
   1446, 471116
   1447, 471318
   1448, 471817
   1449, 472149
   1450, 472483
   1451, 472813
   1452, 473147
   1453, 473345
   1454, 473826
   1455, 474170
   1456, 474377
   1457, 474857
   1458, 475198
   1459, 475544
   1460, 475743
   1461, 476208
   1462, 476408
   1463, 476887
   1464, 477095
   1465, 477568
   1466, 477913
   1467, 478250
   1468, 478452
   1469, 478924
   1470, 479127
   1471, 479609
   1472, 479817
   1473, 480284
   1474, 480491
   1475, 480968
   1476, 481170
   1477, 481638
   1478, 481837
   1479, 482302
   1480, 482512
   1481, 482959
   1482, 483164
   1483, 483599
   1484, 483898
   1485, 484196
   1486, 484475
   1487, 484762
   1488, 485065
   1489, 485359
   1490, 485654
   1491, 485976
   1492, 486298
   1493, 486611
   1494, 486948
   1495, 487290
   1496, 487624
   1497, 487969
   1498, 488321
   1499, 488672
   1500, 489017
   1501, 489218
   1502, 489720
   1503, 489928
   1504, 490409
   1505, 490608
   1506, 491066
   1507, 491289
   1508, 491733
   1509, 492048
   1510, 492246
   1511, 492674
   1512, 492990
   1513, 493189
   1514, 493610
   1515, 493818
   1516, 494254
   1517, 494550
   1518, 494859
   1519, 495174
   1520, 495495
   1521, 495826
   1522, 496030
   1523, 496492
   1524, 496695
   1525, 497165
   1526, 497370
   1527, 497834
   1528, 498038
   1529, 498508
   1530, 498711
   1531, 499172
   1532, 499499
   1533, 499697
   1534, 500129
   1535, 500339
   1536, 500759
   1537, 501063
   1538, 501359
   1539, 501557
   1540, 501978
   1541, 502183
   1542, 502594
   1543, 502904
   1544, 503104
   1545, 503549
   1546, 503871
   1547, 504070
   1548, 504533
   1549, 504737
   1550, 505199
   1551, 505404
   1552, 505905
   1553, 506111
   1554, 506605
   1555, 506960
   1556, 507167
   1557, 507648
   1558, 508003
   1559, 508203
   1560, 508686
   1561, 508901
   1562, 509381
   1563, 509724
   1564, 509925
   1565, 510401
   1566, 510742
   1567, 511073
   1568, 511273
   1569, 511747
   1570, 511954
   1571, 512433
   1572, 512771
   1573, 513098
   1574, 513306
   1575, 513776
   1576, 513987
   1577, 514472
   1578, 514803
   1579, 515011
   1580, 515487
   1581, 515830
   1582, 516162
   1583, 516487
   1584, 516691
   1585, 517177
   1586, 517517
   1587, 517869
   1588, 518203
   1589, 518531
   1590, 518745
   1591, 519214
   1592, 519430
   1593, 519904
   1594, 520236
   1595, 520445
   1596, 520903
   1597, 521226
   1598, 521543
   1599, 521746
   1600, 522199
   1601, 522402
   1602, 522826
   1603, 523145
   1604, 523349
   1605, 523768
   1606, 523979
   1607, 524416
   1608, 524737
   1609, 525058
   1610, 525257
   1611, 525745
   1612, 525952
   1613, 526421
   1614, 526638
   1615, 527092
   1616, 527427
   1617, 527628
   1618, 528068
   1619, 528394
   1620, 528592
   1621, 529027
   1622, 529348
   1623, 529548
   1624, 530006
   1625, 530332
   1626, 530534
   1627, 530989
   1628, 531309
   1629, 531513
   1630, 531949
   1631, 532152
   1632, 532601
   1633, 532810
   1634, 533247
   1635, 533559
   1636, 533874
   1637, 534196
   1638, 534527
   1639, 534728
   1640, 535208
   1641, 535423
   1642, 535907
   1643, 536110
   1644, 536583
   1645, 536800
   1646, 537256
   1647, 537486
   1648, 537923
   1649, 538128
   1650, 538576
   1651, 538790
   1652, 539235
   1653, 539547
   1654, 539860
   1655, 540167
   1656, 540488
   1657, 540811
   1658, 541138
   1659, 541482
   1660, 541825
   1661, 542162
   1662, 542514
   1663, 542862
   1664, 543213
   1665, 543570
   1666, 543908
   1667, 544263
   1668, 544611
   1669, 544944
   1670, 545285
   1671, 545630
   1672, 545982
   1673, 546180
   1674, 546678
   1675, 546889
   1676, 547368
   1677, 547587
   1678, 548055
   1679, 548272
   1680, 548734
   1681, 548947
   1682, 549395
   1683, 549722
   1684, 549923
   1685, 550368
   1686, 550688
   1687, 551005
   1688, 551214
   1689, 551642
   1690, 551852
   1691, 552265
   1692, 552466
   1693, 552839
   1694, 553115
   1695, 553313
   1696, 553647
   1697, 553918
   1698, 554178
   1699, 554433
   1700, 554694
   1701, 554957
   1702, 555163
   1703, 555494
   1704, 555772
   1705, 555972
   1706, 556331
   1707, 556543
   1708, 556903
   1709, 557176
   1710, 557446
   1711, 557658
   1712, 558028
   1713, 558252
   1714, 558619
   1715, 558908
   1716, 559215
   1717, 559421
   1718, 559836
   1719, 560153
   1720, 560476
   1721, 560681
   1722, 561152
   1723, 561504
   1724, 561846
   1725, 562182
   1726, 562384
   1727, 562896
   1728, 563239
   1729, 563574
   1730, 563776
   1731, 564262
   1732, 564597
   1733, 564936
   1734, 565261
   1735, 565597
   1736, 565933
   1737, 566240
   1738, 566547
   1739, 566750
   1740, 567142
   1741, 567351
   1742, 567786
   1743, 568095
   1744, 568398
   1745, 568614
   1746, 569042
   1747, 569248
   1748, 569696
   1749, 570008
   1750, 570325
   1751, 570530
   1752, 570969
   1753, 571173
   1754, 571579
   1755, 571866
   1756, 572154
   1757, 572358
   1758, 572756
   1759, 573041
   1760, 573329
   1761, 573611
   1762, 573812
   1763, 574195
   1764, 574405
   1765, 574794
   1766, 575091
   1767, 575381
   1768, 575585
   1769, 575977
   1770, 576272
   1771, 576571
   1772, 576882
   1773, 577187
   1774, 577387
   1775, 577866
   1776, 578066
   1777, 578557
   1778, 578883
   1779, 579085
   1780, 579552
   1781, 579886
   1782, 580083
   1783, 580580
   1784, 580947
   1785, 581152
   1786, 581657
   1787, 581867
   1788, 582365
   1789, 582727
   1790, 582933
   1791, 583438
   1792, 583638
   1793, 584157
   1794, 584500
   1795, 584833
   1796, 585173
   1797, 585505
   1798, 585834
   1799, 586036
   1800, 586533
   1801, 586737
   1802, 587200
   1803, 587550
   1804, 587872
   1805, 588182
   1806, 588385
   1807, 588829
   1808, 589031
   1809, 589480
   1810, 589799
   1811, 590101
   1812, 590398
   1813, 590721
   1814, 590927
   1815, 591389
   1816, 591732
   1817, 592060
   1818, 592380
   1819, 592701
   1820, 593029
   1821, 593348
   1822, 593692
   1823, 594032
   1824, 594363
   1825, 594707
   1826, 595067
   1827, 595415
   1828, 595743
   1829, 595958
   1830, 596441
   1831, 596774
   1832, 596975
   1833, 597448
   1834, 597773
   1835, 598092
   1836, 598420
   1837, 598752
   1838, 599097
   1839, 599307
   1840, 599803
   1841, 600153
   1842, 600510
   1843, 600852
   1844, 601204
   1845, 601404
   1846, 601922
   1847, 602136
   1848, 602651
   1849, 602992
   1850, 603186
   1851, 603688
   1852, 604028
   1853, 604371
   1854, 604695
   1855, 605018
   1856, 605236
   1857, 605706
   1858, 606034
   1859, 606234
   1860, 606701
   1861, 607031
   1862, 607356
   1863, 607674
   1864, 607985
   1865, 608302
   1866, 608627
   1867, 608948
   1868, 609266
   1869, 609615
   1870, 609943
   1871, 610259
   1872, 610468
   1873, 610935
   1874, 611135
   1875, 611602
   1876, 611943
   1877, 612272
   1878, 612584
   1879, 612782
   1880, 613244
   1881, 613453
   1882, 613901
   1883, 614119
   1884, 614572
   1885, 614907
   1886, 615234
   1887, 615449
   1888, 615935
   1889, 616284
   1890, 616491
   1891, 616988
   1892, 617333
   1893, 617539
   1894, 618029
   1895, 618379
   1896, 618718
   1897, 619063
   1898, 619399
   1899, 619734
   1900, 620098
   1901, 620442
   1902, 620787
   1903, 621148
   1904, 621499
   1905, 621838
   1906, 622181
   1907, 622532
   1908, 622876
   1909, 623205
   1910, 623557
   1911, 623903
   1912, 624227
   1913, 624558
   1914, 624896
   1915, 625237
   1916, 625577
   1917, 625918
   1918, 626261
   1919, 626587
   1920, 626930
   1921, 627272
   1922, 627597
   1923, 627938
   1924, 628279
   1925, 628611
   1926, 628948
   1927, 629289
   1928, 629616
   1929, 629947
   1930, 630286
   1931, 630629
   1932, 630958
   1933, 631290
   1934, 631622
   1935, 631949
   1936, 632283
   1937, 632617
   1938, 632943
   1939, 633146
   1940, 633617
   1941, 633823
   1942, 634300
   1943, 634647
   1944, 634966
   1945, 635280
   1946, 635599
   1947, 635915
   1948, 636223
   1949, 636532
   1950, 636853
   1951, 637170
   1952, 637477
   1953, 637805
   1954, 638125
   1955, 638441
   1956, 638648
   1957, 639111
   1958, 639443
   1959, 639770
   1960, 640105
   1961, 640438
   1962, 640766
   1963, 640976
   1964, 641461
   1965, 641802
   1966, 642139
   1967, 642490
   1968, 642829
   1969, 643169
   1970, 643513
   1971, 643867
   1972, 644205
   1973, 644536
   1974, 644890
   1975, 645238
   1976, 645568
   1977, 645773
   1978, 646237
   1979, 646568
   1980, 646890
   1981, 647207
   1982, 647530
   1983, 647847
   1984, 648164
   1985, 648490
   1986, 648802
   1987, 649140
   1988, 649478
   1989, 649799
