      0,   1265
      1,   1500
      2,   1742
      3,   1978
      4,   2220
      5,   2459
      6,   2704
      7,   2947
      8,   3196
      9,   3447
     10,   3697
     11,   3946
     12,   4194
     13,   4439
     14,   4693
     15,   4944
     16,   5194
     17,   5437
     18,   5690
     19,   5926
     20,   6190
     21,   6429
     22,   6692
     23,   6937
     24,   7161
     25,   7417
     26,   7670
     27,   7916
     28,   8146
     29,   8388
     30,   8630
     31,   8872
     32,   9109
     33,   9344
     34,   9583
     35,   9828
     36,  10070
     37,  10310
     38,  10546
     39,  10798
     40,  11045
     41,  11290
     42,  11539
     43,  11790
     44,  12042
     45,  12292
     46,  12550
     47,  12804
     48,  13057
     49,  13306
     50,  13564
     51,  13816
     52,  14067
     53,  14313
     54,  14566
     55,  14816
     56,  15064
     57,  15317
     58,  15571
     59,  15822
     60,  16072
     61,  16322
     62,  16576
     63,  16831
     64,  17085
     65,  17330
     66,  17584
     67,  17837
     68,  18091
     69,  18346
     70,  18608
     71,  18868
     72,  19124
     73,  19370
     74,  19642
     75,  19896
     76,  20157
     77,  20412
     78,  20673
     79,  20917
     80,  21176
     81,  21431
     82,  21687
     83,  21925
     84,  22169
     85,  22418
     86,  22669
     87,  22914
     88,  23155
     89,  23392
     90,  23646
     91,  23891
     92,  24140
     93,  24388
     94,  24637
     95,  24887
     96,  25137
     97,  25388
     98,  25644
     99,  25891
    100,  26126
    101,  26386
    102,  26637
    103,  26882
    104,  27125
    105,  27371
    106,  27623
    107,  27869
    108,  28118
    109,  28372
    110,  28625
    111,  28880
    112,  29134
    113,  29390
    114,  29644
    115,  29901
    116,  30157
    117,  30415
    118,  30657
    119,  30913
    120,  31161
    121,  31414
    122,  31665
    123,  31916
    124,  32151
    125,  32398
    126,  32652
    127,  32900
    128,  33151
    129,  33406
    130,  33648
    131,  33899
    132,  34148
    133,  34404
    134,  34642
    135,  34884
    136,  35124
    137,  35373
    138,  35613
    139,  35853
    140,  36088
    141,  36327
    142,  36577
    143,  36820
    144,  37067
    145,  37319
    146,  37568
    147,  37812
    148,  38061
    149,  38314
    150,  38564
    151,  38816
    152,  39069
    153,  39335
    154,  39594
    155,  39852
    156,  40108
    157,  40371
    158,  40624
    159,  40884
    160,  41140
    161,  41403
    162,  41657
    163,  41915
    164,  42173
    165,  42431
    166,  42686
    167,  42943
    168,  43207
    169,  43465
    170,  43725
    171,  43979
    172,  44246
    173,  44513
    174,  44787
    175,  45054
    176,  45321
    177,  45586
    178,  45848
    179,  46114
    180,  46375
    181,  46633
    182,  46885
    183,  47147
    184,  47404
    185,  47656
    186,  47907
    187,  48169
    188,  48420
    189,  48670
    190,  48918
    191,  49173
    192,  49418
    193,  49672
    194,  49917
    195,  50169
    196,  50415
    197,  50658
    198,  50910
    199,  51163
    200,  51412
    201,  51655
    202,  51894
    203,  52149
    204,  52395
    205,  52640
    206,  52878
    207,  53125
    208,  53362
    209,  53608
    210,  53855
    211,  54107
    212,  54354
    213,  54598
    214,  54849
    215,  55105
    216,  55354
    217,  55606
    218,  55848
    219,  56095
    220,  56341
    221,  56589
    222,  56840
    223,  57094
    224,  57345
    225,  57597
    226,  57853
    227,  58120
    228,  58383
    229,  58647
    230,  58903
    231,  59172
    232,  59439
    233,  59709
    234,  59982
    235,  60248
    236,  60504
    237,  60762
    238,  61028
    239,  61287
    240,  61546
    241,  61795
    242,  62067
    243,  62333
    244,  62603
    245,  62873
    246,  63137
    247,  63397
    248,  63658
    249,  63924
    250,  64194
    251,  64466
    252,  64735
    253,  65018
    254,  65310
    255,  65609
    256,  65921
    257,  66239
    258,  66548
    259,  66873
    260,  67202
    261,  67514
    262,  67817
    263,  68118
    264,  68406
    265,  68685
    266,  68963
    267,  69238
    268,  69514
    269,  69781
    270,  70051
    271,  70316
    272,  70585
    273,  70849
    274,  71116
    275,  71357
    276,  71629
    277,  71890
    278,  72150
    279,  72405
    280,  72654
    281,  72908
    282,  73160
    283,  73414
    284,  73659
    285,  73916
    286,  74160
    287,  74406
    288,  74657
    289,  74911
    290,  75158
    291,  75405
    292,  75649
    293,  75905
    294,  76150
    295,  76402
    296,  76642
    297,  76888
    298,  77135
    299,  77382
    300,  77630
    301,  77884
    302,  78129
    303,  78378
    304,  78623
    305,  78884
    306,  79135
    307,  79391
    308,  79641
    309,  79903
    310,  80161
    311,  80420
    312,  80684
    313,  80942
    314,  81195
    315,  81450
    316,  81712
    317,  81966
    318,  82224
    319,  82460
    320,  82731
    321,  82980
    322,  83232
    323,  83486
    324,  83729
    325,  83989
    326,  84239
    327,  84487
    328,  84744
    329,  84994
    330,  85247
    331,  85492
    332,  85748
    333,  86002
    334,  86255
    335,  86514
    336,  86771
    337,  87024
    338,  87272
    339,  87531
    340,  87791
    341,  88048
    342,  88298
    343,  88558
    344,  88814
    345,  89071
    346,  89330
    347,  89594
    348,  89853
    349,  90117
    350,  90382
    351,  90637
    352,  90898
    353,  91179
    354,  91440
    355,  91705
    356,  91965
    357,  92223
    358,  92485
    359,  92749
    360,  93008
    361,  93264
    362,  93531
    363,  93795
    364,  94060
    365,  94323
    366,  94596
    367,  94859
    368,  95129
    369,  95400
    370,  95676
    371,  95941
    372,  96207
    373,  96476
    374,  96739
    375,  97004
    376,  97259
    377,  97518
    378,  97774
    379,  98038
    380,  98296
    381,  98558
    382,  98812
    383,  99068
    384,  99322
    385,  99590
    386,  99845
    387, 100099
    388, 100351
    389, 100609
    390, 100860
    391, 101110
    392, 101350
    393, 101616
    394, 101868
    395, 102128
    396, 102404
    397, 102684
    398, 102979
    399, 103269
    400, 103563
    401, 103846
    402, 104133
    403, 104418
    404, 104697
    405, 104968
    406, 105235
    407, 105514
    408, 105787
    409, 106037
    410, 106322
    411, 106601
    412, 106879
    413, 107156
    414, 107437
    415, 107714
    416, 107985
    417, 108258
    418, 108531
    419, 108791
    420, 109057
    421, 109317
    422, 109584
    423, 109851
    424, 110123
    425, 110398
    426, 110675
    427, 110949
    428, 111216
    429, 111499
    430, 111775
    431, 112042
    432, 112304
    433, 112572
    434, 112838
    435, 113101
    436, 113370
    437, 113625
    438, 113882
    439, 114136
    440, 114405
    441, 114656
    442, 114908
    443, 115157
    444, 115414
    445, 115662
    446, 115915
    447, 116162
    448, 116414
    449, 116658
    450, 116905
    451, 117152
    452, 117394
    453, 117635
    454, 117881
    455, 118117
    456, 118362
    457, 118595
    458, 118833
    459, 119079
    460, 119326
    461, 119565
    462, 119807
    463, 120042
    464, 120299
    465, 120547
    466, 120796
    467, 121041
    468, 121296
    469, 121549
    470, 121803
    471, 122063
    472, 122323
    473, 122582
    474, 122838
    475, 123089
    476, 123363
    477, 123627
    478, 123882
    479, 124146
    480, 124413
    481, 124681
    482, 124948
    483, 125216
    484, 125477
    485, 125742
    486, 126010
    487, 126277
    488, 126541
    489, 126802
    490, 127073
    491, 127335
    492, 127593
    493, 127860
    494, 128131
    495, 128392
    496, 128652
    497, 128918
    498, 129188
    499, 129447
    500, 129705
    501, 129963
    502, 130222
    503, 130476
    504, 130734
    505, 130994
    506, 131250
    507, 131505
    508, 131756
    509, 132015
    510, 132270
    511, 132525
    512, 132755
    513, 133021
    514, 133272
    515, 133520
    516, 133766
    517, 134019
    518, 134257
    519, 134501
    520, 134740
    521, 134989
    522, 135221
    523, 135456
    524, 135685
    525, 135930
    526, 136157
    527, 136395
    528, 136622
    529, 136855
    530, 137048
    531, 137247
    532, 137330
    533, 137560
    534, 137790
    535, 138025
    536, 138254
    537, 138484
    538, 138705
    539, 138935
    540, 139164
    541, 139385
    542, 139606
    543, 139835
    544, 140070
    545, 140299
    546, 140516
    547, 140740
    548, 140959
    549, 141206
    550, 141437
    551, 141653
    552, 141884
    553, 142113
    554, 142346
    555, 142578
    556, 142813
    557, 143048
    558, 143273
    559, 143503
    560, 143741
    561, 143982
    562, 144216
    563, 144456
    564, 144678
    565, 144920
    566, 145155
    567, 145391
    568, 145629
    569, 145873
    570, 146100
    571, 146344
    572, 146586
    573, 146831
    574, 147075
    575, 147317
    576, 147548
    577, 147783
    578, 148028
    579, 148264
    580, 148506
    581, 148750
    582, 148996
    583, 149226
    584, 149473
    585, 149718
    586, 149969
    587, 150195
    588, 150451
    589, 150697
    590, 150945
    591, 151191
    592, 151445
    593, 151681
    594, 151949
    595, 152197
    596, 152444
    597, 152694
    598, 152946
    599, 153192
    600, 153437
    601, 153681
    602, 153917
    603, 154178
    604, 154423
    605, 154680
    606, 154938
    607, 155193
    608, 155444
    609, 155693
    610, 155967
    611, 156232
    612, 156477
    613, 156745
    614, 157015
    615, 157281
    616, 157551
    617, 157809
    618, 158090
    619, 158356
    620, 158634
    621, 158906
    622, 159180
    623, 159441
    624, 159715
    625, 159986
    626, 160257
    627, 160529
    628, 160796
    629, 161058
    630, 161320
    631, 161593
    632, 161861
    633, 162123
    634, 162377
    635, 162645
    636, 162904
    637, 163165
    638, 163429
    639, 163687
    640, 163940
    641, 164196
    642, 164438
    643, 164711
    644, 164962
    645, 165207
    646, 165453
    647, 165699
    648, 165950
    649, 166202
    650, 166456
    651, 166711
    652, 166959
    653, 167222
    654, 167498
    655, 167778
    656, 168059
    657, 168331
    658, 168616
    659, 168892
    660, 169170
    661, 169450
    662, 169729
    663, 170002
    664, 170274
    665, 170558
    666, 170832
    667, 171108
    668, 171383
    669, 171655
    670, 171931
    671, 172207
    672, 172480
    673, 172744
    674, 173013
    675, 173265
    676, 173554
    677, 173804
    678, 174076
    679, 174341
    680, 174605
    681, 174870
    682, 175133
    683, 175402
    684, 175660
    685, 175923
    686, 176187
    687, 176437
    688, 176721
    689, 176981
    690, 177240
    691, 177502
    692, 177763
    693, 178026
    694, 178288
    695, 178542
    696, 178803
    697, 179061
    698, 179327
    699, 179570
    700, 179841
    701, 180073
    702, 180347
    703, 180600
    704, 180853
    705, 181090
    706, 181353
    707, 181604
    708, 181850
    709, 182100
    710, 182359
    711, 182609
    712, 182852
    713, 183105
    714, 183364
    715, 183616
    716, 183867
    717, 184122
    718, 184381
    719, 184634
    720, 184892
    721, 185146
    722, 185405
    723, 185664
    724, 185927
    725, 186184
    726, 186445
    727, 186704
    728, 186965
    729, 187233
    730, 187501
    731, 187771
    732, 188036
    733, 188320
    734, 188593
    735, 188871
    736, 189146
    737, 189418
    738, 189712
    739, 190001
    740, 190297
    741, 190577
    742, 190853
    743, 191136
    744, 191420
    745, 191706
    746, 191982
    747, 192261
    748, 192537
    749, 192819
    750, 193108
    751, 193399
    752, 193680
    753, 193956
    754, 194247
    755, 194525
    756, 194803
    757, 195078
    758, 195356
    759, 195622
    760, 195894
    761, 196173
    762, 196443
    763, 196695
    764, 196973
    765, 197246
    766, 197515
    767, 197788
    768, 198065
    769, 198340
    770, 198620
    771, 198903
    772, 199187
    773, 199466
    774, 199746
    775, 200026
    776, 200302
    777, 200587
    778, 200860
    779, 201135
    780, 201405
    781, 201673
    782, 201954
    783, 202234
    784, 202501
    785, 202766
    786, 203047
    787, 203319
    788, 203592
    789, 203849
    790, 204135
    791, 204404
    792, 204668
    793, 204966
    794, 205238
    795, 205511
    796, 205792
    797, 206073
    798, 206350
    799, 206611
    800, 206902
    801, 207163
    802, 207450
    803, 207722
    804, 208003
    805, 208276
    806, 208547
    807, 208826
    808, 209104
    809, 209389
    810, 209678
    811, 209961
    812, 210263
    813, 210553
    814, 210834
    815, 211132
    816, 211420
    817, 211705
    818, 211987
    819, 212245
    820, 212531
    821, 212809
    822, 213077
    823, 213346
    824, 213619
    825, 213899
    826, 214154
    827, 214437
    828, 214714
    829, 214992
    830, 215254
    831, 215519
    832, 215817
    833, 216092
    834, 216361
    835, 216634
    836, 216909
    837, 217177
    838, 217422
    839, 217716
    840, 217975
    841, 218260
    842, 218519
    843, 218788
    844, 219051
    845, 219316
    846, 219582
    847, 219846
    848, 220095
    849, 220351
    850, 220624
    851, 220883
    852, 221140
    853, 221388
    854, 221636
    855, 221881
    856, 222132
    857, 222380
    858, 222631
    859, 222880
    860, 223119
    861, 223367
    862, 223618
    863, 223869
    864, 224113
    865, 224327
    866, 224595
    867, 224840
    868, 225080
    869, 225308
    870, 225559
    871, 225804
    872, 226043
    873, 226288
    874, 226522
    875, 226767
    876, 227039
    877, 227294
    878, 227543
    879, 227801
    880, 228056
    881, 228316
    882, 228564
    883, 228838
    884, 229090
    885, 229328
    886, 229604
    887, 229861
    888, 230102
    889, 230364
    890, 230624
    891, 230877
    892, 231120
    893, 231394
    894, 231659
    895, 231918
    896, 232180
    897, 232444
    898, 232697
    899, 232973
    900, 233241
    901, 233510
    902, 233774
    903, 234026
    904, 234304
    905, 234572
    906, 234843
    907, 235120
    908, 235374
    909, 235669
    910, 235945
    911, 236196
    912, 236457
    913, 236749
    914, 237018
    915, 237289
    916, 237550
    917, 237824
    918, 238092
    919, 238365
    920, 238632
    921, 238889
    922, 239149
    923, 239412
    924, 239671
    925, 239914
    926, 240191
    927, 240455
    928, 240717
    929, 240980
    930, 241237
    931, 241506
    932, 241763
    933, 242023
    934, 242275
    935, 242534
    936, 242793
    937, 243048
    938, 243312
    939, 243575
    940, 243836
    941, 244092
    942, 244362
    943, 244623
    944, 244883
    945, 245114
    946, 245399
    947, 245655
    948, 245912
    949, 246167
    950, 246419
    951, 246666
    952, 246891
    953, 247144
    954, 247374
    955, 247639
    956, 247879
    957, 248092
    958, 248340
    959, 248570
    960, 248804
    961, 249038
    962, 249281
    963, 249510
    964, 249742
    965, 249975
    966, 250222
    967, 250460
    968, 250701
    969, 250927
    970, 251176
    971, 251416
    972, 251657
    973, 251899
    974, 252147
    975, 252383
    976, 252629
    977, 252871
    978, 253123
    979, 253366
    980, 253611
    981, 253853
    982, 254104
    983, 254351
    984, 254602
    985, 254852
    986, 255108
    987, 255357
    988, 255612
    989, 255862
    990, 256120
    991, 256370
    992, 256623
    993, 256867
    994, 257127
    995, 257380
    996, 257633
    997, 257868
    998, 258154
    999, 258412
   1000, 258669
   1001, 258932
   1002, 259199
   1003, 259459
   1004, 259717
   1005, 259979
   1006, 260238
   1007, 260498
   1008, 260759
   1009, 261021
   1010, 261282
   1011, 261543
   1012, 261802
   1013, 262064
   1014, 262317
   1015, 262580
   1016, 262831
   1017, 263093
   1018, 263336
   1019, 263607
   1020, 263864
   1021, 264130
   1022, 264390
   1023, 264646
   1024, 264909
   1025, 265174
   1026, 265438
   1027, 265703
   1028, 265975
   1029, 266240
   1030, 266505
   1031, 266777
   1032, 267037
   1033, 267318
   1034, 267586
   1035, 267861
   1036, 268138
   1037, 268412
   1038, 268670
   1039, 268956
   1040, 269229
   1041, 269508
   1042, 269785
   1043, 270060
   1044, 270350
   1045, 270627
   1046, 270910
   1047, 271192
   1048, 271457
   1049, 271743
   1050, 272010
   1051, 272296
   1052, 272572
   1053, 272854
   1054, 273131
   1055, 273408
   1056, 273692
   1057, 273999
   1058, 274278
   1059, 274579
   1060, 274869
   1061, 275157
   1062, 275449
   1063, 275717
   1064, 276013
   1065, 276294
   1066, 276558
   1067, 276857
   1068, 277127
   1069, 277384
   1070, 277661
   1071, 277932
   1072, 278199
   1073, 278462
   1074, 278718
   1075, 279010
   1076, 279271
   1077, 279545
   1078, 279844
   1079, 280120
   1080, 280401
   1081, 280673
   1082, 280949
   1083, 281231
   1084, 281517
   1085, 281799
   1086, 282072
   1087, 282345
   1088, 282621
   1089, 282885
   1090, 283170
   1091, 283437
   1092, 283708
   1093, 283981
   1094, 284253
   1095, 284522
   1096, 284792
   1097, 285057
   1098, 285322
   1099, 285577
   1100, 285865
   1101, 286126
   1102, 286388
   1103, 286662
   1104, 286929
   1105, 287182
   1106, 287469
   1107, 287743
   1108, 288009
   1109, 288283
   1110, 288559
   1111, 288827
   1112, 289101
   1113, 289363
   1114, 289636
   1115, 289900
   1116, 290166
   1117, 290433
   1118, 290718
   1119, 290994
   1120, 291267
   1121, 291548
   1122, 291815
   1123, 292090
   1124, 292355
   1125, 292630
   1126, 292896
   1127, 293160
   1128, 293426
   1129, 293694
   1130, 293957
   1131, 294224
   1132, 294503
   1133, 294770
   1134, 295034
   1135, 295330
   1136, 295617
   1137, 295886
   1138, 296182
   1139, 296472
   1140, 296758
   1141, 297049
   1142, 297336
   1143, 297615
   1144, 297896
   1145, 298167
   1146, 298427
   1147, 298704
   1148, 298980
   1149, 299248
   1150, 299518
   1151, 299783
   1152, 300041
   1153, 300309
   1154, 300575
   1155, 300838
   1156, 301097
   1157, 301366
   1158, 301623
   1159, 301886
   1160, 302136
   1161, 302417
   1162, 302681
   1163, 302940
   1164, 303200
   1165, 303461
   1166, 303720
   1167, 303978
   1168, 304235
   1169, 304497
   1170, 304765
   1171, 305035
   1172, 305313
   1173, 305592
   1174, 305855
   1175, 306148
   1176, 306442
   1177, 306726
   1178, 307014
   1179, 307307
   1180, 307589
   1181, 307862
   1182, 308168
   1183, 308454
   1184, 308728
   1185, 309008
   1186, 309298
   1187, 309578
   1188, 309868
   1189, 310154
   1190, 310448
   1191, 310719
   1192, 311014
   1193, 311307
   1194, 311583
   1195, 311860
   1196, 312155
   1197, 312425
   1198, 312712
   1199, 312982
   1200, 313243
   1201, 313532
   1202, 313795
   1203, 314065
   1204, 314336
   1205, 314596
   1206, 314857
   1207, 315125
   1208, 315387
   1209, 315638
   1210, 315915
   1211, 316183
   1212, 316443
   1213, 316704
   1214, 316968
   1215, 317238
   1216, 317499
   1217, 317754
   1218, 318014
   1219, 318282
   1220, 318546
   1221, 318806
   1222, 319066
   1223, 319331
   1224, 319594
   1225, 319860
   1226, 320133
   1227, 320396
   1228, 320661
   1229, 320929
   1230, 321203
   1231, 321448
   1232, 321726
   1233, 321987
   1234, 322232
   1235, 322509
   1236, 322775
   1237, 323045
   1238, 323305
   1239, 323570
   1240, 323832
   1241, 324100
   1242, 324361
   1243, 324619
   1244, 324871
   1245, 325127
   1246, 325382
   1247, 325631
   1248, 325886
   1249, 326141
   1250, 326390
   1251, 326637
   1252, 326887
   1253, 327136
   1254, 327383
   1255, 327627
   1256, 327876
   1257, 328119
   1258, 328358
   1259, 328606
   1260, 328853
   1261, 329099
   1262, 329342
   1263, 329589
   1264, 329843
   1265, 330095
   1266, 330351
   1267, 330604
   1268, 330864
   1269, 331102
   1270, 331376
   1271, 331640
   1272, 331911
   1273, 332175
   1274, 332437
   1275, 332697
   1276, 332968
   1277, 333235
   1278, 333499
   1279, 333766
   1280, 334031
   1281, 334300
   1282, 334572
   1283, 334832
   1284, 335117
   1285, 335384
   1286, 335658
   1287, 335917
   1288, 336198
   1289, 336456
   1290, 336726
   1291, 336987
   1292, 337242
   1293, 337520
   1294, 337790
   1295, 338049
   1296, 338313
   1297, 338572
   1298, 338836
   1299, 339100
   1300, 339362
   1301, 339627
   1302, 339888
   1303, 340156
   1304, 340425
   1305, 340702
   1306, 340970
   1307, 341228
   1308, 341490
   1309, 341760
   1310, 342022
   1311, 342283
   1312, 342543
   1313, 342801
   1314, 343061
   1315, 343325
   1316, 343570
   1317, 343851
   1318, 344120
   1319, 344386
   1320, 344667
   1321, 344938
   1322, 345212
   1323, 345481
   1324, 345756
   1325, 346029
   1326, 346310
   1327, 346589
   1328, 346864
   1329, 347141
   1330, 347419
   1331, 347708
   1332, 347987
   1333, 348260
   1334, 348536
   1335, 348810
   1336, 349075
   1337, 349348
   1338, 349625
   1339, 349900
   1340, 350182
   1341, 350463
   1342, 350742
   1343, 351008
   1344, 351276
   1345, 351542
   1346, 351807
   1347, 352071
   1348, 352331
   1349, 352601
   1350, 352861
   1351, 353124
   1352, 353381
   1353, 353647
   1354, 353904
   1355, 354159
   1356, 354412
   1357, 354670
   1358, 354907
   1359, 355172
   1360, 355429
   1361, 355685
   1362, 355935
   1363, 356186
   1364, 356445
   1365, 356699
   1366, 356956
   1367, 357208
   1368, 357470
   1369, 357713
   1370, 357993
   1371, 358260
   1372, 358532
   1373, 358807
   1374, 359085
   1375, 359372
   1376, 359660
   1377, 359947
   1378, 360238
   1379, 360531
   1380, 360819
   1381, 361106
   1382, 361393
   1383, 361671
   1384, 361952
   1385, 362241
   1386, 362533
   1387, 362815
   1388, 363091
   1389, 363376
   1390, 363656
   1391, 363923
   1392, 364204
   1393, 364491
   1394, 364774
   1395, 365055
   1396, 365350
   1397, 365642
   1398, 365927
   1399, 366210
   1400, 366495
   1401, 366777
   1402, 367052
   1403, 367336
   1404, 367595
   1405, 367884
   1406, 368157
   1407, 368429
   1408, 368699
   1409, 368966
   1410, 369231
   1411, 369516
   1412, 369775
   1413, 370047
   1414, 370316
   1415, 370577
   1416, 370839
   1417, 371099
   1418, 371360
   1419, 371617
   1420, 371871
   1421, 372133
   1422, 372384
   1423, 372632
   1424, 372889
   1425, 373142
   1426, 373392
   1427, 373644
   1428, 373875
   1429, 374142
   1430, 374390
   1431, 374642
   1432, 374886
   1433, 375143
   1434, 375394
   1435, 375629
   1436, 375898
   1437, 376160
   1438, 376414
   1439, 376671
   1440, 376930
   1441, 377191
   1442, 377446
   1443, 377705
   1444, 377972
   1445, 378233
   1446, 378492
   1447, 378758
   1448, 379033
   1449, 379298
   1450, 379563
   1451, 379810
   1452, 380095
   1453, 380362
   1454, 380632
   1455, 380897
   1456, 381144
   1457, 381421
   1458, 381684
   1459, 381958
   1460, 382218
   1461, 382480
   1462, 382741
   1463, 383014
   1464, 383279
   1465, 383541
   1466, 383801
   1467, 384065
   1468, 384330
   1469, 384596
   1470, 384850
   1471, 385129
   1472, 385397
   1473, 385663
   1474, 385936
   1475, 386198
   1476, 386466
   1477, 386730
   1478, 387000
   1479, 387270
   1480, 387536
   1481, 387809
   1482, 388080
   1483, 388350
   1484, 388599
   1485, 388880
   1486, 389148
   1487, 389410
   1488, 389667
   1489, 389931
   1490, 390185
   1491, 390441
   1492, 390702
   1493, 390967
   1494, 391222
   1495, 391477
   1496, 391738
   1497, 392001
   1498, 392262
   1499, 392520
   1500, 392774
   1501, 393028
   1502, 393280
   1503, 393534
   1504, 393790
   1505, 394027
   1506, 394288
   1507, 394540
   1508, 394799
   1509, 395057
   1510, 395315
   1511, 395560
   1512, 395825
   1513, 396081
   1514, 396344
   1515, 396614
   1516, 396887
   1517, 397155
   1518, 397411
   1519, 397708
   1520, 397982
   1521, 398258
   1522, 398530
   1523, 398814
   1524, 399089
   1525, 399369
   1526, 399653
   1527, 399931
   1528, 400209
   1529, 400478
   1530, 400763
   1531, 401040
   1532, 401319
   1533, 401577
   1534, 401866
   1535, 402143
   1536, 402419
   1537, 402705
   1538, 402981
   1539, 403251
   1540, 403533
   1541, 403818
   1542, 404109
   1543, 404383
   1544, 404685
   1545, 404997
   1546, 405299
   1547, 405606
   1548, 405877
   1549, 406174
   1550, 406461
   1551, 406726
   1552, 407011
   1553, 407275
   1554, 407548
   1555, 407813
   1556, 408083
   1557, 408338
   1558, 408619
   1559, 408884
   1560, 409145
   1561, 409416
   1562, 409689
   1563, 409957
   1564, 410218
   1565, 410492
   1566, 410766
   1567, 411040
   1568, 411323
   1569, 411594
   1570, 411885
   1571, 412146
   1572, 412440
   1573, 412715
   1574, 412987
   1575, 413256
   1576, 413525
   1577, 413768
   1578, 414063
   1579, 414336
   1580, 414605
   1581, 414858
   1582, 415139
   1583, 415397
   1584, 415678
   1585, 415948
   1586, 416201
   1587, 416486
   1588, 416759
   1589, 417041
   1590, 417329
   1591, 417614
   1592, 417893
   1593, 418180
   1594, 418474
   1595, 418758
   1596, 419032
   1597, 419320
   1598, 419590
   1599, 419890
   1600, 420177
   1601, 420464
   1602, 420752
   1603, 421036
   1604, 421322
   1605, 421608
   1606, 421892
   1607, 422172
   1608, 422451
   1609, 422736
   1610, 423017
   1611, 423306
   1612, 423599
   1613, 423889
   1614, 424200
   1615, 424496
   1616, 424783
   1617, 425067
   1618, 425359
   1619, 425651
   1620, 425944
   1621, 426244
   1622, 426525
   1623, 426803
   1624, 427108
   1625, 427415
   1626, 427721
   1627, 428010
   1628, 428301
   1629, 428588
   1630, 428869
   1631, 429151
   1632, 429434
   1633, 429717
   1634, 430000
   1635, 430286
   1636, 430557
   1637, 430829
   1638, 431128
   1639, 431408
   1640, 431694
   1641, 431975
   1642, 432259
   1643, 432539
   1644, 432817
   1645, 433095
   1646, 433366
   1647, 433636
   1648, 433897
   1649, 434159
   1650, 434422
   1651, 434686
   1652, 434950
   1653, 435210
   1654, 435465
   1655, 435721
   1656, 435982
   1657, 436238
   1658, 436493
   1659, 436745
   1660, 437003
   1661, 437261
   1662, 437502
   1663, 437754
   1664, 438032
   1665, 438287
   1666, 438547
   1667, 438804
   1668, 439078
   1669, 439337
   1670, 439605
   1671, 439867
   1672, 440139
   1673, 440407
   1674, 440665
   1675, 440951
   1676, 441213
   1677, 441484
   1678, 441749
   1679, 442022
   1680, 442290
   1681, 442560
   1682, 442826
   1683, 443090
   1684, 443357
   1685, 443624
   1686, 443902
   1687, 444146
   1688, 444438
   1689, 444705
   1690, 444983
   1691, 445238
   1692, 445506
   1693, 445801
   1694, 446077
   1695, 446351
   1696, 446618
   1697, 446925
   1698, 447194
   1699, 447489
   1700, 447789
   1701, 448075
   1702, 448370
   1703, 448661
   1704, 448959
   1705, 449235
   1706, 449541
   1707, 449844
   1708, 450125
   1709, 450436
   1710, 450736
   1711, 451021
   1712, 451300
   1713, 451573
   1714, 451851
   1715, 452122
   1716, 452395
   1717, 452677
   1718, 452952
   1719, 453215
   1720, 453486
   1721, 453757
   1722, 454025
   1723, 454290
   1724, 454529
   1725, 454810
   1726, 455070
   1727, 455336
   1728, 455601
   1729, 455857
   1730, 456120
   1731, 456383
   1732, 456654
   1733, 456918
   1734, 457172
   1735, 457455
   1736, 457729
   1737, 458002
   1738, 458282
   1739, 458564
   1740, 458829
   1741, 459111
   1742, 459379
   1743, 459653
   1744, 459925
   1745, 460190
   1746, 460457
   1747, 460727
   1748, 460991
   1749, 461265
   1750, 461542
   1751, 461805
   1752, 462080
   1753, 462361
   1754, 462643
   1755, 462930
   1756, 463213
   1757, 463494
   1758, 463760
   1759, 464033
   1760, 464305
   1761, 464575
   1762, 464838
   1763, 465101
   1764, 465367
   1765, 465630
   1766, 465891
   1767, 466148
   1768, 466416
   1769, 466673
   1770, 466931
   1771, 467190
   1772, 467459
   1773, 467719
   1774, 467979
   1775, 468241
   1776, 468510
   1777, 468773
   1778, 469033
   1779, 469293
   1780, 469550
   1781, 469811
   1782, 470074
   1783, 470340
   1784, 470583
   1785, 470862
   1786, 471110
   1787, 471380
   1788, 471653
   1789, 471918
   1790, 472174
   1791, 472422
   1792, 472695
   1793, 472953
   1794, 473218
   1795, 473466
   1796, 473736
   1797, 473990
   1798, 474256
   1799, 474517
   1800, 474780
   1801, 475034
   1802, 475298
   1803, 475556
   1804, 475819
   1805, 476063
   1806, 476358
   1807, 476617
   1808, 476880
   1809, 477147
   1810, 477413
   1811, 477679
   1812, 477940
   1813, 478203
   1814, 478465
   1815, 478729
   1816, 478991
   1817, 479259
   1818, 479519
   1819, 479777
   1820, 480035
   1821, 480308
   1822, 480569
   1823, 480826
   1824, 481082
   1825, 481340
   1826, 481595
   1827, 481851
   1828, 482111
   1829, 482363
   1830, 482610
   1831, 482862
   1832, 483121
   1833, 483358
   1834, 483621
   1835, 483862
   1836, 484113
   1837, 484357
   1838, 484606
   1839, 484850
   1840, 485095
   1841, 485338
   1842, 485581
   1843, 485819
   1844, 486061
   1845, 486298
   1846, 486542
   1847, 486773
   1848, 487015
   1849, 487247
   1850, 487489
   1851, 487727
   1852, 487971
   1853, 488209
   1854, 488437
   1855, 488675
   1856, 488920
   1857, 489159
   1858, 489369
   1859, 489618
   1860, 489853
   1861, 490090
   1862, 490320
   1863, 490555
   1864, 490786
   1865, 491031
   1866, 491264
   1867, 491504
   1868, 491728
   1869, 491989
   1870, 492227
   1871, 492472
   1872, 492707
   1873, 492955
   1874, 493199
   1875, 493446
   1876, 493695
   1877, 493936
   1878, 494202
   1879, 494459
   1880, 494717
   1881, 494978
   1882, 495241
   1883, 495500
   1884, 495753
   1885, 496008
   1886, 496294
   1887, 496560
   1888, 496821
   1889, 497098
   1890, 497349
   1891, 497607
   1892, 497897
   1893, 498151
   1894, 498418
   1895, 498703
   1896, 498967
   1897, 499245
   1898, 499522
   1899, 499787
   1900, 500073
   1901, 500348
   1902, 500634
   1903, 500910
   1904, 501183
   1905, 501448
   1906, 501722
   1907, 501989
   1908, 502226
   1909, 502512
   1910, 502779
   1911, 503039
   1912, 503297
   1913, 503536
   1914, 503821
   1915, 504080
   1916, 504335
   1917, 504600
   1918, 504854
   1919, 505111
   1920, 505374
   1921, 505636
   1922, 505893
   1923, 506145
   1924, 506397
   1925, 506653
   1926, 506905
   1927, 507161
   1928, 507413
   1929, 507661
   1930, 507934
   1931, 508199
   1932, 508469
   1933, 508744
   1934, 508995
   1935, 509272
   1936, 509547
   1937, 509813
   1938, 510064
   1939, 510336
   1940, 510605
   1941, 510866
   1942, 511129
   1943, 511397
   1944, 511666
   1945, 511932
   1946, 512204
   1947, 512485
   1948, 512758
   1949, 513035
   1950, 513303
   1951, 513579
   1952, 513847
   1953, 514118
   1954, 514391
   1955, 514662
   1956, 514933
   1957, 515198
   1958, 515477
   1959, 515742
   1960, 516010
   1961, 516271
   1962, 516547
   1963, 516818
   1964, 517073
   1965, 517360
   1966, 517634
   1967, 517902
   1968, 518168
   1969, 518446
   1970, 518715
   1971, 518992
   1972, 519270
   1973, 519545
   1974, 519824
   1975, 520108
   1976, 520394
   1977, 520673
   1978, 520945
   1979, 521196
   1980, 521483
   1981, 521748
   1982, 522009
   1983, 522266
   1984, 522525
   1985, 522774
   1986, 523028
   1987, 523286
   1988, 523538
   1989, 523766
   1990, 524026
   1991, 524278
   1992, 524524
   1993, 524766
   1994, 525013
   1995, 525262
   1996, 525511
   1997, 525757
   1998, 526008
   1999, 526265
   2000, 526515
   2001, 526768
   2002, 527017
   2003, 527262
   2004, 527527
   2005, 527788
   2006, 528038
   2007, 528304
   2008, 528565
   2009, 528827
   2010, 529091
   2011, 529361
   2012, 529626
   2013, 529888
   2014, 530144
   2015, 530427
   2016, 530694
   2017, 530954
   2018, 531228
   2019, 531487
   2020, 531751
   2021, 532020
   2022, 532290
   2023, 532553
   2024, 532820
   2025, 533091
   2026, 533357
   2027, 533612
   2028, 533892
   2029, 534165
   2030, 534427
   2031, 534692
   2032, 534959
   2033, 535232
   2034, 535500
   2035, 535763
   2036, 536038
   2037, 536313
   2038, 536595
   2039, 536865
   2040, 537145
   2041, 537420
   2042, 537693
   2043, 537972
   2044, 538241
   2045, 538508
   2046, 538776
   2047, 539046
   2048, 539312
   2049, 539582
   2050, 539834
   2051, 540093
   2052, 540372
   2053, 540639
   2054, 540905
   2055, 541160
   2056, 541418
   2057, 541675
   2058, 541940
   2059, 542199
   2060, 542457
   2061, 542711
   2062, 542969
   2063, 543217
   2064, 543491
   2065, 543755
   2066, 544020
   2067, 544282
   2068, 544540
   2069, 544811
   2070, 545071
   2071, 545332
   2072, 545571
   2073, 545848
   2074, 546101
   2075, 546342
   2076, 546615
   2077, 546879
   2078, 547132
   2079, 547392
   2080, 547651
   2081, 547910
   2082, 548170
   2083, 548425
   2084, 548680
   2085, 548932
   2086, 549183
   2087, 549439
   2088, 549693
   2089, 549949
   2090, 550204
   2091, 550458
   2092, 550722
   2093, 550975
   2094, 551255
   2095, 551515
   2096, 551782
   2097, 552050
   2098, 552322
   2099, 552588
   2100, 552891
   2101, 553168
   2102, 553451
   2103, 553726
   2104, 554015
   2105, 554300
   2106, 554579
   2107, 554862
   2108, 555144
   2109, 555429
   2110, 555716
   2111, 555990
   2112, 556267
   2113, 556542
   2114, 556826
   2115, 557090
   2116, 557376
   2117, 557661
   2118, 557945
   2119, 558233
   2120, 558514
   2121, 558792
   2122, 559076
   2123, 559368
   2124, 559685
   2125, 559991
   2126, 560291
   2127, 560588
   2128, 560889
   2129, 561181
   2130, 561477
   2131, 561764
   2132, 562046
   2133, 562326
   2134, 562601
   2135, 562905
   2136, 563202
   2137, 563497
   2138, 563791
   2139, 564088
   2140, 564381
   2141, 564670
   2142, 564951
   2143, 565225
   2144, 565495
   2145, 565782
   2146, 566061
   2147, 566334
   2148, 566605
   2149, 566866
   2150, 567132
   2151, 567403
   2152, 567666
   2153, 567925
   2154, 568184
   2155, 568454
   2156, 568717
   2157, 568982
   2158, 569236
   2159, 569496
   2160, 569757
   2161, 570021
   2162, 570287
   2163, 570549
   2164, 570814
   2165, 571081
   2166, 571353
   2167, 571616
   2168, 571878
   2169, 572132
   2170, 572396
   2171, 572639
   2172, 572908
   2173, 573170
   2174, 573432
   2175, 573688
   2176, 573927
   2177, 574202
   2178, 574459
   2179, 574711
   2180, 574961
   2181, 575215
   2182, 575461
   2183, 575705
   2184, 575955
   2185, 576204
   2186, 576432
   2187, 576676
   2188, 576931
   2189, 577181
   2190, 577425
   2191, 577673
   2192, 577911
   2193, 578156
   2194, 578401
   2195, 578646
   2196, 578891
   2197, 579126
   2198, 579392
   2199, 579630
   2200, 579900
   2201, 580167
   2202, 580424
   2203, 580682
   2204, 580940
   2205, 581205
   2206, 581458
   2207, 581712
   2208, 581974
   2209, 582234
   2210, 582487
   2211, 582729
   2212, 583001
   2213, 583255
   2214, 583510
   2215, 583760
   2216, 584014
   2217, 584256
   2218, 584507
   2219, 584753
   2220, 585006
   2221, 585237
   2222, 585496
   2223, 585741
   2224, 585995
   2225, 586241
   2226, 586490
   2227, 586725
   2228, 586967
   2229, 587227
   2230, 587477
   2231, 587726
   2232, 587980
   2233, 588228
   2234, 588476
   2235, 588725
   2236, 588982
   2237, 589228
   2238, 589480
   2239, 589726
   2240, 589979
   2241, 590210
   2242, 590470
   2243, 590720
   2244, 590974
   2245, 591223
   2246, 591461
   2247, 591726
   2248, 591988
   2249, 592245
   2250, 592501
   2251, 592750
   2252, 593003
   2253, 593254
   2254, 593504
   2255, 593758
   2256, 593988
   2257, 594256
   2258, 594501
   2259, 594754
   2260, 595005
   2261, 595253
   2262, 595495
   2263, 595744
   2264, 595993
   2265, 596236
   2266, 596484
   2267, 596736
   2268, 596983
   2269, 597227
   2270, 597477
   2271, 597728
   2272, 597965
   2273, 598230
   2274, 598477
   2275, 598729
   2276, 598982
   2277, 599238
   2278, 599498
   2279, 599761
   2280, 600026
   2281, 600284
   2282, 600543
   2283, 600814
   2284, 601072
   2285, 601331
   2286, 601582
   2287, 601841
   2288, 602091
   2289, 602326
   2290, 602595
   2291, 602851
   2292, 603099
   2293, 603353
   2294, 603612
   2295, 603871
   2296, 604132
   2297, 604390
   2298, 604651
   2299, 604908
   2300, 605165
   2301, 605421
   2302, 605680
   2303, 605935
   2304, 606195
   2305, 606450
   2306, 606718
   2307, 606980
   2308, 607244
   2309, 607510
   2310, 607787
   2311, 608040
   2312, 608327
   2313, 608610
   2314, 608882
   2315, 609151
   2316, 609420
   2317, 609694
   2318, 609958
   2319, 610221
   2320, 610470
   2321, 610743
   2322, 611005
   2323, 611283
   2324, 611583
   2325, 611884
   2326, 612182
   2327, 612486
   2328, 612784
   2329, 613060
   2330, 613357
   2331, 613647
   2332, 613926
   2333, 614219
   2334, 614506
   2335, 614789
   2336, 615071
   2337, 615356
   2338, 615637
   2339, 615906
   2340, 616190
   2341, 616466
   2342, 616733
   2343, 617002
   2344, 617277
   2345, 617548
   2346, 617810
   2347, 618071
   2348, 618344
   2349, 618606
   2350, 618872
   2351, 619123
   2352, 619387
   2353, 619647
   2354, 619906
   2355, 620171
   2356, 620426
   2357, 620685
   2358, 620937
   2359, 621201
   2360, 621462
   2361, 621724
   2362, 621971
   2363, 622233
   2364, 622487
   2365, 622728
   2366, 622997
   2367, 623253
   2368, 623503
   2369, 623752
   2370, 624007
   2371, 624251
   2372, 624514
   2373, 624767
   2374, 625019
   2375, 625276
   2376, 625533
   2377, 625801
   2378, 626069
   2379, 626335
   2380, 626602
   2381, 626873
   2382, 627153
   2383, 627422
   2384, 627692
   2385, 627959
   2386, 628230
   2387, 628498
   2388, 628765
   2389, 629039
   2390, 629309
   2391, 629576
   2392, 629827
   2393, 630112
   2394, 630373
   2395, 630634
   2396, 630890
   2397, 631155
   2398, 631409
   2399, 631661
   2400, 631920
   2401, 632177
   2402, 632426
   2403, 632680
   2404, 632933
   2405, 633191
   2406, 633446
   2407, 633698
   2408, 633954
   2409, 634205
   2410, 634458
   2411, 634714
   2412, 634970
   2413, 635222
   2414, 635472
   2415, 635714
   2416, 635972
   2417, 636220
   2418, 636470
   2419, 636709
   2420, 636960
   2421, 637209
   2422, 637459
   2423, 637712
   2424, 637973
   2425, 638222
   2426, 638472
   2427, 638724
   2428, 638987
   2429, 639238
   2430, 639493
   2431, 639737
   2432, 639989
   2433, 640238
   2434, 640486
   2435, 640735
   2436, 640982
   2437, 641226
   2438, 641471
   2439, 641717
   2440, 641947
   2441, 642217
   2442, 642463
   2443, 642709
   2444, 642950
   2445, 643217
   2446, 643469
   2447, 643726
   2448, 643988
   2449, 644247
   2450, 644503
   2451, 644770
   2452, 645015
   2453, 645271
   2454, 645538
   2455, 645802
   2456, 646058
   2457, 646313
   2458, 646567
   2459, 646830
   2460, 647083
   2461, 647341
   2462, 647599
   2463, 647861
   2464, 648114
   2465, 648371
   2466, 648621
   2467, 648881
   2468, 649138
   2469, 649394
   2470, 649654
   2471, 649917
