      0,   1509
      1,   1935
      2,   2351
      3,   2832
      4,   3270
      5,   3678
      6,   4165
      7,   4640
      8,   5082
      9,   5605
     10,   6084
     11,   6521
     12,   7002
     13,   7485
     14,   7931
     15,   8420
     16,   8903
     17,   9336
     18,   9804
     19,  10284
     20,  10724
     21,  11209
     22,  11692
     23,  12156
     24,  12646
     25,  13124
     26,  13541
     27,  14003
     28,  14449
     29,  14859
     30,  15287
     31,  15732
     32,  16122
     33,  16523
     34,  16959
     35,  17363
     36,  17750
     37,  18205
     38,  18631
     39,  19037
     40,  19503
     41,  19926
     42,  20329
     43,  20765
     44,  21176
     45,  21565
     46,  22012
     47,  22467
     48,  22884
     49,  23333
     50,  23770
     51,  24185
     52,  24628
     53,  25072
     54,  25476
     55,  25924
     56,  26361
     57,  26757
     58,  27131
     59,  27486
     60,  27851
     61,  28211
     62,  28551
     63,  28920
     64,  29300
     65,  29670
     66,  30077
     67,  30555
     68,  31011
     69,  31482
     70,  31944
     71,  32375
     72,  32810
     73,  33268
     74,  33685
     75,  34112
     76,  34557
     77,  34963
     78,  35384
     79,  35888
     80,  36315
     81,  36723
     82,  37228
     83,  37654
     84,  38042
     85,  38405
     86,  38754
     87,  39114
     88,  39491
     89,  39854
     90,  40237
     91,  40636
     92,  41028
     93,  41522
     94,  42020
     95,  42503
     96,  42995
     97,  43430
     98,  43875
     99,  44342
    100,  44762
    101,  45152
    102,  45571
    103,  46018
    104,  46440
    105,  46885
    106,  47343
    107,  47711
    108,  48076
    109,  48444
    110,  48824
    111,  49349
    112,  49818
    113,  50299
    114,  50777
    115,  51222
    116,  51693
    117,  52173
    118,  52598
    119,  53088
    120,  53556
    121,  53970
    122,  54409
    123,  54878
    124,  55308
    125,  55726
    126,  56196
    127,  56577
    128,  56958
    129,  57353
    130,  57772
    131,  58315
    132,  58820
    133,  59278
    134,  59758
    135,  60213
    136,  60650
    137,  61119
    138,  61549
    139,  61945
    140,  62369
    141,  62784
    142,  63179
    143,  63577
    144,  64074
    145,  64547
    146,  64950
    147,  65427
    148,  65883
    149,  66267
    150,  66632
    151,  67001
    152,  67357
    153,  67728
    154,  68239
    155,  68715
    156,  69217
    157,  69690
    158,  70162
    159,  70661
    160,  71105
    161,  71540
    162,  72020
    163,  72474
    164,  72896
    165,  73339
    166,  73752
    167,  74146
    168,  74610
    169,  75019
    170,  75389
    171,  75770
    172,  76139
    173,  76644
    174,  77120
    175,  77587
    176,  78083
    177,  78540
    178,  78995
    179,  79441
    180,  79849
    181,  80309
    182,  80739
    183,  81148
    184,  81568
    185,  82021
    186,  82416
    187,  82814
    188,  83182
    189,  83537
    190,  83914
    191,  84278
    192,  84665
    193,  85156
    194,  85625
    195,  86116
    196,  86601
    197,  87036
    198,  87466
    199,  87931
    200,  88357
    201,  88790
    202,  89239
    203,  89664
    204,  90080
    205,  90554
    206,  90986
    207,  91394
    208,  91839
    209,  92297
    210,  92711
    211,  93204
    212,  93639
    213,  94049
    214,  94501
    215,  94950
    216,  95358
    217,  95810
    218,  96255
    219,  96663
    220,  97116
    221,  97516
    222,  97893
    223,  98262
    224,  98617
    225,  98981
    226,  99336
    227,  99697
    228, 100057
    229, 100421
    230, 100926
    231, 101384
    232, 101853
    233, 102349
    234, 102802
    235, 103281
    236, 103779
    237, 104222
    238, 104673
    239, 105130
    240, 105552
    241, 105999
    242, 106478
    243, 106918
    244, 107373
    245, 107852
    246, 108297
    247, 108753
    248, 109242
    249, 109671
    250, 110141
    251, 110603
    252, 111025
    253, 111474
    254, 111899
    255, 112263
    256, 112622
    257, 112990
    258, 113347
    259, 113763
    260, 114289
    261, 114771
    262, 115252
    263, 115709
    264, 116167
    265, 116646
    266, 117089
    267, 117530
    268, 117986
    269, 118403
    270, 118862
    271, 119332
    272, 119756
    273, 120217
    274, 120674
    275, 121095
    276, 121568
    277, 122030
    278, 122450
    279, 122882
    280, 123272
    281, 123628
    282, 123998
    283, 124366
    284, 124754
    285, 125295
    286, 125786
    287, 126269
    288, 126762
    289, 127203
    290, 127688
    291, 128158
    292, 128586
    293, 129036
    294, 129494
    295, 129917
    296, 130321
    297, 130769
    298, 131198
    299, 131598
    300, 132025
    301, 132415
    302, 132839
    303, 133292
    304, 133719
    305, 134173
    306, 134626
    307, 135041
    308, 135480
    309, 135885
    310, 136311
    311, 136763
    312, 137181
    313, 137599
    314, 138022
    315, 138385
    316, 138740
    317, 139106
    318, 139466
    319, 139848
    320, 140328
    321, 140805
    322, 141244
    323, 141747
    324, 142200
    325, 142666
    326, 143124
    327, 143538
    328, 143984
    329, 144427
    330, 144834
    331, 145286
    332, 145731
    333, 146114
    334, 146543
    335, 146983
    336, 147384
    337, 147770
    338, 148169
    339, 148520
    340, 148877
    341, 149242
    342, 149605
    343, 150003
    344, 150468
    345, 150919
    346, 151378
    347, 151861
    348, 152294
    349, 152487
    350, 152749
    351, 153149
    352, 153566
    353, 153976
    354, 154408
    355, 154803
    356, 155204
    357, 155634
    358, 156045
    359, 156453
    360, 156881
    361, 157243
    362, 157609
    363, 157974
    364, 158328
    365, 158704
    366, 159148
    367, 159600
    368, 160020
    369, 160458
    370, 160877
    371, 161307
    372, 161677
    373, 162042
    374, 162407
    375, 162751
    376, 163084
    377, 163435
    378, 163826
    379, 164205
    380, 164574
    381, 164975
    382, 165402
    383, 165889
    384, 166345
    385, 166825
    386, 167288
    387, 167730
    388, 168202
    389, 168641
    390, 169062
    391, 169509
    392, 169918
    393, 170289
    394, 170653
    395, 170997
    396, 171347
    397, 171716
    398, 172131
    399, 172547
    400, 172996
    401, 173446
    402, 173863
    403, 174294
    404, 174708
    405, 175084
    406, 175456
    407, 175811
    408, 176159
    409, 176509
    410, 176852
    411, 177198
    412, 177573
    413, 178046
    414, 178524
    415, 179025
    416, 179498
    417, 179939
    418, 180413
    419, 180917
    420, 181348
    421, 181823
    422, 182311
    423, 182730
    424, 183180
    425, 183638
    426, 184050
    427, 184457
    428, 184832
    429, 185205
    430, 185575
    431, 185948
    432, 186360
    433, 186853
    434, 187335
    435, 187820
    436, 188275
    437, 188723
    438, 189194
    439, 189652
    440, 190085
    441, 190549
    442, 190968
    443, 191389
    444, 191831
    445, 192237
    446, 192662
    447, 193102
    448, 193510
    449, 193904
    450, 194265
    451, 194622
    452, 194984
    453, 195330
    454, 195694
    455, 196096
    456, 196517
    457, 197043
    458, 197521
    459, 197959
    460, 198350
    461, 198726
    462, 199092
    463, 199443
    464, 199786
    465, 200118
    466, 200468
    467, 200811
    468, 201150
    469, 201505
    470, 201877
    471, 202258
    472, 202655
    473, 203031
    474, 203420
    475, 203840
    476, 204298
    477, 204764
    478, 205266
    479, 205720
    480, 206185
    481, 206680
    482, 207122
    483, 207542
    484, 207978
    485, 208359
    486, 208727
    487, 209103
    488, 209477
    489, 209938
    490, 210483
    491, 211001
    492, 211519
    493, 211991
    494, 212467
    495, 212964
    496, 213408
    497, 213865
    498, 214293
    499, 214712
    500, 215164
    501, 215577
    502, 215944
    503, 216319
    504, 216708
    505, 217149
    506, 217669
    507, 218139
    508, 218637
    509, 219090
    510, 219533
    511, 220009
    512, 220460
    513, 220863
    514, 221252
    515, 221617
    516, 221983
    517, 222369
    518, 222870
    519, 223330
    520, 223812
    521, 224295
    522, 224745
    523, 225191
    524, 225607
    525, 226061
    526, 226522
    527, 226950
    528, 227407
    529, 227858
    530, 228284
    531, 228719
    532, 229148
    533, 229567
    534, 230019
    535, 230435
    536, 230849
    537, 231323
    538, 231731
    539, 232159
    540, 232625
    541, 233040
    542, 233467
    543, 233916
    544, 234348
    545, 234764
    546, 235226
    547, 235664
    548, 236070
    549, 236515
    550, 236964
    551, 237368
    552, 237823
    553, 238272
    554, 238679
    555, 239111
    556, 239556
    557, 239967
    558, 240388
    559, 240773
    560, 241149
    561, 241505
    562, 241859
    563, 242206
    564, 242567
    565, 242947
    566, 243442
    567, 243930
    568, 244419
    569, 244856
    570, 245298
    571, 245775
    572, 246209
    573, 246647
    574, 247118
    575, 247540
    576, 248007
    577, 248496
    578, 248905
    579, 249367
    580, 249835
    581, 250255
    582, 250712
    583, 251201
    584, 251625
    585, 252086
    586, 252526
    587, 252948
    588, 253392
    589, 253826
    590, 254232
    591, 254677
    592, 255118
    593, 255528
    594, 255991
    595, 256441
    596, 256851
    597, 257283
    598, 257748
    599, 258166
    600, 258630
    601, 259071
    602, 259479
    603, 259932
    604, 260349
    605, 260749
    606, 261179
    607, 261581
    608, 261969
    609, 262393
    610, 262806
    611, 263213
    612, 263652
    613, 264087
    614, 264493
    615, 264958
    616, 265409
    617, 265833
    618, 266307
    619, 266767
    620, 267178
    621, 267628
    622, 268058
    623, 268463
    624, 268902
    625, 269334
    626, 269736
    627, 270178
    628, 270662
    629, 271078
    630, 271519
    631, 271973
    632, 272403
    633, 272803
    634, 273260
    635, 273685
    636, 274038
    637, 274405
    638, 274748
    639, 275087
    640, 275438
    641, 275796
    642, 276274
    643, 276659
    644, 277045
    645, 277442
    646, 277890
    647, 278347
    648, 278775
    649, 279228
    650, 279666
    651, 280091
    652, 280532
    653, 280994
    654, 281412
    655, 281901
    656, 282396
    657, 282849
    658, 283339
    659, 283812
    660, 284274
    661, 284749
    662, 285212
    663, 285672
    664, 286112
    665, 286584
    666, 287022
    667, 287493
    668, 287960
    669, 288392
    670, 288824
    671, 289286
    672, 289693
    673, 290094
    674, 290484
    675, 290833
    676, 291189
    677, 291540
    678, 291883
    679, 292260
    680, 292792
    681, 293294
    682, 293806
    683, 294284
    684, 294729
    685, 295194
    686, 295643
    687, 296081
    688, 296537
    689, 296966
    690, 297393
    691, 297878
    692, 298310
    693, 298790
    694, 299268
    695, 299720
    696, 300167
    697, 300636
    698, 301061
    699, 301533
    700, 301985
    701, 302397
    702, 302838
    703, 303286
    704, 303686
    705, 304123
    706, 304562
    707, 304976
    708, 305443
    709, 305905
    710, 306342
    711, 306796
    712, 307266
    713, 307687
    714, 308124
    715, 308556
    716, 308966
    717, 309365
    718, 309816
    719, 310277
    720, 310695
    721, 311070
    722, 311424
    723, 311783
    724, 312160
    725, 312603
    726, 313013
    727, 313482
    728, 313956
    729, 314350
    730, 314768
    731, 315185
    732, 315575
    733, 315987
    734, 316411
    735, 316812
    736, 317263
    737, 317702
    738, 318104
    739, 318569
    740, 319025
    741, 319442
    742, 319892
    743, 320343
    744, 320754
    745, 321219
    746, 321659
    747, 322088
    748, 322541
    749, 322985
    750, 323409
    751, 323904
    752, 324354
    753, 324824
    754, 325294
    755, 325733
    756, 326161
    757, 326656
    758, 327106
    759, 327518
    760, 327995
    761, 328458
    762, 328878
    763, 329331
    764, 329767
    765, 330158
    766, 330589
    767, 331016
    768, 331424
    769, 331880
    770, 332323
    771, 332745
    772, 333213
    773, 333634
    774, 334037
    775, 334480
    776, 334907
    777, 335312
    778, 335770
    779, 336223
    780, 336636
    781, 337107
    782, 337579
    783, 338012
    784, 338474
    785, 338940
    786, 339362
    787, 339833
    788, 340286
    789, 340690
    790, 341127
    791, 341598
    792, 342016
    793, 342426
    794, 342868
    795, 343289
    796, 343695
    797, 344153
    798, 344602
    799, 345004
    800, 345461
    801, 345897
    802, 346296
    803, 346706
    804, 347127
    805, 347511
    806, 347894
    807, 348315
    808, 348738
    809, 349130
    810, 349577
    811, 350035
    812, 350450
    813, 350909
    814, 351376
    815, 351795
    816, 352257
    817, 352728
    818, 353137
    819, 353593
    820, 354049
    821, 354445
    822, 354867
    823, 355313
    824, 355719
    825, 356163
    826, 356635
    827, 357048
    828, 357478
    829, 357920
    830, 358362
    831, 358780
    832, 359239
    833, 359689
    834, 360106
    835, 360564
    836, 361022
    837, 361424
    838, 361847
    839, 362275
    840, 362676
    841, 363086
    842, 363520
    843, 363939
    844, 364330
    845, 364739
    846, 365157
    847, 365551
    848, 365997
    849, 366474
    850, 366919
    851, 367369
    852, 367819
    853, 368225
    854, 368666
    855, 369106
    856, 369519
    857, 369925
    858, 370350
    859, 370777
    860, 371180
    861, 371628
    862, 372061
    863, 372475
    864, 372936
    865, 373374
    866, 373777
    867, 374205
    868, 374638
    869, 375057
    870, 375517
    871, 375984
    872, 376407
    873, 376835
    874, 377248
    875, 377597
    876, 377961
    877, 378308
    878, 378632
    879, 378971
    880, 379308
    881, 379697
    882, 380096
    883, 380612
    884, 381105
    885, 381569
    886, 382063
    887, 382549
    888, 383018
    889, 383507
    890, 383952
    891, 384397
    892, 384841
    893, 385238
    894, 385658
    895, 386085
    896, 386485
    897, 386908
    898, 387330
    899, 387729
    900, 388198
    901, 388626
    902, 389039
    903, 389499
    904, 389976
    905, 390400
    906, 390896
    907, 391370
    908, 391808
    909, 392266
    910, 392720
    911, 393127
    912, 393610
    913, 394075
    914, 394493
    915, 394959
    916, 395387
    917, 395790
    918, 396240
    919, 396674
    920, 397062
    921, 397520
    922, 397965
    923, 398339
    924, 398699
    925, 399056
    926, 399407
    927, 399759
    928, 400158
    929, 400572
    930, 401109
    931, 401602
    932, 402090
    933, 402583
    934, 403048
    935, 403523
    936, 403978
    937, 404394
    938, 404838
    939, 405270
    940, 405675
    941, 406140
    942, 406565
    943, 406947
    944, 407350
    945, 407804
    946, 408213
    947, 408672
    948, 409183
    949, 409632
    950, 410065
    951, 410532
    952, 410955
    953, 411382
    954, 411810
    955, 412190
    956, 412603
    957, 413093
    958, 413553
    959, 413989
    960, 414455
    961, 414888
    962, 415294
    963, 415727
    964, 416180
    965, 416586
    966, 417060
    967, 417483
    968, 417917
    969, 418382
    970, 418809
    971, 419244
    972, 419690
    973, 420106
    974, 420494
    975, 420916
    976, 421369
    977, 421787
    978, 422229
    979, 422681
    980, 423092
    981, 423506
    982, 423930
    983, 424340
    984, 424729
    985, 425150
    986, 425568
    987, 425950
    988, 426384
    989, 426820
    990, 427220
    991, 427649
    992, 428104
    993, 428501
    994, 428923
    995, 429307
    996, 429656
    997, 430009
    998, 430363
    999, 430707
   1000, 431133
   1001, 431654
   1002, 432140
   1003, 432636
   1004, 433113
   1005, 433555
   1006, 434035
   1007, 434457
   1008, 434872
   1009, 435308
   1010, 435773
   1011, 436178
   1012, 436640
   1013, 437091
   1014, 437497
   1015, 437935
   1016, 438382
   1017, 438774
   1018, 439186
   1019, 439617
   1020, 440025
   1021, 440434
   1022, 440912
   1023, 441409
   1024, 441846
   1025, 442323
   1026, 442787
   1027, 443215
   1028, 443672
   1029, 444146
   1030, 444547
   1031, 445004
   1032, 445454
   1033, 445857
   1034, 446301
   1035, 446745
   1036, 447148
   1037, 447538
   1038, 447992
   1039, 448458
   1040, 448870
   1041, 449331
   1042, 449792
   1043, 450194
   1044, 450654
   1045, 451108
   1046, 451508
   1047, 451966
   1048, 452410
   1049, 452814
   1050, 453231
   1051, 453705
   1052, 454140
   1053, 454568
   1054, 455016
   1055, 455448
   1056, 455840
   1057, 456273
   1058, 456698
   1059, 457083
   1060, 457499
   1061, 457918
   1062, 458304
   1063, 458701
   1064, 459146
   1065, 459568
   1066, 459979
   1067, 460414
   1068, 460868
   1069, 461273
   1070, 461757
   1071, 462224
   1072, 462638
   1073, 463092
   1074, 463571
   1075, 464005
   1076, 464462
   1077, 464937
   1078, 465372
   1079, 465788
   1080, 466250
   1081, 466705
   1082, 467116
   1083, 467564
   1084, 468012
   1085, 468413
   1086, 468846
   1087, 469280
   1088, 469674
   1089, 470119
   1090, 470572
   1091, 471000
   1092, 471393
   1093, 471833
   1094, 472258
   1095, 472656
   1096, 473095
   1097, 473545
   1098, 473951
   1099, 474376
   1100, 474819
   1101, 475224
   1102, 475633
   1103, 476069
   1104, 476448
   1105, 476810
   1106, 477165
   1107, 477506
   1108, 477855
   1109, 478203
   1110, 478556
   1111, 478901
   1112, 479250
   1113, 479628
   1114, 480154
   1115, 480619
   1116, 481077
   1117, 481580
   1118, 482039
   1119, 482496
   1120, 483001
   1121, 483473
   1122, 483880
   1123, 484262
   1124, 484634
   1125, 484971
   1126, 485318
   1127, 485659
   1128, 486003
   1129, 486366
   1130, 486746
   1131, 487155
   1132, 487685
   1133, 488185
   1134, 488657
   1135, 489165
   1136, 489639
   1137, 490096
   1138, 490571
   1139, 491032
   1140, 491517
   1141, 491994
   1142, 492422
   1143, 492902
   1144, 493366
   1145, 493791
   1146, 494266
   1147, 494697
   1148, 495088
   1149, 495521
   1150, 495958
   1151, 496368
   1152, 496830
   1153, 497291
   1154, 497707
   1155, 498161
   1156, 498592
   1157, 498998
   1158, 499468
   1159, 499938
   1160, 500352
   1161, 500823
   1162, 501273
   1163, 501675
   1164, 502107
   1165, 502504
   1166, 502891
   1167, 503324
   1168, 503805
   1169, 504209
   1170, 504669
   1171, 505130
   1172, 505546
   1173, 505948
   1174, 506326
   1175, 506673
   1176, 507014
   1177, 507354
   1178, 507696
   1179, 508060
   1180, 508567
   1181, 509085
   1182, 509549
   1183, 510057
   1184, 510556
   1185, 511021
   1186, 511491
   1187, 511975
   1188, 512422
   1189, 512878
   1190, 513322
   1191, 513754
   1192, 514165
   1193, 514614
   1194, 515056
   1195, 515461
   1196, 515924
   1197, 516372
   1198, 516789
   1199, 517196
   1200, 517587
   1201, 517963
   1202, 518371
   1203, 518757
   1204, 519186
   1205, 519622
   1206, 520025
   1207, 520419
   1208, 520813
   1209, 521179
   1210, 521546
   1211, 521915
   1212, 522306
   1213, 522674
   1214, 523034
   1215, 523426
   1216, 523805
   1217, 524172
   1218, 524535
   1219, 524913
   1220, 525283
   1221, 525624
   1222, 525988
   1223, 526342
   1224, 526676
   1225, 527030
   1226, 527378
   1227, 527738
   1228, 528098
   1229, 528465
   1230, 528857
   1231, 529234
   1232, 529609
   1233, 530050
   1234, 530516
   1235, 530970
   1236, 531460
   1237, 531926
   1238, 532324
   1239, 532760
   1240, 533195
   1241, 533610
   1242, 534086
   1243, 534541
   1244, 535003
   1245, 535437
   1246, 535839
   1247, 536278
   1248, 536750
   1249, 537242
   1250, 537719
   1251, 538207
   1252, 538591
   1253, 538976
   1254, 539361
   1255, 539733
   1256, 540128
   1257, 540605
   1258, 541100
   1259, 541623
   1260, 542131
   1261, 542602
   1262, 543096
   1263, 543558
   1264, 543976
   1265, 544434
   1266, 544876
   1267, 545283
   1268, 545695
   1269, 545892
   1270, 546131
   1271, 546492
   1272, 546874
   1273, 547260
   1274, 547617
   1275, 547972
   1276, 548343
   1277, 548711
   1278, 549091
   1279, 549540
   1280, 550010
   1281, 550488
   1282, 550958
   1283, 551398
   1284, 551829
   1285, 552317
   1286, 552785
   1287, 553204
   1288, 553662
   1289, 554086
   1290, 554485
   1291, 554925
   1292, 555364
   1293, 555778
   1294, 556236
   1295, 556718
   1296, 557107
   1297, 557468
   1298, 557830
   1299, 558187
   1300, 558562
   1301, 558960
   1302, 559453
   1303, 559953
   1304, 560458
   1305, 560938
   1306, 561440
   1307, 561912
   1308, 562351
   1309, 562797
   1310, 563257
   1311, 563665
   1312, 564100
   1313, 564549
   1314, 564970
   1315, 565356
   1316, 565727
   1317, 566098
   1318, 566452
   1319, 566829
   1320, 567249
   1321, 567675
   1322, 568207
   1323, 568679
   1324, 569140
   1325, 569627
   1326, 570079
   1327, 570508
   1328, 570966
   1329, 571384
   1330, 571790
   1331, 572249
   1332, 572737
   1333, 573166
   1334, 573647
   1335, 574085
   1336, 574545
   1337, 575010
   1338, 575438
   1339, 575940
   1340, 576427
   1341, 576849
   1342, 577306
   1343, 577748
   1344, 578122
   1345, 578484
   1346, 578852
   1347, 579211
   1348, 579597
   1349, 580115
   1350, 580584
   1351, 581081
   1352, 581546
   1353, 581990
   1354, 582472
   1355, 582901
   1356, 583312
   1357, 583775
   1358, 584226
   1359, 584660
   1360, 585130
   1361, 585588
   1362, 586004
   1363, 586463
   1364, 586891
   1365, 587305
   1366, 587747
   1367, 588167
   1368, 588572
   1369, 589023
   1370, 589444
   1371, 589855
   1372, 590322
   1373, 590767
   1374, 591193
   1375, 591654
   1376, 592112
   1377, 592519
   1378, 592972
   1379, 593384
   1380, 593776
   1381, 594205
   1382, 594631
   1383, 595033
   1384, 595499
   1385, 595979
   1386, 596391
   1387, 596848
   1388, 597326
   1389, 597751
   1390, 598176
   1391, 598646
   1392, 599071
   1393, 599455
   1394, 599862
   1395, 600063
   1396, 600276
   1397, 600583
   1398, 600934
   1399, 601297
   1400, 601693
   1401, 602241
   1402, 602735
   1403, 603242
   1404, 603747
   1405, 604214
   1406, 604710
   1407, 605189
   1408, 605627
   1409, 606068
   1410, 606514
   1411, 606942
   1412, 607357
   1413, 607800
   1414, 608253
   1415, 608671
   1416, 609140
   1417, 609598
   1418, 610010
   1419, 610442
   1420, 610861
   1421, 611254
   1422, 611682
   1423, 612095
   1424, 612503
   1425, 612956
   1426, 613397
   1427, 613818
   1428, 614273
   1429, 614702
   1430, 615093
   1431, 615529
   1432, 615935
   1433, 616333
   1434, 616758
   1435, 617163
   1436, 617532
   1437, 617895
   1438, 618258
   1439, 618609
   1440, 618987
   1441, 619475
   1442, 619949
   1443, 620450
   1444, 620939
   1445, 621368
   1446, 621838
   1447, 622301
   1448, 622726
   1449, 623160
   1450, 623629
   1451, 624055
   1452, 624457
   1453, 624903
   1454, 625336
   1455, 625738
   1456, 626175
   1457, 626585
   1458, 626985
   1459, 627420
   1460, 627850
   1461, 628266
   1462, 628732
   1463, 629227
   1464, 629669
   1465, 630099
   1466, 630535
   1467, 630950
   1468, 631376
   1469, 631863
   1470, 632320
   1471, 632761
   1472, 633217
   1473, 633658
   1474, 634066
   1475, 634513
   1476, 634960
   1477, 635370
   1478, 635801
   1479, 636236
   1480, 636634
   1481, 637067
   1482, 637528
   1483, 637945
   1484, 638333
   1485, 638755
   1486, 639167
   1487, 639571
   1488, 639984
   1489, 640387
   1490, 640752
   1491, 641089
   1492, 641435
   1493, 641768
   1494, 642109
   1495, 642464
   1496, 642826
   1497, 643229
   1498, 643638
   1499, 644018
   1500, 644412
   1501, 644797
   1502, 645160
   1503, 645515
   1504, 645963
   1505, 646366
   1506, 646747
   1507, 647129
   1508, 647516
   1509, 647887
   1510, 648258
   1511, 648637
   1512, 649008
   1513, 649353
   1514, 649700
