      0,   1130
      1,   1563
      2,   1988
      3,   2454
      4,   2875
      5,   3318
      6,   3742
      7,   4166
      8,   4585
      9,   5027
     10,   5448
     11,   5889
     12,   6317
     13,   6767
     14,   7197
     15,   7623
     16,   8070
     17,   8491
     18,   8934
     19,   9354
     20,   9804
     21,  10211
     22,  10659
     23,  11078
     24,  11514
     25,  11943
     26,  12397
     27,  12804
     28,  13247
     29,  13682
     30,  14092
     31,  14525
     32,  14992
     33,  15411
     34,  15864
     35,  16314
     36,  16779
     37,  17199
     38,  17661
     39,  18088
     40,  18536
     41,  18973
     42,  19407
     43,  19866
     44,  20316
     45,  20783
     46,  21220
     47,  21661
     48,  22092
     49,  22543
     50,  22978
     51,  23434
     52,  23909
     53,  24373
     54,  24814
     55,  25263
     56,  25687
     57,  26119
     58,  26539
     59,  26964
     60,  27407
     61,  27851
     62,  28276
     63,  28736
     64,  29137
     65,  29586
     66,  30020
     67,  30441
     68,  30899
     69,  31317
     70,  31765
     71,  32207
     72,  32640
     73,  33096
     74,  33528
     75,  33955
     76,  34408
     77,  34834
     78,  35276
     79,  35688
     80,  36126
     81,  36596
     82,  37024
     83,  37491
     84,  37932
     85,  38368
     86,  38837
     87,  39286
     88,  39708
     89,  40184
     90,  40635
     91,  41079
     92,  41527
     93,  41958
     94,  42378
     95,  42834
     96,  43247
     97,  43691
     98,  44121
     99,  44555
    100,  44986
    101,  45434
    102,  45854
    103,  46309
    104,  46737
    105,  47168
    106,  47619
    107,  48049
    108,  48503
    109,  48939
    110,  49357
    111,  49785
    112,  50209
    113,  50656
    114,  51073
    115,  51518
    116,  51962
    117,  52393
    118,  52837
    119,  53244
    120,  53677
    121,  54104
    122,  54544
    123,  54971
    124,  55393
    125,  55842
    126,  56267
    127,  56721
    128,  57135
    129,  57581
    130,  58028
    131,  58435
    132,  58871
    133,  59286
    134,  59733
    135,  60152
    136,  60598
    137,  61012
    138,  61441
    139,  61882
    140,  62291
    141,  62743
    142,  63143
    143,  63586
    144,  64007
    145,  64412
    146,  64877
    147,  65284
    148,  65723
    149,  66145
    150,  66591
    151,  67006
    152,  67455
    153,  67889
    154,  68320
    155,  68774
    156,  69190
    157,  69621
    158,  70067
    159,  70504
    160,  70956
    161,  71381
    162,  71819
    163,  72276
    164,  72713
    165,  73134
    166,  73574
    167,  73997
    168,  74431
    169,  74869
    170,  75297
    171,  75760
    172,  76192
    173,  76674
    174,  77094
    175,  77537
    176,  78001
    177,  78434
    178,  78864
    179,  79302
    180,  79778
    181,  80219
    182,  80675
    183,  81132
    184,  81559
    185,  82017
    186,  82442
    187,  82891
    188,  83307
    189,  83740
    190,  84207
    191,  84627
    192,  85094
    193,  85505
    194,  85938
    195,  86396
    196,  86814
    197,  87244
    198,  87697
    199,  88145
    200,  88566
    201,  89033
    202,  89456
    203,  89882
    204,  90331
    205,  90750
    206,  91177
    207,  91619
    208,  92043
    209,  92472
    210,  92935
    211,  93355
    212,  93788
    213,  94199
    214,  94649
    215,  95063
    216,  95479
    217,  95880
    218,  96309
    219,  96746
    220,  97142
    221,  97586
    222,  97999
    223,  98425
    224,  98829
    225,  99246
    226,  99627
    227, 100055
    228, 100433
    229, 100840
    230, 101217
    231, 101597
    232, 101963
    233, 102334
    234, 102705
    235, 103065
    236, 103424
    237, 103777
    238, 104137
    239, 104485
    240, 104839
    241, 105176
    242, 105513
    243, 105848
    244, 106185
    245, 106518
    246, 106862
    247, 107194
    248, 107540
    249, 107885
    250, 108180
    251, 108583
    252, 108943
    253, 109290
    254, 109484
    255, 109895
    256, 110257
    257, 110604
    258, 110966
    259, 111325
    260, 111693
    261, 112063
    262, 112441
    263, 112811
    264, 113167
    265, 113317
    266, 113538
    267, 113905
    268, 114279
    269, 114423
    270, 114648
    271, 114806
    272, 115027
    273, 115167
    274, 115401
    275, 115540
    276, 115773
    277, 115909
    278, 116165
    279, 116308
    280, 116532
    281, 116690
    282, 116930
    283, 117074
    284, 117310
    285, 117451
    286, 117697
    287, 117844
    288, 118084
    289, 118236
    290, 118486
    291, 118621
    292, 118906
    293, 119300
    294, 119715
    295, 120102
    296, 120474
    297, 120865
    298, 121242
    299, 121628
    300, 122019
    301, 122405
    302, 122788
    303, 123161
    304, 123541
    305, 123931
    306, 124328
    307, 124717
    308, 125114
    309, 125484
    310, 125870
    311, 126249
    312, 126637
    313, 127023
    314, 127397
    315, 127787
    316, 128168
    317, 128550
    318, 128938
    319, 129320
    320, 129698
    321, 130077
    322, 130455
    323, 130838
    324, 131217
    325, 131600
    326, 132002
    327, 132385
    328, 132790
    329, 133167
    330, 133567
    331, 133953
    332, 134363
    333, 134756
    334, 135173
    335, 135573
    336, 135973
    337, 136382
    338, 136783
    339, 137186
    340, 137571
    341, 137966
    342, 138363
    343, 138760
    344, 139155
    345, 139538
    346, 139911
    347, 140310
    348, 140710
    349, 141115
    350, 141513
    351, 141908
    352, 142310
    353, 142696
    354, 143108
    355, 143502
    356, 143920
    357, 144324
    358, 144754
    359, 145162
    360, 145577
    361, 145974
    362, 146401
    363, 146807
    364, 147229
    365, 147625
    366, 148037
    367, 148425
    368, 148832
    369, 149220
    370, 149624
    371, 150020
    372, 150425
    373, 150854
    374, 151258
    375, 151659
    376, 152056
    377, 152454
    378, 152835
    379, 153218
    380, 153605
    381, 154000
    382, 154383
    383, 154780
    384, 155167
    385, 155573
    386, 155969
    387, 156380
    388, 156789
    389, 157186
    390, 157581
    391, 157992
    392, 158398
    393, 158807
    394, 159205
    395, 159603
    396, 160012
    397, 160358
    398, 160826
    399, 161246
    400, 161664
    401, 162080
    402, 162492
    403, 162902
    404, 163308
    405, 163707
    406, 164120
    407, 164514
    408, 164934
    409, 165337
    410, 165761
    411, 166190
    412, 166616
    413, 167038
    414, 167468
    415, 167869
    416, 168295
    417, 168703
    418, 169142
    419, 169545
    420, 169971
    421, 170378
    422, 170799
    423, 171201
    424, 171626
    425, 172029
    426, 172441
    427, 172842
    428, 173251
    429, 173646
    430, 174043
    431, 174437
    432, 174831
    433, 175229
    434, 175612
    435, 176008
    436, 176388
    437, 176777
    438, 177163
    439, 177565
    440, 177969
    441, 178386
    442, 178808
    443, 179217
    444, 179632
    445, 180049
    446, 180474
    447, 180906
    448, 181331
    449, 181744
    450, 182182
    451, 182599
    452, 183040
    453, 183469
    454, 183907
    455, 184333
    456, 184775
    457, 185207
    458, 185649
    459, 186077
    460, 186506
    461, 186921
    462, 187337
    463, 187754
    464, 188193
    465, 188611
    466, 189061
    467, 189490
    468, 189900
    469, 190327
    470, 190730
    471, 191133
    472, 191508
    473, 191899
    474, 192325
    475, 192719
    476, 193129
    477, 193525
    478, 193923
    479, 194311
    480, 194665
    481, 195057
    482, 195430
    483, 195795
    484, 196177
    485, 196541
    486, 196919
    487, 197291
    488, 197652
    489, 198036
    490, 198416
    491, 198494
    492, 198778
    493, 199151
    494, 199543
    495, 199879
    496, 200235
    497, 200594
    498, 200961
    499, 201349
    500, 201759
    501, 202131
    502, 202558
    503, 202956
    504, 203356
    505, 203762
    506, 204166
    507, 204577
    508, 204983
    509, 205380
    510, 205806
    511, 206213
    512, 206625
    513, 207026
    514, 207412
    515, 207824
    516, 208229
    517, 208635
    518, 209034
    519, 209437
    520, 209829
    521, 210244
    522, 210642
    523, 211055
    524, 211445
    525, 211845
    526, 212244
    527, 212639
    528, 213032
    529, 213413
    530, 213810
    531, 214206
    532, 214615
    533, 215017
    534, 215416
    535, 215793
    536, 216200
    537, 216583
    538, 216996
    539, 217380
    540, 217761
    541, 218172
    542, 218562
    543, 218958
    544, 219346
    545, 219731
    546, 219963
    547, 220493
    548, 220871
    549, 221274
    550, 221530
    551, 222018
    552, 222415
    553, 222824
    554, 223209
    555, 223596
    556, 223977
    557, 224374
    558, 224762
    559, 225166
    560, 225552
    561, 225928
    562, 226328
    563, 226743
    564, 227137
    565, 227527
    566, 227923
    567, 228319
    568, 228729
    569, 229143
    570, 229563
    571, 229966
    572, 230372
    573, 230761
    574, 231163
    575, 231542
    576, 231924
    577, 232331
    578, 232717
    579, 233129
    580, 233512
    581, 233903
    582, 234288
    583, 234689
    584, 235083
    585, 235470
    586, 235862
    587, 236255
    588, 236653
    589, 237053
    590, 237457
    591, 237857
    592, 238257
    593, 238648
    594, 239065
    595, 239453
    596, 239867
    597, 240270
    598, 240693
    599, 241105
    600, 241509
    601, 241927
    602, 242345
    603, 242765
    604, 243180
    605, 243591
    606, 244025
    607, 244453
    608, 244870
    609, 245292
    610, 245705
    611, 246124
    612, 246505
    613, 246921
    614, 247294
    615, 247689
    616, 248076
    617, 248462
    618, 248876
    619, 249255
    620, 249644
    621, 250057
    622, 250455
    623, 250863
    624, 251239
    625, 251637
    626, 252020
    627, 252398
    628, 252807
    629, 253188
    630, 253580
    631, 253982
    632, 254393
    633, 254786
    634, 255185
    635, 255566
    636, 255961
    637, 256349
    638, 256751
    639, 257150
    640, 257559
    641, 257959
    642, 258382
    643, 258798
    644, 259213
    645, 259617
    646, 260042
    647, 260437
    648, 260851
    649, 261243
    650, 261634
    651, 262055
    652, 262457
    653, 262866
    654, 263257
    655, 263656
    656, 264055
    657, 264457
    658, 264862
    659, 265267
    660, 265667
    661, 266086
    662, 266475
    663, 266891
    664, 267277
    665, 267679
    666, 268079
    667, 268464
    668, 268887
    669, 269280
    670, 269698
    671, 270105
    672, 270514
    673, 270922
    674, 271334
    675, 271727
    676, 272149
    677, 272552
    678, 272975
    679, 273374
    680, 273778
    681, 274187
    682, 274584
    683, 275030
    684, 275435
    685, 275845
    686, 276256
    687, 276666
    688, 277073
    689, 277478
    690, 277884
    691, 278294
    692, 278685
    693, 279111
    694, 279507
    695, 279912
    696, 280309
    697, 280715
    698, 281107
    699, 281500
    700, 281891
    701, 282309
    702, 282719
    703, 283131
    704, 283534
    705, 283940
    706, 284359
    707, 284768
    708, 285183
    709, 285583
    710, 286002
    711, 286408
    712, 286814
    713, 287227
    714, 287668
    715, 288099
    716, 288500
    717, 288923
    718, 289318
    719, 289730
    720, 290140
    721, 290541
    722, 290952
    723, 291374
    724, 291772
    725, 292201
    726, 292599
    727, 293043
    728, 293448
    729, 293848
    730, 294249
    731, 294670
    732, 295078
    733, 295500
    734, 295912
    735, 296164
    736, 296732
    737, 297146
    738, 297562
    739, 297990
    740, 298384
    741, 298802
    742, 299196
    743, 299604
    744, 300017
    745, 300423
    746, 300857
    747, 301285
    748, 301712
    749, 302130
    750, 302551
    751, 302959
    752, 303356
    753, 303757
    754, 304159
    755, 304551
    756, 304934
    757, 305345
    758, 305737
    759, 306157
    760, 306554
    761, 306981
    762, 307380
    763, 307789
    764, 308203
    765, 308617
    766, 309021
    767, 309434
    768, 309822
    769, 310258
    770, 310683
    771, 311104
    772, 311511
    773, 311921
    774, 312325
    775, 312749
    776, 313153
    777, 313572
    778, 313984
    779, 314407
    780, 314828
    781, 315250
    782, 315655
    783, 316076
    784, 316484
    785, 316923
    786, 317346
    787, 317749
    788, 318186
    789, 318601
    790, 319032
    791, 319437
    792, 319854
    793, 320273
    794, 320702
    795, 321109
    796, 321516
    797, 321944
    798, 322359
    799, 322795
    800, 323201
    801, 323612
    802, 324045
    803, 324465
    804, 324887
    805, 325300
    806, 325711
    807, 326133
    808, 326566
    809, 326988
    810, 327407
    811, 327821
    812, 328245
    813, 328672
    814, 329071
    815, 329478
    816, 329892
    817, 330278
    818, 330704
    819, 331099
    820, 331495
    821, 331881
    822, 332288
    823, 332691
    824, 333089
    825, 333472
    826, 333859
    827, 334260
    828, 334690
    829, 335095
    830, 335518
    831, 335926
    832, 336341
    833, 336754
    834, 337169
    835, 337576
    836, 337941
    837, 338392
    838, 338832
    839, 339254
    840, 339698
    841, 340129
    842, 340554
    843, 340974
    844, 341390
    845, 341803
    846, 342218
    847, 342640
    848, 343041
    849, 343458
    850, 343873
    851, 344292
    852, 344709
    853, 345130
    854, 345552
    855, 345981
    856, 346379
    857, 346799
    858, 347217
    859, 347625
    860, 348042
    861, 348451
    862, 348880
    863, 349298
    864, 349707
    865, 350127
    866, 350548
    867, 350970
    868, 351380
    869, 351813
    870, 352226
    871, 352668
    872, 353105
    873, 353535
    874, 353962
    875, 354382
    876, 354805
    877, 355219
    878, 355624
    879, 356041
    880, 356458
    881, 356879
    882, 357304
    883, 357722
    884, 358141
    885, 358566
    886, 358968
    887, 359196
    888, 359763
    889, 360173
    890, 360614
    891, 361026
    892, 361447
    893, 361868
    894, 362280
    895, 362696
    896, 363115
    897, 363528
    898, 363940
    899, 364335
    900, 364746
    901, 365145
    902, 365554
    903, 365972
    904, 366393
    905, 366810
    906, 367237
    907, 367655
    908, 368084
    909, 368501
    910, 368922
    911, 369337
    912, 369769
    913, 370190
    914, 370628
    915, 371042
    916, 371465
    917, 371892
    918, 372294
    919, 372708
    920, 373143
    921, 373546
    922, 373979
    923, 374414
    924, 374833
    925, 375241
    926, 375665
    927, 375936
    928, 376490
    929, 376889
    930, 377174
    931, 377721
    932, 378120
    933, 378438
    934, 378968
    935, 379364
    936, 379629
    937, 380196
    938, 380624
    939, 381032
    940, 381438
    941, 381810
    942, 382162
    943, 382524
    944, 382870
    945, 383231
    946, 383587
    947, 384146
    948, 384486
    949, 384980
    950, 385355
    951, 385791
    952, 386192
    953, 386641
    954, 387061
    955, 387477
    956, 387889
    957, 388313
    958, 388731
    959, 389149
    960, 389550
    961, 389980
    962, 390395
    963, 390831
    964, 391247
    965, 391704
    966, 392161
    967, 392603
    968, 393016
    969, 393425
    970, 393845
    971, 394264
    972, 394690
    973, 395116
    974, 395531
    975, 395961
    976, 396375
    977, 396780
    978, 397196
    979, 397610
    980, 398016
    981, 398428
    982, 398848
    983, 399243
    984, 399680
    985, 400082
    986, 400508
    987, 400907
    988, 401339
    989, 401771
    990, 402185
    991, 402619
    992, 403041
    993, 403469
    994, 403902
    995, 404340
    996, 404771
    997, 405199
    998, 405623
    999, 406046
   1000, 406489
   1001, 406903
   1002, 407323
   1003, 407746
   1004, 408168
   1005, 408600
   1006, 409026
   1007, 409449
   1008, 409900
   1009, 410339
   1010, 410764
   1011, 411212
   1012, 411658
   1013, 412062
   1014, 412525
   1015, 412953
   1016, 413363
   1017, 413792
   1018, 414201
   1019, 414642
   1020, 415054
   1021, 415478
   1022, 415893
   1023, 416324
   1024, 416734
   1025, 417149
   1026, 417574
   1027, 417990
   1028, 418395
   1029, 418792
   1030, 419202
   1031, 419602
   1032, 420015
   1033, 420429
   1034, 420833
   1035, 421231
   1036, 421640
   1037, 422047
   1038, 422478
   1039, 422900
   1040, 423324
   1041, 423747
   1042, 424175
   1043, 424603
   1044, 425036
   1045, 425455
   1046, 425883
   1047, 426317
   1048, 426744
   1049, 427159
   1050, 427593
   1051, 428002
   1052, 428445
   1053, 428856
   1054, 429272
   1055, 429683
   1056, 430086
   1057, 430507
   1058, 430925
   1059, 431319
   1060, 431735
   1061, 432141
   1062, 432544
   1063, 432944
   1064, 433342
   1065, 433750
   1066, 434174
   1067, 434582
   1068, 435001
   1069, 435413
   1070, 435836
   1071, 436258
   1072, 436680
   1073, 437091
   1074, 437524
   1075, 437926
   1076, 438354
   1077, 438759
   1078, 439002
   1079, 439489
   1080, 439923
   1081, 440364
   1082, 440770
   1083, 441203
   1084, 441622
   1085, 442047
   1086, 442463
   1087, 442875
   1088, 443280
   1089, 443706
   1090, 444122
   1091, 444558
   1092, 444964
   1093, 445388
   1094, 445802
   1095, 446232
   1096, 446630
   1097, 447052
   1098, 447472
   1099, 447882
   1100, 448319
   1101, 448723
   1102, 449137
   1103, 449568
   1104, 449968
   1105, 450381
   1106, 450797
   1107, 451188
   1108, 451611
   1109, 452016
   1110, 452431
   1111, 452829
   1112, 453241
   1113, 453655
   1114, 454075
   1115, 454486
   1116, 454897
   1117, 455304
   1118, 455725
   1119, 456141
   1120, 456561
   1121, 456976
   1122, 457409
   1123, 457821
   1124, 458255
   1125, 458664
   1126, 459082
   1127, 459493
   1128, 459917
   1129, 460335
   1130, 460782
   1131, 461205
   1132, 461635
   1133, 462060
   1134, 462488
   1135, 462903
   1136, 463318
   1137, 463731
   1138, 464162
   1139, 464578
   1140, 465003
   1141, 465429
   1142, 465849
   1143, 466291
   1144, 466698
   1145, 467120
   1146, 467546
   1147, 467978
   1148, 468388
   1149, 468805
   1150, 469225
   1151, 469639
   1152, 470048
   1153, 470462
   1154, 470871
   1155, 471286
   1156, 471695
   1157, 472110
   1158, 472516
   1159, 472920
   1160, 473322
   1161, 473716
   1162, 474110
   1163, 474476
   1164, 474836
   1165, 475186
   1166, 475548
   1167, 475921
   1168, 476282
   1169, 476647
   1170, 477018
   1171, 477391
   1172, 477773
   1173, 478156
   1174, 478532
   1175, 478932
   1176, 479318
   1177, 479703
   1178, 480091
   1179, 480483
   1180, 480872
   1181, 481274
   1182, 481672
   1183, 482088
   1184, 482511
   1185, 482915
   1186, 483348
   1187, 483752
   1188, 484168
   1189, 484557
   1190, 484952
   1191, 485338
   1192, 485728
   1193, 486118
   1194, 486513
   1195, 486892
   1196, 487291
   1197, 487672
   1198, 488065
   1199, 488465
   1200, 488845
   1201, 489255
   1202, 489639
   1203, 490055
   1204, 490438
   1205, 490840
   1206, 491240
   1207, 491628
   1208, 492025
   1209, 492417
   1210, 492805
   1211, 493192
   1212, 493576
   1213, 493972
   1214, 494373
   1215, 494765
   1216, 495176
   1217, 495570
   1218, 495968
   1219, 496380
   1220, 496776
   1221, 497193
   1222, 497575
   1223, 497979
   1224, 498359
   1225, 498752
   1226, 499146
   1227, 499535
   1228, 499930
   1229, 500316
   1230, 500706
   1231, 501091
   1232, 501474
   1233, 501858
   1234, 502238
   1235, 502612
   1236, 502985
   1237, 503361
   1238, 503737
   1239, 504121
   1240, 504500
   1241, 504881
   1242, 505279
   1243, 505561
   1244, 506057
   1245, 506430
   1246, 506662
   1247, 507178
   1248, 507553
   1249, 507819
   1250, 508341
   1251, 508709
   1252, 509055
   1253, 509479
   1254, 509871
   1255, 510240
   1256, 510622
   1257, 510996
   1258, 511382
   1259, 511764
   1260, 512148
   1261, 512531
   1262, 512925
   1263, 513308
   1264, 513705
   1265, 514085
   1266, 514462
   1267, 514830
   1268, 515217
   1269, 515594
   1270, 515986
   1271, 516356
   1272, 516737
   1273, 517121
   1274, 517504
   1275, 517886
   1276, 518266
   1277, 518632
   1278, 519016
   1279, 519375
   1280, 519762
   1281, 520126
   1282, 520509
   1283, 520891
   1284, 521278
   1285, 521670
   1286, 522050
   1287, 522434
   1288, 522808
   1289, 523190
   1290, 523575
   1291, 523958
   1292, 524337
   1293, 524718
   1294, 525107
   1295, 525500
   1296, 525890
   1297, 526273
   1298, 526648
   1299, 527034
   1300, 527401
   1301, 527782
   1302, 528149
   1303, 528526
   1304, 528917
   1305, 529300
   1306, 529691
   1307, 530072
   1308, 530455
   1309, 530844
   1310, 531227
   1311, 531616
   1312, 531992
   1313, 532363
   1314, 532737
   1315, 533127
   1316, 533513
   1317, 533908
   1318, 534289
   1319, 534663
   1320, 535048
   1321, 535432
   1322, 535821
   1323, 536201
   1324, 536561
   1325, 536942
   1326, 537300
   1327, 537687
   1328, 538051
   1329, 538427
   1330, 538794
   1331, 539166
   1332, 539544
   1333, 539913
   1334, 540265
   1335, 540617
   1336, 540991
   1337, 541362
   1338, 541727
   1339, 542079
   1340, 542436
   1341, 542807
   1342, 543160
   1343, 543291
   1344, 543470
   1345, 543836
   1346, 544186
   1347, 544541
   1348, 544915
   1349, 545277
   1350, 545636
   1351, 545979
   1352, 546330
   1353, 546691
   1354, 547047
   1355, 547411
   1356, 547790
   1357, 548171
   1358, 548555
   1359, 548959
   1360, 549361
   1361, 549762
   1362, 550150
   1363, 550549
   1364, 550953
   1365, 551373
   1366, 551779
   1367, 552185
   1368, 552586
   1369, 552998
   1370, 553401
   1371, 553798
   1372, 554183
   1373, 554579
   1374, 554971
   1375, 555371
   1376, 555777
   1377, 556159
   1378, 556553
   1379, 556938
   1380, 557335
   1381, 557726
   1382, 558103
   1383, 558491
   1384, 558864
   1385, 559243
   1386, 559629
   1387, 560013
   1388, 560391
   1389, 560779
   1390, 561148
   1391, 561535
   1392, 561927
   1393, 562311
   1394, 562706
   1395, 563082
   1396, 563477
   1397, 563858
   1398, 564243
   1399, 564638
   1400, 565019
   1401, 565263
   1402, 565802
   1403, 566198
   1404, 566604
   1405, 566986
   1406, 567383
   1407, 567757
   1408, 568145
   1409, 568529
   1410, 568915
   1411, 569303
   1412, 569688
   1413, 570069
   1414, 570438
   1415, 570802
   1416, 571156
   1417, 571519
   1418, 571873
   1419, 572237
   1420, 572634
   1421, 573032
   1422, 573442
   1423, 573829
   1424, 574207
   1425, 574604
   1426, 574975
   1427, 575366
   1428, 575726
   1429, 576100
   1430, 576475
   1431, 576831
   1432, 577202
   1433, 577556
   1434, 577921
   1435, 578305
   1436, 578687
   1437, 579072
   1438, 579440
   1439, 579798
   1440, 580176
   1441, 580549
   1442, 580915
   1443, 581304
   1444, 581673
   1445, 582059
   1446, 582435
   1447, 582823
   1448, 583212
   1449, 583594
   1450, 583960
   1451, 584332
   1452, 584690
   1453, 585056
   1454, 585428
   1455, 585785
   1456, 586138
   1457, 586515
   1458, 586878
   1459, 587255
   1460, 587618
   1461, 587973
   1462, 588335
   1463, 588693
   1464, 589066
   1465, 589432
   1466, 589816
   1467, 590193
   1468, 590583
   1469, 590963
   1470, 591344
   1471, 591742
   1472, 592120
   1473, 592516
   1474, 592888
   1475, 593285
   1476, 593656
   1477, 594026
   1478, 594402
   1479, 594768
   1480, 595140
   1481, 595488
   1482, 595861
   1483, 596222
   1484, 596578
   1485, 596935
   1486, 597277
   1487, 597627
   1488, 597956
   1489, 598314
   1490, 598659
   1491, 599016
   1492, 599235
   1493, 599659
   1494, 600031
   1495, 600404
   1496, 600749
   1497, 601101
   1498, 601420
   1499, 601762
   1500, 602111
   1501, 602441
   1502, 602794
   1503, 603132
   1504, 603477
   1505, 603828
   1506, 604190
   1507, 604539
   1508, 604891
   1509, 605244
   1510, 605597
   1511, 605955
   1512, 606317
   1513, 606670
   1514, 607038
   1515, 607399
   1516, 607747
   1517, 608112
   1518, 608462
   1519, 608816
   1520, 609171
   1521, 609502
   1522, 609845
   1523, 610208
   1524, 610553
   1525, 610904
   1526, 611246
   1527, 611598
   1528, 611934
   1529, 612284
   1530, 612619
   1531, 612963
   1532, 613302
   1533, 613659
   1534, 613999
   1535, 614349
   1536, 614693
   1537, 615043
   1538, 615392
   1539, 615733
   1540, 616087
   1541, 616424
   1542, 616634
   1543, 617087
   1544, 617450
   1545, 617802
   1546, 618145
   1547, 618490
   1548, 618845
   1549, 619189
   1550, 619524
   1551, 619857
   1552, 620207
   1553, 620551
   1554, 620908
   1555, 621278
   1556, 621366
   1557, 621636
   1558, 622003
   1559, 622375
   1560, 622737
   1561, 623108
   1562, 623465
   1563, 623837
   1564, 624192
   1565, 624544
   1566, 624935
   1567, 625300
   1568, 625650
   1569, 626030
   1570, 626392
   1571, 626763
   1572, 627116
   1573, 627482
   1574, 627866
   1575, 628247
   1576, 628648
   1577, 629060
   1578, 629475
   1579, 629906
   1580, 630302
   1581, 630722
   1582, 631118
   1583, 631516
   1584, 631913
   1585, 632302
   1586, 632713
   1587, 633089
   1588, 633478
   1589, 633883
   1590, 634252
   1591, 634644
   1592, 635034
   1593, 635415
   1594, 635802
   1595, 636165
   1596, 636541
   1597, 636909
   1598, 637275
   1599, 637645
   1600, 638017
   1601, 638373
   1602, 638768
   1603, 639137
   1604, 639492
   1605, 639858
   1606, 640235
   1607, 640612
   1608, 640968
   1609, 641333
   1610, 641695
   1611, 642059
   1612, 642445
   1613, 642811
   1614, 643167
   1615, 643539
   1616, 643919
   1617, 644281
   1618, 644657
   1619, 645040
   1620, 645409
   1621, 645777
   1622, 646154
   1623, 646551
   1624, 646922
   1625, 647304
   1626, 647688
   1627, 648055
   1628, 648426
   1629, 648797
   1630, 649157
   1631, 649521
   1632, 649887
