      0,   1145
      1,   1436
      2,   1608
      3,   1887
      4,   2071
      5,   2334
      6,   2505
      7,   2798
      8,   2987
      9,   3305
     10,   3482
     11,   3988
     12,   4429
     13,   4650
     14,   4895
     15,   5148
     16,   5384
     17,   5609
     18,   5825
     19,   6101
     20,   6284
     21,   6551
     22,   6717
     23,   7090
     24,   7258
     25,   7469
     26,   7909
     27,   8073
     28,   8397
     29,   8575
     30,   8727
     31,   9173
     32,   9382
     33,   9715
     34,   9966
     35,  10200
     36,  10441
     37,  10678
     38,  10904
     39,  11137
     40,  11375
     41,  11620
     42,  11861
     43,  12163
     44,  12362
     45,  12725
     46,  12899
     47,  13064
     48,  13526
     49,  13732
     50,  14104
     51,  14364
     52,  14550
     53,  14907
     54,  15084
     55,  15424
     56,  15594
     57,  15932
     58,  16399
     59,  16879
     60,  17167
     61,  17336
     62,  17680
     63,  17858
     64,  18202
     65,  18381
     66,  18711
     67,  18943
     68,  19140
     69,  19443
     70,  19607
     71,  19918
     72,  20097
     73,  20444
     74,  20640
     75,  20957
     76,  21119
     77,  21395
     78,  21573
     79,  21877
     80,  22056
     81,  22393
     82,  22650
     83,  22885
     84,  23136
     85,  23360
     86,  23606
     87,  23871
     88,  24102
     89,  24345
     90,  24838
     91,  25107
     92,  25312
     93,  25640
     94,  25794
     95,  26005
     96,  26400
     97,  26593
     98,  26933
     99,  27107
    100,  27479
    101,  27650
    102,  28030
    103,  28201
    104,  28573
    105,  28746
    106,  29122
    107,  29310
    108,  29675
    109,  29901
    110,  30138
    111,  30290
    112,  30610
    113,  30786
    114,  31131
    115,  31321
    116,  31620
    117,  31792
    118,  32099
    119,  32285
    120,  32612
    121,  32769
    122,  33112
    123,  33381
    124,  33651
    125,  33922
    126,  34162
    127,  34412
    128,  34674
    129,  34958
    130,  35237
    131,  35536
    132,  35888
    133,  36086
    134,  36456
    135,  36628
    136,  36998
    137,  37182
    138,  37560
    139,  37787
    140,  38141
    141,  38318
    142,  38639
    143,  38808
    144,  39142
    145,  39317
    146,  39498
    147,  39810
    148,  40204
    149,  40376
    150,  40693
    151,  40888
    152,  41168
    153,  41353
    154,  41735
    155,  41926
    156,  42291
    157,  42545
    158,  42741
    159,  43037
    160,  43211
    161,  43517
    162,  43720
    163,  44076
    164,  44260
    165,  44573
    166,  44754
    167,  45064
    168,  45243
    169,  45757
    170,  46098
    171,  46267
    172,  46622
    173,  46849
    174,  47040
    175,  47543
    176,  47861
    177,  48041
    178,  48389
    179,  48714
    180,  49287
    181,  49557
    182,  50126
    183,  50389
    184,  50952
    185,  51201
    186,  51465
    187,  51721
    188,  52204
    189,  53076
    190,  53314
    191,  53792
    192,  54040
    193,  54310
    194,  54569
    195,  54828
    196,  55074
    197,  55342
    198,  55607
    199,  55859
    200,  56331
    201,  56575
    202,  57110
    203,  57623
    204,  58109
    205,  58366
    206,  58892
    207,  59145
    208,  59414
    209,  59908
    210,  60887
    211,  61162
    212,  61719
    213,  61951
    214,  62185
    215,  62429
    216,  62684
    217,  62925
    218,  63185
    219,  63458
    220,  63646
    221,  63872
    222,  64220
    223,  64394
    224,  64640
    225,  64950
    226,  65113
    227,  65456
    228,  65635
    229,  66003
    230,  66171
    231,  66646
    232,  66958
    233,  67153
    234,  67486
    235,  67665
    236,  68012
    237,  68189
    238,  68528
    239,  68699
    240,  69210
    241,  69546
    242,  69753
    243,  70113
    244,  70305
    245,  70622
    246,  70797
    247,  71260
    248,  71590
    249,  71817
    250,  72319
    251,  72626
    252,  72803
    253,  73139
    254,  73308
    255,  73613
    256,  73787
    257,  74107
    258,  74280
    259,  74601
    260,  74867
    261,  75332
    262,  75520
    263,  75789
    264,  76347
    265,  76597
    266,  77577
    267,  78042
    268,  78389
    269,  78563
    270,  78961
    271,  79131
    272,  79462
    273,  79656
    274,  79949
    275,  80452
    276,  80684
    277,  81169
    278,  81473
    279,  81651
    280,  81975
    281,  82143
    282,  82612
    283,  82779
    284,  83196
    285,  83370
    286,  83670
    287,  84364
    288,  85111
    289,  85322
    290,  85805
    291,  85995
    292,  86487
    293,  86707
    294,  87355
    295,  87681
    296,  87847
    297,  88148
    298,  88369
    299,  89051
    300,  89300
    301,  89799
    302,  90033
    303,  90242
    304,  90476
    305,  90718
    306,  90955
    307,  91186
    308,  91677
    309,  91911
    310,  92397
    311,  92579
    312,  92848
    313,  93301
    314,  93509
    315,  93833
    316,  94046
    317,  94307
    318,  94749
    319,  94979
    320,  95403
    321,  95691
    322,  96369
    323,  96817
    324,  97085
    325,  97303
    326,  97526
    327,  98659
    328,  98905
    329, 100011
    330, 100947
    331, 101384
    332, 101661
    333, 101873
    334, 102366
    335, 102606
    336, 102839
    337, 103046
    338, 103251
    339, 103465
    340, 103892
    341, 104094
    342, 104350
    343, 104532
    344, 104800
    345, 105480
    346, 105693
    347, 105862
    348, 106099
    349, 106277
    350, 106542
    351, 107249
    352, 107670
    353, 107880
    354, 108108
    355, 108532
    356, 108792
    357, 109259
    358, 109470
    359, 109878
    360, 110135
    361, 110339
    362, 110556
    363, 110723
    364, 111221
    365, 111493
    366, 111722
    367, 111915
    368, 112114
    369, 112311
    370, 112524
    371, 112750
    372, 112968
    373, 113221
    374, 113402
    375, 113651
    376, 113833
    377, 114098
    378, 114285
    379, 114525
    380, 114724
    381, 114935
    382, 115143
    383, 115227
    384, 115379
    385, 115627
    386, 115853
    387, 116038
    388, 116266
    389, 116434
    390, 116675
    391, 116859
    392, 117126
    393, 117311
    394, 117592
    395, 117810
    396, 118022
    397, 118210
    398, 118457
    399, 118622
    400, 118886
    401, 119110
    402, 119338
    403, 119551
    404, 119798
    405, 120014
    406, 120258
    407, 120441
    408, 120686
    409, 120892
    410, 121110
    411, 121285
    412, 121561
    413, 121757
    414, 122055
    415, 122273
    416, 122498
    417, 122710
    418, 122955
    419, 123126
    420, 123403
    421, 123617
    422, 123852
    423, 124335
    424, 124538
    425, 124801
    426, 124975
    427, 125224
    428, 125454
    429, 125698
    430, 125935
    431, 126171
    432, 126647
    433, 126862
    434, 127092
    435, 127274
    436, 127546
    437, 127731
    438, 128019
    439, 128202
    440, 128502
    441, 128754
    442, 128987
    443, 129218
    444, 129421
    445, 129883
    446, 130092
    447, 130352
    448, 130596
    449, 130847
    450, 131040
    451, 131298
    452, 131465
    453, 131759
    454, 132002
    455, 132249
    456, 132481
    457, 132717
    458, 133432
    459, 133617
    460, 133891
    461, 134116
    462, 134350
    463, 134896
    464, 135145
    465, 135382
    466, 135597
    467, 135832
    468, 136038
    469, 136295
    470, 136533
    471, 136774
    472, 137027
    473, 137256
    474, 137493
    475, 137738
    476, 137970
    477, 138193
    478, 138408
    479, 138638
    480, 139396
    481, 139641
    482, 140109
    483, 140342
    484, 140598
    485, 140816
    486, 141098
    487, 141583
    488, 141770
    489, 142224
    490, 142544
    491, 142738
    492, 143159
    493, 143650
    494, 143841
    495, 144413
    496, 144606
    497, 144939
    498, 145217
    499, 145498
    500, 145773
    501, 146014
    502, 146282
    503, 146445
    504, 146761
    505, 146938
    506, 147229
    507, 147401
    508, 147716
    509, 147916
    510, 148232
    511, 148488
    512, 148722
    513, 148940
    514, 149159
    515, 149410
    516, 149660
    517, 150142
    518, 150377
    519, 150616
    520, 150863
    521, 151101
    522, 151358
    523, 151859
    524, 152130
    525, 152414
    526, 152676
    527, 152926
    528, 153155
    529, 153343
    530, 153624
    531, 153824
    532, 154271
    533, 154457
    534, 154804
    535, 155008
    536, 155327
    537, 155504
    538, 155825
    539, 155995
    540, 156330
    541, 156518
    542, 156842
    543, 157021
    544, 157327
    545, 157510
    546, 157781
    547, 157958
    548, 158306
    549, 158493
    550, 158816
    551, 158990
    552, 159275
    553, 159454
    554, 159757
    555, 159935
    556, 160255
    557, 160518
    558, 160932
    559, 161384
    560, 161558
    561, 161906
    562, 162163
    563, 162421
    564, 162703
    565, 162984
    566, 163240
    567, 163730
    568, 163935
    569, 164235
    570, 164410
    571, 164735
    572, 164915
    573, 165259
    574, 165433
    575, 165764
    576, 165935
    577, 166247
    578, 166492
    579, 166733
    580, 167015
    581, 167299
    582, 167559
    583, 167745
    584, 168034
    585, 168222
    586, 168509
    587, 168685
    588, 169022
    589, 169195
    590, 169402
    591, 169915
    592, 170279
    593, 170541
    594, 170769
    595, 171014
    596, 171270
    597, 171546
    598, 171829
    599, 172068
    600, 172347
    601, 172521
    602, 172870
    603, 173059
    604, 173447
    605, 173644
    606, 174034
    607, 174224
    608, 174601
    609, 174785
    610, 175163
    611, 175354
    612, 175711
    613, 175915
    614, 176303
    615, 176587
    616, 176813
    617, 177037
    618, 177276
    619, 177527
    620, 177778
    621, 178050
    622, 178272
    623, 178529
    624, 178765
    625, 178979
    626, 179268
    627, 179500
    628, 179744
    629, 179956
    630, 180267
    631, 180447
    632, 180780
    633, 180967
    634, 181263
    635, 181428
    636, 181735
    637, 181926
    638, 182285
    639, 182477
    640, 182799
    641, 183047
    642, 183220
    643, 183511
    644, 183701
    645, 184017
    646, 184206
    647, 184535
    648, 184728
    649, 185053
    650, 185235
    651, 185513
    652, 185988
    653, 186226
    654, 186784
    655, 186987
    656, 187281
    657, 187436
    658, 187831
    659, 188015
    660, 188380
    661, 188550
    662, 188892
    663, 189244
    664, 189532
    665, 189815
    666, 190094
    667, 190341
    668, 190634
    669, 190956
    670, 191250
    671, 191509
    672, 191776
    673, 192043
    674, 192302
    675, 192583
    676, 192855
    677, 193128
    678, 193385
    679, 193658
    680, 193924
    681, 194173
    682, 194432
    683, 194665
    684, 194931
    685, 195194
    686, 195482
    687, 195757
    688, 196005
    689, 196255
    690, 196489
    691, 196769
    692, 197030
    693, 197312
    694, 197546
    695, 197798
    696, 198048
    697, 198302
    698, 198797
    699, 199051
    700, 199293
    701, 199890
    702, 200145
    703, 200629
    704, 200868
    705, 201111
    706, 201374
    707, 201666
    708, 201932
    709, 202185
    710, 202451
    711, 202963
    712, 203150
    713, 203474
    714, 203661
    715, 203994
    716, 204186
    717, 204530
    718, 204739
    719, 205023
    720, 205184
    721, 205490
    722, 205685
    723, 206028
    724, 206223
    725, 206523
    726, 206696
    727, 206990
    728, 207161
    729, 207470
    730, 207652
    731, 207900
    732, 208197
    733, 208412
    734, 208744
    735, 208918
    736, 209217
    737, 209387
    738, 209665
    739, 209840
    740, 210176
    741, 210369
    742, 210708
    743, 210887
    744, 211188
    745, 211359
    746, 211671
    747, 211852
    748, 212189
    749, 212398
    750, 212675
    751, 212868
    752, 213387
    753, 213729
    754, 213903
    755, 214199
    756, 214402
    757, 214794
    758, 215024
    759, 215338
    760, 215513
    761, 215820
    762, 215977
    763, 216304
    764, 216563
    765, 217134
    766, 217302
    767, 217480
    768, 217900
    769, 218093
    770, 218383
    771, 218642
    772, 218894
    773, 219170
    774, 219375
    775, 219685
    776, 219864
    777, 219985
    778, 220145
    779, 220309
    780, 220651
    781, 220844
    782, 221191
    783, 221366
    784, 221668
    785, 221857
    786, 222164
    787, 222397
    788, 222651
    789, 222883
    790, 223134
    791, 223393
    792, 223667
    793, 223923
    794, 224402
    795, 224619
    796, 224869
    797, 225396
    798, 225665
    799, 225909
    800, 226174
    801, 226354
    802, 226693
    803, 226857
    804, 227032
    805, 227208
    806, 227630
    807, 227840
    808, 228249
    809, 230025
    810, 230258
    811, 230494
    812, 230732
    813, 230904
    814, 231361
    815, 231678
    816, 231887
    817, 232169
    818, 232375
    819, 232668
    820, 232903
    821, 233134
    822, 233314
    823, 233566
    824, 233750
    825, 234047
    826, 234241
    827, 234447
    828, 234783
    829, 234979
    830, 235231
    831, 235462
    832, 235710
    833, 235910
    834, 236207
    835, 236382
    836, 236674
    837, 236905
    838, 237135
    839, 237320
    840, 237597
    841, 237775
    842, 238269
    843, 238528
    844, 238729
    845, 238914
    846, 239244
    847, 239683
    848, 239853
    849, 240133
    850, 240317
    851, 240625
    852, 240870
    853, 241090
    854, 241265
    855, 241551
    856, 241995
    857, 242165
    858, 242700
    859, 242932
    860, 243127
    861, 243581
    862, 243862
    863, 244060
    864, 244291
    865, 244484
    866, 244792
    867, 244982
    868, 245274
    869, 245503
    870, 245732
    871, 245895
    872, 246146
    873, 246317
    874, 246619
    875, 246866
    876, 247094
    877, 247298
    878, 247598
    879, 247779
    880, 248055
    881, 248250
    882, 248477
    883, 248651
    884, 249104
    885, 249661
    886, 249892
    887, 250319
    888, 250555
    889, 250775
    890, 251234
    891, 251425
    892, 251884
    893, 252152
    894, 252842
    895, 253519
    896, 253790
    897, 254274
    898, 254480
    899, 255141
    900, 255357
    901, 255832
    902, 256107
    903, 256298
    904, 257238
    905, 257516
    906, 257681
    907, 258206
    908, 258504
    909, 259117
    910, 259400
    911, 259585
    912, 260640
    913, 261067
    914, 261537
    915, 262583
    916, 263040
    917, 263314
    918, 263472
    919, 264276
    920, 265017
    921, 265989
    922, 266906
    923, 267414
    924, 267727
    925, 267908
    926, 268915
    927, 269416
    928, 269886
    929, 270200
    930, 270389
    931, 270746
    932, 271006
    933, 271772
    934, 271991
    935, 272451
    936, 272695
    937, 272938
    938, 273201
    939, 273469
    940, 273694
    941, 273928
    942, 274145
    943, 274393
    944, 274916
    945, 275180
    946, 275436
    947, 275685
    948, 275911
    949, 276156
    950, 276407
    951, 276645
    952, 276890
    953, 277107
    954, 277400
    955, 277692
    956, 277939
    957, 278203
    958, 278438
    959, 278644
    960, 279446
    961, 280485
    962, 280693
    963, 281001
    964, 281194
    965, 281496
    966, 281714
    967, 281997
    968, 282268
    969, 282522
    970, 282750
    971, 282971
    972, 283178
    973, 283445
    974, 283686
    975, 283978
    976, 284157
    977, 284442
    978, 284618
    979, 284900
    980, 285082
    981, 285573
    982, 286429
    983, 286637
    984, 286927
    985, 287094
    986, 287373
    987, 287540
    988, 287848
    989, 288043
    990, 288392
    991, 288620
    992, 288879
    993, 289041
    994, 289329
    995, 289511
    996, 289673
    997, 290084
    998, 290274
    999, 290574
   1000, 290815
   1001, 291283
   1002, 291518
   1003, 291739
   1004, 291966
   1005, 292171
   1006, 292675
   1007, 292973
   1008, 293141
   1009, 293411
   1010, 293634
   1011, 293847
   1012, 294032
   1013, 294521
   1014, 294822
   1015, 295047
   1016, 295504
   1017, 295741
   1018, 296408
   1019, 296646
   1020, 297133
   1021, 297337
   1022, 297621
   1023, 297792
   1024, 298036
   1025, 298245
   1026, 298699
   1027, 298992
   1028, 299242
   1029, 299455
   1030, 299669
   1031, 299886
   1032, 300101
   1033, 300320
   1034, 300556
   1035, 300770
   1036, 301223
   1037, 301413
   1038, 301705
   1039, 302310
   1040, 302549
   1041, 302768
   1042, 302979
   1043, 303184
   1044, 303454
   1045, 303680
   1046, 303896
   1047, 304068
   1048, 304292
   1049, 304739
   1050, 304922
   1051, 305174
   1052, 305391
   1053, 305607
   1054, 305805
   1055, 306032
   1056, 306463
   1057, 306663
   1058, 307276
   1059, 307510
   1060, 308192
   1061, 308388
   1062, 308970
   1063, 309181
   1064, 309868
   1065, 310078
   1066, 310284
   1067, 310729
   1068, 310932
   1069, 311155
   1070, 311338
   1071, 311545
   1072, 311774
   1073, 312220
   1074, 312449
   1075, 313059
   1076, 313253
   1077, 313935
   1078, 314176
   1079, 314815
   1080, 315009
   1081, 315223
   1082, 315439
   1083, 315627
   1084, 315870
   1085, 316311
   1086, 316551
   1087, 316791
   1088, 317221
   1089, 317418
   1090, 317615
   1091, 317832
   1092, 318044
   1093, 318284
   1094, 318770
   1095, 318995
   1096, 319400
   1097, 319621
   1098, 319845
   1099, 320293
   1100, 320515
   1101, 321178
   1102, 321392
   1103, 321820
   1104, 322031
   1105, 322230
   1106, 322678
   1107, 322970
   1108, 323189
   1109, 323406
   1110, 323616
   1111, 323825
   1112, 323986
   1113, 324245
   1114, 324480
   1115, 324715
   1116, 325393
   1117, 325625
   1118, 325853
   1119, 326276
   1120, 326487
   1121, 326927
   1122, 327169
   1123, 327403
   1124, 327858
   1125, 328075
   1126, 328278
   1127, 328747
   1128, 328958
   1129, 329399
   1130, 329673
   1131, 329898
   1132, 330337
   1133, 330574
   1134, 330752
   1135, 331262
   1136, 331515
   1137, 331724
   1138, 332014
   1139, 332214
   1140, 332435
   1141, 332600
   1142, 332884
   1143, 333106
   1144, 333614
   1145, 333849
   1146, 334456
   1147, 334748
   1148, 334972
   1149, 335439
   1150, 335683
   1151, 336403
   1152, 336641
   1153, 336839
   1154, 337086
   1155, 337261
   1156, 337751
   1157, 338086
   1158, 338279
   1159, 338567
   1160, 338791
   1161, 339241
   1162, 339484
   1163, 339752
   1164, 340003
   1165, 340247
   1166, 340434
   1167, 340609
   1168, 340962
   1169, 341140
   1170, 341440
   1171, 341653
   1172, 341890
   1173, 342136
   1174, 342323
   1175, 342634
   1176, 342832
   1177, 343096
   1178, 343526
   1179, 343774
   1180, 344028
   1181, 344534
   1182, 344758
   1183, 345008
   1184, 345188
   1185, 345640
   1186, 345932
   1187, 346116
   1188, 346608
   1189, 346946
   1190, 347120
   1191, 347412
   1192, 347858
   1193, 348038
   1194, 348344
   1195, 348532
   1196, 348845
   1197, 349031
   1198, 349323
   1199, 349494
   1200, 349786
   1201, 349968
   1202, 350268
   1203, 350932
   1204, 351211
   1205, 351405
   1206, 351704
   1207, 351882
   1208, 352159
   1209, 352329
   1210, 352623
   1211, 352921
   1212, 353194
   1213, 353454
   1214, 353673
   1215, 353896
   1216, 354114
   1217, 354299
   1218, 354597
   1219, 354799
   1220, 355106
   1221, 355293
   1222, 355798
   1223, 356131
   1224, 356562
   1225, 357051
   1226, 357377
   1227, 357570
   1228, 357959
   1229, 358122
   1230, 358432
   1231, 358598
   1232, 358922
   1233, 359198
   1234, 359479
   1235, 359717
   1236, 359951
   1237, 360176
   1238, 360412
   1239, 360603
   1240, 360900
   1241, 361072
   1242, 361226
   1243, 361615
   1244, 361823
   1245, 362155
   1246, 362337
   1247, 362599
   1248, 362759
   1249, 363056
   1250, 363230
   1251, 363544
   1252, 363736
   1253, 364074
   1254, 364256
   1255, 364532
   1256, 364703
   1257, 365016
   1258, 365203
   1259, 365514
   1260, 365685
   1261, 365997
   1262, 366193
   1263, 366490
   1264, 366665
   1265, 366976
   1266, 367141
   1267, 367409
   1268, 367577
   1269, 367919
   1270, 368132
   1271, 368464
   1272, 368638
   1273, 368924
   1274, 369102
   1275, 369381
   1276, 369556
   1277, 369889
   1278, 370079
   1279, 370414
   1280, 370585
   1281, 370909
   1282, 371100
   1283, 371413
   1284, 371586
   1285, 371896
   1286, 372072
   1287, 372417
   1288, 372611
   1289, 372942
   1290, 373131
   1291, 373286
   1292, 373719
   1293, 374366
   1294, 374597
   1295, 374928
   1296, 375182
   1297, 375425
   1298, 375675
   1299, 375896
   1300, 376174
   1301, 376443
   1302, 376685
   1303, 376967
   1304, 377257
   1305, 377498
   1306, 377747
   1307, 377993
   1308, 378247
   1309, 378498
   1310, 378802
   1311, 379051
   1312, 379327
   1313, 379706
   1314, 379897
   1315, 380306
   1316, 380485
   1317, 380928
   1318, 381118
   1319, 381529
   1320, 381730
   1321, 382101
   1322, 382302
   1323, 382633
   1324, 382801
   1325, 383181
   1326, 383449
   1327, 383774
   1328, 383951
   1329, 384249
   1330, 384438
   1331, 384761
   1332, 384944
   1333, 385327
   1334, 385514
   1335, 385699
   1336, 386095
   1337, 386287
   1338, 386622
   1339, 386804
   1340, 387126
   1341, 387306
   1342, 387650
   1343, 387842
   1344, 388188
   1345, 388364
   1346, 388665
   1347, 388833
   1348, 389174
   1349, 389382
   1350, 389754
   1351, 389939
   1352, 390263
   1353, 390454
   1354, 390775
   1355, 390945
   1356, 391298
   1357, 391481
   1358, 391833
   1359, 392025
   1360, 392411
   1361, 392598
   1362, 392937
   1363, 393101
   1364, 393446
   1365, 393655
   1366, 394009
   1367, 394232
   1368, 394575
   1369, 394762
   1370, 394929
   1371, 395366
   1372, 395555
   1373, 395943
   1374, 396124
   1375, 396325
   1376, 396916
   1377, 397090
   1378, 397525
   1379, 397719
   1380, 398095
   1381, 398327
   1382, 398644
   1383, 399051
   1384, 399220
   1385, 399580
   1386, 399751
   1387, 400158
   1388, 400367
   1389, 400786
   1390, 400986
   1391, 401323
   1392, 401551
   1393, 401854
   1394, 402029
   1395, 402352
   1396, 402554
   1397, 402736
   1398, 403162
   1399, 403355
   1400, 403672
   1401, 403843
   1402, 404138
   1403, 404331
   1404, 404698
   1405, 404897
   1406, 405220
   1407, 405473
   1408, 405661
   1409, 405942
   1410, 406128
   1411, 406441
   1412, 406618
   1413, 406899
   1414, 407088
   1415, 407463
   1416, 407651
   1417, 407977
   1418, 408147
   1419, 408338
   1420, 408550
   1421, 408964
   1422, 409155
   1423, 409518
   1424, 409701
   1425, 410010
   1426, 410176
   1427, 410513
   1428, 410687
   1429, 411043
   1430, 411225
   1431, 411553
   1432, 411738
   1433, 412236
   1434, 412724
   1435, 413235
   1436, 413622
   1437, 413805
   1438, 414375
   1439, 414537
   1440, 414848
   1441, 415119
   1442, 415399
   1443, 415669
   1444, 415907
   1445, 416168
   1446, 416426
   1447, 416694
   1448, 416883
   1449, 417344
   1450, 417511
   1451, 417986
   1452, 418178
   1453, 418572
   1454, 418781
   1455, 419070
   1456, 419278
   1457, 419621
   1458, 419909
   1459, 420126
   1460, 420431
   1461, 420612
   1462, 420903
   1463, 421083
   1464, 421406
   1465, 421600
   1466, 421945
   1467, 422126
   1468, 422476
   1469, 422675
   1470, 422881
   1471, 423260
   1472, 423426
   1473, 423757
   1474, 423945
   1475, 424293
   1476, 424494
   1477, 424838
   1478, 425021
   1479, 425313
   1480, 425485
   1481, 425842
   1482, 426035
   1483, 426229
   1484, 426629
   1485, 426820
   1486, 427138
   1487, 427327
   1488, 427637
   1489, 427807
   1490, 428100
   1491, 428289
   1492, 428634
   1493, 428849
   1494, 429182
   1495, 429358
   1496, 429623
   1497, 429790
   1498, 430129
   1499, 430324
   1500, 430697
   1501, 430879
   1502, 431210
   1503, 431385
   1504, 431570
   1505, 431947
   1506, 432137
   1507, 432432
   1508, 432618
   1509, 432927
   1510, 433111
   1511, 433463
   1512, 433654
   1513, 433964
   1514, 434141
   1515, 434439
   1516, 434632
   1517, 435005
   1518, 435217
   1519, 435538
   1520, 435711
   1521, 436009
   1522, 436188
   1523, 436493
   1524, 436694
   1525, 437009
   1526, 437207
   1527, 437508
   1528, 437708
   1529, 438006
   1530, 438198
   1531, 438467
   1532, 438648
   1533, 438951
   1534, 439133
   1535, 439469
   1536, 439677
   1537, 439998
   1538, 440177
   1539, 440454
   1540, 440641
   1541, 440955
   1542, 441145
   1543, 441490
   1544, 441677
   1545, 442018
   1546, 442197
   1547, 442484
   1548, 442673
   1549, 443004
   1550, 443182
   1551, 443479
   1552, 443683
   1553, 444053
   1554, 444240
   1555, 444530
   1556, 444714
   1557, 445000
   1558, 445163
   1559, 445486
   1560, 445690
   1561, 446214
   1562, 446511
   1563, 446686
   1564, 446998
   1565, 447175
   1566, 447489
   1567, 447667
   1568, 448163
   1569, 448477
   1570, 448664
   1571, 448966
   1572, 449141
   1573, 449405
   1574, 449587
   1575, 449934
   1576, 450138
   1577, 450469
   1578, 450637
   1579, 450913
   1580, 451102
   1581, 451403
   1582, 451576
   1583, 451899
   1584, 452089
   1585, 452387
   1586, 452577
   1587, 453097
   1588, 453394
   1589, 453544
   1590, 453839
   1591, 454030
   1592, 454315
   1593, 454508
   1594, 454891
   1595, 455062
   1596, 455545
   1597, 455881
   1598, 456069
   1599, 456420
   1600, 456604
   1601, 457128
   1602, 457614
   1603, 458124
   1604, 458603
   1605, 459209
   1606, 459561
   1607, 459720
   1608, 460004
   1609, 460187
   1610, 460357
   1611, 460808
   1612, 461371
   1613, 461893
   1614, 462161
   1615, 462405
   1616, 462606
   1617, 462895
   1618, 463088
   1619, 463409
   1620, 463601
   1621, 463798
   1622, 464149
   1623, 464322
   1624, 464601
   1625, 464782
   1626, 465114
   1627, 465310
   1628, 465641
   1629, 465814
   1630, 466277
   1631, 466546
   1632, 466726
   1633, 467043
   1634, 467227
   1635, 467541
   1636, 467723
   1637, 468034
   1638, 468228
   1639, 468529
   1640, 468707
   1641, 468984
   1642, 469160
   1643, 469465
   1644, 469676
   1645, 470022
   1646, 470200
   1647, 470499
   1648, 470659
   1649, 470939
   1650, 471131
   1651, 471470
   1652, 471677
   1653, 471987
   1654, 472162
   1655, 472468
   1656, 472648
   1657, 472944
   1658, 473123
   1659, 473425
   1660, 473603
   1661, 473920
   1662, 474125
   1663, 474433
   1664, 474623
   1665, 474948
   1666, 475109
   1667, 475439
   1668, 475720
   1669, 476003
   1670, 476289
   1671, 476554
   1672, 476745
   1673, 477018
   1674, 477243
   1675, 477563
   1676, 477756
   1677, 478081
   1678, 478271
   1679, 478569
   1680, 478762
   1681, 479130
   1682, 479303
   1683, 479626
   1684, 479801
   1685, 480002
   1686, 480424
   1687, 480639
   1688, 480990
   1689, 481202
   1690, 481489
   1691, 481654
   1692, 481988
   1693, 482188
   1694, 482498
   1695, 482698
   1696, 483099
   1697, 483285
   1698, 483644
   1699, 483828
   1700, 484125
   1701, 484298
   1702, 484618
   1703, 484821
   1704, 485161
   1705, 485345
   1706, 485640
   1707, 485799
   1708, 486112
   1709, 486300
   1710, 486641
   1711, 486842
   1712, 487136
   1713, 487316
   1714, 487815
   1715, 488594
   1716, 488858
   1717, 489114
   1718, 489394
   1719, 489653
   1720, 489895
   1721, 490078
   1722, 490349
   1723, 490550
   1724, 490856
   1725, 491049
   1726, 491377
   1727, 491560
   1728, 491879
   1729, 492058
   1730, 492395
   1731, 492577
   1732, 492886
   1733, 493059
   1734, 493377
   1735, 493572
   1736, 493862
   1737, 494044
   1738, 494359
   1739, 494527
   1740, 494782
   1741, 494962
   1742, 495299
   1743, 495503
   1744, 495827
   1745, 496006
   1746, 496278
   1747, 496454
   1748, 496736
   1749, 496925
   1750, 497234
   1751, 497422
   1752, 497751
   1753, 497939
   1754, 498099
   1755, 498487
   1756, 498658
   1757, 498963
   1758, 499130
   1759, 499412
   1760, 499602
   1761, 499934
   1762, 500136
   1763, 500460
   1764, 500627
   1765, 500916
   1766, 501084
   1767, 501357
   1768, 501568
   1769, 501946
   1770, 502141
   1771, 502446
   1772, 502632
   1773, 502903
   1774, 503084
   1775, 503396
   1776, 503574
   1777, 503893
   1778, 504072
   1779, 504388
   1780, 504601
   1781, 504914
   1782, 505095
   1783, 505348
   1784, 505519
   1785, 505829
   1786, 506023
   1787, 506365
   1788, 506578
   1789, 506868
   1790, 507039
   1791, 507319
   1792, 507503
   1793, 507698
   1794, 508053
   1795, 508237
   1796, 508539
   1797, 508747
   1798, 509013
   1799, 509212
   1800, 509492
   1801, 509722
   1802, 509960
   1803, 510167
   1804, 510421
   1805, 510700
   1806, 510961
   1807, 511213
   1808, 511428
   1809, 511642
   1810, 511862
   1811, 512063
   1812, 512587
   1813, 512770
   1814, 513079
   1815, 513252
   1816, 513538
   1817, 513733
   1818, 514035
   1819, 514212
   1820, 514495
   1821, 514675
   1822, 514982
   1823, 515169
   1824, 515487
   1825, 515681
   1826, 515940
   1827, 516108
   1828, 516576
   1829, 516907
   1830, 517101
   1831, 517417
   1832, 517609
   1833, 517901
   1834, 518058
   1835, 518545
   1836, 518852
   1837, 519045
   1838, 519356
   1839, 519554
   1840, 519882
   1841, 520061
   1842, 520525
   1843, 520800
   1844, 520987
   1845, 521313
   1846, 521514
   1847, 521861
   1848, 522034
   1849, 522493
   1850, 522806
   1851, 522993
   1852, 523514
   1853, 524018
   1854, 524304
   1855, 524486
   1856, 524809
   1857, 524974
   1858, 525278
   1859, 525454
   1860, 525793
   1861, 525993
   1862, 526311
   1863, 526486
   1864, 526922
   1865, 527208
   1866, 527394
   1867, 527709
   1868, 527917
   1869, 528229
   1870, 528396
   1871, 528691
   1872, 528885
   1873, 529168
   1874, 529351
   1875, 529632
   1876, 529822
   1877, 530123
   1878, 530296
   1879, 530609
   1880, 530804
   1881, 531071
   1882, 531249
   1883, 531510
   1884, 531691
   1885, 532019
   1886, 532210
   1887, 532537
   1888, 532709
   1889, 533205
   1890, 533441
   1891, 533638
   1892, 533926
   1893, 534169
   1894, 534393
   1895, 534909
   1896, 535154
   1897, 535400
   1898, 535844
   1899, 536090
   1900, 536332
   1901, 536598
   1902, 536872
   1903, 537074
   1904, 537322
   1905, 537498
   1906, 537823
   1907, 538007
   1908, 538211
   1909, 538446
   1910, 538853
   1911, 539036
   1912, 539341
   1913, 539568
   1914, 539831
   1915, 540012
   1916, 540307
   1917, 540470
   1918, 541002
   1919, 541339
   1920, 541521
   1921, 541975
   1922, 542278
   1923, 542440
   1924, 542784
   1925, 543084
   1926, 543599
   1927, 543808
   1928, 544078
   1929, 544351
   1930, 544614
   1931, 544857
   1932, 545120
   1933, 545668
   1934, 545852
   1935, 546248
   1936, 546419
   1937, 546748
   1938, 547033
   1939, 547330
   1940, 547859
   1941, 548302
   1942, 548534
   1943, 549124
   1944, 549756
   1945, 549938
   1946, 550337
   1947, 550605
   1948, 551296
   1949, 551679
   1950, 552485
   1951, 552653
   1952, 553134
   1953, 553747
   1954, 553925
   1955, 554252
   1956, 554442
   1957, 554897
   1958, 555425
   1959, 555946
   1960, 556520
   1961, 556857
   1962, 557011
   1963, 557504
   1964, 558062
   1965, 558442
   1966, 558687
   1967, 558859
   1968, 559389
   1969, 559901
   1970, 560240
   1971, 560511
   1972, 560700
   1973, 561088
   1974, 561278
   1975, 561818
   1976, 562198
   1977, 562849
   1978, 563129
   1979, 563661
   1980, 563915
   1981, 564189
   1982, 564780
   1983, 565042
   1984, 565888
   1985, 566071
   1986, 566440
   1987, 566633
   1988, 567263
   1989, 567615
   1990, 567817
   1991, 567962
   1992, 568410
   1993, 568629
   1994, 568974
   1995, 569530
   1996, 569770
   1997, 570513
   1998, 570777
   1999, 570980
   2000, 571448
   2001, 571977
   2002, 572758
   2003, 572945
   2004, 573486
   2005, 573878
   2006, 574038
   2007, 574396
   2008, 574580
   2009, 575511
   2010, 576303
   2011, 577242
   2012, 577550
   2013, 577782
   2014, 578224
   2015, 578385
   2016, 578915
   2017, 579279
   2018, 579520
   2019, 580119
   2020, 580868
   2021, 583107
   2022, 583258
   2023, 583680
   2024, 583880
   2025, 584317
   2026, 584779
   2027, 585324
   2028, 585691
   2029, 586267
   2030, 586779
   2031, 587513
   2032, 588034
   2033, 588606
   2034, 591497
   2035, 591871
   2036, 592036
   2037, 592598
   2038, 594028
   2039, 594812
   2040, 595054
   2041, 595338
   2042, 596075
   2043, 596321
   2044, 596895
   2045, 597095
   2046, 597506
   2047, 597675
   2048, 598054
   2049, 598255
   2050, 598571
   2051, 599504
   2052, 599726
   2053, 600192
   2054, 600466
   2055, 600653
   2056, 601067
   2057, 601264
   2058, 601681
   2059, 602252
   2060, 602465
   2061, 602930
   2062, 603358
   2063, 603541
   2064, 604238
   2065, 604588
   2066, 604973
   2067, 605184
   2068, 606152
   2069, 606670
   2070, 606858
   2071, 607302
   2072, 607483
   2073, 607888
   2074, 609706
   2075, 610319
   2076, 611247
   2077, 614649
   2078, 615055
   2079, 615211
   2080, 616049
   2081, 616645
   2082, 616828
   2083, 617359
   2084, 617920
   2085, 618655
   2086, 618849
   2087, 619197
   2088, 621210
   2089, 622007
   2090, 623313
   2091, 623721
   2092, 623898
   2093, 624516
   2094, 625576
   2095, 626109
   2096, 626682
   2097, 627871
   2098, 628369
   2099, 628877
   2100, 629377
   2101, 629974
   2102, 630467
   2103, 630944
   2104, 633067
   2105, 634922
   2106, 635293
   2107, 636714
   2108, 637190
   2109, 637750
   2110, 638139
   2111, 638344
   2112, 638978
   2113, 640460
   2114, 640994
   2115, 641472
   2116, 642075
   2117, 646205
   2118, 647297
   2119, 647724
