      0,   1200
      1,   1433
      2,   1632
      3,   1976
      4,   2247
      5,   2507
      6,   2732
      7,   2966
      8,   3208
      9,   3482
     10,   3810
     11,   4121
     12,   4364
     13,   4602
     14,   4858
     15,   5000
     16,   5232
     17,   5489
     18,   5699
     19,   5930
     20,   6114
     21,   6402
     22,   6647
     23,   6847
     24,   7081
     25,   7335
     26,   7625
     27,   7831
     28,   8082
     29,   8314
     30,   8526
     31,   8678
     32,   8933
     33,   9128
     34,   9360
     35,   9654
     36,  10019
     37,  10279
     38,  10532
     39,  10776
     40,  11054
     41,  11311
     42,  11486
     43,  11812
     44,  12019
     45,  12264
     46,  12465
     47,  12702
     48,  12940
     49,  13233
     50,  13562
     51,  13812
     52,  14033
     53,  14360
     54,  14627
     55,  14877
     56,  15025
     57,  15252
     58,  15481
     59,  15703
     60,  15906
     61,  16162
     62,  16419
     63,  16580
     64,  16824
     65,  17053
     66,  17283
     67,  17436
     68,  17566
     69,  17786
     70,  17969
     71,  18272
     72,  18440
     73,  18693
     74,  18935
     75,  19087
     76,  19311
     77,  19603
     78,  19835
     79,  20062
     80,  20283
     81,  20595
     82,  20918
     83,  21179
     84,  21418
     85,  21573
     86,  21756
     87,  21974
     88,  22307
     89,  22608
     90,  22766
     91,  22926
     92,  23164
     93,  23514
     94,  23669
     95,  23883
     96,  24202
     97,  24408
     98,  24652
     99,  24883
    100,  25130
    101,  25371
    102,  25635
    103,  25868
    104,  26149
    105,  26374
    106,  26622
    107,  26815
    108,  27053
    109,  27268
    110,  27455
    111,  27610
    112,  27890
    113,  28139
    114,  28389
    115,  28629
    116,  28926
    117,  29164
    118,  29454
    119,  29724
    120,  29950
    121,  30182
    122,  30326
    123,  30588
    124,  30792
    125,  31034
    126,  31316
    127,  31731
    128,  32041
    129,  32269
    130,  32440
    131,  32639
    132,  32872
    133,  33188
    134,  33374
    135,  33660
    136,  33905
    137,  34213
    138,  34363
    139,  34636
    140,  34882
    141,  35030
    142,  35233
    143,  35387
    144,  35633
    145,  35933
    146,  36266
    147,  36501
    148,  36695
    149,  37045
    150,  37210
    151,  37352
    152,  37596
    153,  37836
    154,  38085
    155,  38329
    156,  38595
    157,  38876
    158,  39173
    159,  39461
    160,  39794
    161,  40092
    162,  40317
    163,  40618
    164,  40822
    165,  41051
    166,  41271
    167,  41533
    168,  41706
    169,  41937
    170,  42179
    171,  42427
    172,  42575
    173,  42712
    174,  43033
    175,  43253
    176,  43484
    177,  43628
    178,  43945
    179,  44344
    180,  44661
    181,  44931
    182,  45212
    183,  45419
    184,  45605
    185,  45781
    186,  45998
    187,  46209
    188,  46471
    189,  46763
    190,  47014
    191,  47295
    192,  47511
    193,  47761
    194,  47964
    195,  48208
    196,  48427
    197,  48677
    198,  48929
    199,  49149
    200,  49387
    201,  49571
    202,  49716
    203,  50092
    204,  50343
    205,  50652
    206,  50940
    207,  51261
    208,  51512
    209,  51696
    210,  51924
    211,  52153
    212,  52417
    213,  52678
    214,  52922
    215,  53248
    216,  53462
    217,  53631
    218,  53858
    219,  54096
    220,  54414
    221,  54670
    222,  54897
    223,  55122
    224,  55273
    225,  55531
    226,  55691
    227,  56056
    228,  56251
    229,  56459
    230,  56702
    231,  56964
    232,  57175
    233,  57333
    234,  57743
    235,  58045
    236,  58273
    237,  58459
    238,  58589
    239,  58820
    240,  59094
    241,  59343
    242,  59604
    243,  59860
    244,  60091
    245,  60349
    246,  60598
    247,  60907
    248,  61156
    249,  61406
    250,  61639
    251,  61870
    252,  62085
    253,  62326
    254,  62477
    255,  62713
    256,  62933
    257,  63178
    258,  63357
    259,  63628
    260,  63840
    261,  64095
    262,  64319
    263,  64533
    264,  64700
    265,  64938
    266,  65131
    267,  65347
    268,  65645
    269,  65960
    270,  66208
    271,  66645
    272,  66819
    273,  67050
    274,  67264
    275,  67534
    276,  67783
    277,  68019
    278,  68310
    279,  68582
    280,  68958
    281,  69189
    282,  69488
    283,  69665
    284,  69899
    285,  70183
    286,  70403
    287,  70548
    288,  70682
    289,  71079
    290,  71291
    291,  71490
    292,  71827
    293,  72062
    294,  72214
    295,  72495
    296,  72740
    297,  72978
    298,  73264
    299,  73537
    300,  73733
    301,  74061
    302,  74490
    303,  74713
    304,  74986
    305,  75213
    306,  75438
    307,  75722
    308,  75952
    309,  76088
    310,  76229
    311,  76448
    312,  76751
    313,  76980
    314,  77338
    315,  77527
    316,  77744
    317,  77959
    318,  78103
    319,  78350
    320,  78504
    321,  78727
    322,  78964
    323,  79198
    324,  79441
    325,  79672
    326,  79890
    327,  80259
    328,  80566
    329,  80852
    330,  81127
    331,  81401
    332,  81689
    333,  81940
    334,  82177
    335,  82421
    336,  82748
    337,  83046
    338,  83319
    339,  83627
    340,  83859
    341,  84165
    342,  84464
    343,  84733
    344,  84938
    345,  85130
    346,  85337
    347,  85589
    348,  85852
    349,  86015
    350,  86230
    351,  86401
    352,  86625
    353,  86876
    354,  87121
    355,  87370
    356,  87554
    357,  87778
    358,  88004
    359,  88216
    360,  88372
    361,  88598
    362,  88738
    363,  89019
    364,  89283
    365,  89509
    366,  89784
    367,  90061
    368,  90348
    369,  90621
    370,  90852
    371,  91058
    372,  91295
    373,  91530
    374,  91765
    375,  92033
    376,  92405
    377,  92602
    378,  92836
    379,  93060
    380,  93250
    381,  93380
    382,  93617
    383,  93970
    384,  94161
    385,  94403
    386,  94657
    387,  94886
    388,  95123
    389,  95260
    390,  95611
    391,  95846
    392,  96176
    393,  96479
    394,  96754
    395,  96915
    396,  97132
    397,  97362
    398,  97579
    399,  97816
    400,  98224
    401,  98529
    402,  98736
    403,  99024
    404,  99352
    405,  99623
    406,  99908
    407, 100149
    408, 100426
    409, 100747
    410, 101078
    411, 101335
    412, 101532
    413, 101765
    414, 102059
    415, 102319
    416, 102535
    417, 102676
    418, 102919
    419, 103201
    420, 103448
    421, 103671
    422, 103891
    423, 104124
    424, 104347
    425, 104609
    426, 104968
    427, 105282
    428, 105497
    429, 105837
    430, 106059
    431, 106194
    432, 106444
    433, 106648
    434, 106958
    435, 107311
    436, 107656
    437, 107985
    438, 108183
    439, 108456
    440, 108697
    441, 108950
    442, 109196
    443, 109472
    444, 109624
    445, 109843
    446, 110150
    447, 110334
    448, 110570
    449, 110792
    450, 111112
    451, 111391
    452, 111645
    453, 111904
    454, 112133
    455, 112455
    456, 112690
    457, 113121
    458, 113380
    459, 113534
    460, 113785
    461, 114088
    462, 114401
    463, 114699
    464, 114911
    465, 115133
    466, 115408
    467, 115589
    468, 115857
    469, 116071
    470, 116305
    471, 116543
    472, 116715
    473, 116902
    474, 117160
    475, 117317
    476, 117489
    477, 117912
    478, 118153
    479, 118313
    480, 118556
    481, 118740
    482, 118977
    483, 119286
    484, 119538
    485, 119885
    486, 120437
    487, 120676
    488, 120930
    489, 121154
    490, 121445
    491, 121705
    492, 121939
    493, 122215
    494, 122438
    495, 122646
    496, 122857
    497, 123254
    498, 123561
    499, 123806
    500, 124049
    501, 124269
    502, 124515
    503, 124748
    504, 124894
    505, 125157
    506, 125428
    507, 125788
    508, 126024
    509, 126220
    510, 126483
    511, 126776
    512, 126978
    513, 127254
    514, 127471
    515, 127683
    516, 127971
    517, 128193
    518, 128418
    519, 128562
    520, 128805
    521, 129071
    522, 129264
    523, 129535
    524, 129769
    525, 130103
    526, 130417
    527, 130588
    528, 130842
    529, 131001
    530, 131229
    531, 131542
    532, 131804
    533, 132016
    534, 132249
    535, 132569
    536, 132826
    537, 133172
    538, 133438
    539, 133801
    540, 134070
    541, 134375
    542, 134617
    543, 134854
    544, 135102
    545, 135366
    546, 135620
    547, 135881
    548, 136102
    549, 137441
    550, 138178
    551, 138713
    552, 139304
    553, 139702
    554, 140266
    555, 140756
    556, 141453
    557, 141972
    558, 142446
    559, 142900
    560, 143140
    561, 143385
    562, 143834
    563, 144328
    564, 144758
    565, 145130
    566, 145587
    567, 146028
    568, 146458
    569, 146874
    570, 147285
    571, 147702
    572, 148144
    573, 148609
    574, 149038
    575, 149480
    576, 149934
    577, 150424
    578, 150907
    579, 151359
    580, 151796
    581, 152241
    582, 152715
    583, 153158
    584, 153583
    585, 153936
    586, 154263
    587, 154965
    588, 155204
    589, 155646
    590, 156296
    591, 156761
    592, 157178
    593, 157460
    594, 157887
    595, 158095
    596, 158576
    597, 159294
    598, 159963
    599, 160620
    600, 161303
    601, 161727
    602, 162376
    603, 162821
    604, 163305
    605, 163800
    606, 164247
    607, 164713
    608, 165169
    609, 165519
    610, 165889
    611, 166326
    612, 166986
    613, 167437
    614, 167893
    615, 168334
    616, 168527
    617, 169000
    618, 169441
    619, 169803
    620, 170150
    621, 170591
    622, 171048
    623, 171511
    624, 171895
    625, 172095
    626, 172475
    627, 172786
    628, 173017
    629, 173198
    630, 173377
    631, 173554
    632, 173710
    633, 173892
    634, 174149
    635, 174571
    636, 174752
    637, 174985
    638, 175179
    639, 175367
    640, 175556
    641, 175777
    642, 176078
    643, 176268
    644, 176535
    645, 176806
    646, 177067
    647, 177224
    648, 177437
    649, 177622
    650, 177879
    651, 178152
    652, 178314
    653, 178514
    654, 178814
    655, 179034
    656, 179185
    657, 179446
    658, 179627
    659, 179880
    660, 180076
    661, 180292
    662, 180464
    663, 180629
    664, 180772
    665, 180974
    666, 181189
    667, 181450
    668, 181611
    669, 181745
    670, 181943
    671, 182174
    672, 182604
    673, 182945
    674, 183254
    675, 183418
    676, 183698
    677, 183900
    678, 184041
    679, 184284
    680, 184443
    681, 184611
    682, 184766
    683, 185341
    684, 186049
    685, 186388
    686, 187113
    687, 187334
    688, 187996
    689, 188194
    690, 188581
    691, 189076
    692, 189403
    693, 189519
    694, 189609
    695, 190015
    696, 190680
    697, 191381
    698, 192077
    699, 192727
    700, 193413
    701, 194103
    702, 194752
    703, 195433
    704, 196149
    705, 196812
    706, 197219
    707, 197556
    708, 197819
    709, 198366
    710, 199045
    711, 199469
    712, 199774
    713, 200341
    714, 200769
    715, 201072
    716, 201595
    717, 202018
    718, 202382
    719, 202857
    720, 203274
    721, 203620
    722, 204098
    723, 204550
    724, 204897
    725, 205374
    726, 205786
    727, 206147
    728, 206653
    729, 207093
    730, 207443
    731, 207899
    732, 208328
    733, 209053
    734, 209477
    735, 209806
    736, 210156
    737, 210595
    738, 210940
    739, 211236
    740, 211778
    741, 212204
    742, 212666
    743, 213001
    744, 213287
    745, 213815
    746, 214241
    747, 214674
    748, 215004
    749, 215305
    750, 215833
    751, 216253
    752, 216681
    753, 217021
    754, 217322
    755, 217881
    756, 218334
    757, 218761
    758, 219087
    759, 219671
    760, 220102
    761, 220413
    762, 220935
    763, 221351
    764, 221722
    765, 222199
    766, 222617
    767, 222939
    768, 223464
    769, 223925
    770, 224379
    771, 224815
    772, 225264
    773, 225714
    774, 226181
    775, 226631
    776, 227033
    777, 227458
    778, 227907
    779, 228341
    780, 228668
    781, 229178
    782, 229384
    783, 229829
    784, 230274
    785, 230720
    786, 231057
    787, 231556
    788, 231998
    789, 232319
    790, 232870
    791, 233296
    792, 233629
    793, 234110
    794, 234559
    795, 234924
    796, 235402
    797, 235817
    798, 236160
    799, 236404
    800, 236956
    801, 237401
    802, 237810
    803, 238149
    804, 238671
    805, 239127
    806, 239462
    807, 239962
    808, 240361
    809, 240726
    810, 241202
    811, 241649
    812, 241976
    813, 242460
    814, 242885
    815, 243257
    816, 243741
    817, 244171
    818, 244493
    819, 245001
    820, 245447
    821, 245812
    822, 246268
    823, 246678
    824, 247018
    825, 247506
    826, 247949
    827, 248290
    828, 248729
    829, 249142
    830, 249483
    831, 249962
    832, 250401
    833, 250711
    834, 251226
    835, 251657
    836, 252001
    837, 252527
    838, 252937
    839, 253256
    840, 253769
    841, 254187
    842, 254561
    843, 255029
    844, 255455
    845, 255774
    846, 256345
    847, 256777
    848, 257094
    849, 257595
    850, 258027
    851, 258369
    852, 258850
    853, 259270
    854, 259579
    855, 260044
    856, 260491
    857, 260821
    858, 261298
    859, 261721
    860, 262028
    861, 262545
    862, 262991
    863, 263310
    864, 263814
    865, 264223
    866, 264556
    867, 265081
    868, 265505
    869, 265821
    870, 266279
    871, 266933
    872, 267370
    873, 267711
    874, 268152
    875, 268340
    876, 268811
    877, 269247
    878, 269679
    879, 270010
    880, 270506
    881, 270934
    882, 271255
    883, 271769
    884, 272400
    885, 272805
    886, 273230
    887, 273578
    888, 274059
    889, 274700
    890, 275117
    891, 275576
    892, 275900
    893, 276452
    894, 276881
    895, 277556
    896, 278006
    897, 278448
    898, 278745
    899, 279258
    900, 279702
    901, 280393
    902, 280823
    903, 281245
    904, 281512
    905, 281938
    906, 282402
    907, 282704
    908, 282891
    909, 283256
    910, 283692
    911, 283920
    912, 284391
    913, 284831
    914, 285261
    915, 285566
    916, 286109
    917, 286569
    918, 287009
    919, 287300
    920, 287845
    921, 288268
    922, 288701
    923, 289071
    924, 289549
    925, 289962
    926, 290394
    927, 290762
    928, 291026
    929, 291540
    930, 291963
    931, 292387
    932, 292727
    933, 293251
    934, 293671
    935, 293995
    936, 294481
    937, 294916
    938, 295250
    939, 295742
    940, 296166
    941, 296466
    942, 296971
    943, 297420
    944, 297747
    945, 298248
    946, 298667
    947, 298989
    948, 299538
    949, 299982
    950, 300303
    951, 300793
    952, 301217
    953, 301572
    954, 302052
    955, 302457
    956, 302794
    957, 303243
    958, 303682
    959, 304034
    960, 304496
    961, 304899
    962, 305238
    963, 305754
    964, 306179
    965, 306529
    966, 307004
    967, 307418
    968, 307750
    969, 308270
    970, 308687
    971, 309013
    972, 309465
    973, 309896
    974, 310240
    975, 310727
    976, 311141
    977, 311461
    978, 311925
    979, 312371
    980, 312713
    981, 313201
    982, 313616
    983, 313937
    984, 314430
    985, 314861
    986, 315199
    987, 315641
    988, 316059
    989, 316374
    990, 316887
    991, 317312
    992, 317620
    993, 318127
    994, 318556
    995, 318884
    996, 319430
    997, 319831
    998, 320131
    999, 320636
   1000, 321072
   1001, 321399
   1002, 321888
   1003, 322297
   1004, 322612
   1005, 323120
   1006, 323563
   1007, 323880
   1008, 324369
   1009, 324792
   1010, 325119
   1011, 325620
   1012, 326059
   1013, 326342
   1014, 326822
   1015, 327248
   1016, 327596
   1017, 328057
   1018, 328482
   1019, 328743
   1020, 329280
   1021, 329730
   1022, 330165
   1023, 330455
   1024, 330978
   1025, 331412
   1026, 331853
   1027, 332168
   1028, 332705
   1029, 333104
   1030, 333508
   1031, 333842
   1032, 334369
   1033, 334779
   1034, 335167
   1035, 335499
   1036, 335998
   1037, 336441
   1038, 336859
   1039, 337169
   1040, 337677
   1041, 338132
   1042, 338588
   1043, 338872
   1044, 339060
   1045, 339418
   1046, 339848
   1047, 340289
   1048, 340599
   1049, 341158
   1050, 341560
   1051, 341965
   1052, 342298
   1053, 342817
   1054, 343236
   1055, 343656
   1056, 343970
   1057, 344477
   1058, 344921
   1059, 345358
   1060, 345657
   1061, 346166
   1062, 346602
   1063, 347030
   1064, 347365
   1065, 347860
   1066, 348271
   1067, 348691
   1068, 349049
   1069, 349573
   1070, 350003
   1071, 350402
   1072, 350753
   1073, 351254
   1074, 351694
   1075, 352035
   1076, 352474
   1077, 352683
   1078, 353140
   1079, 353584
   1080, 353925
   1081, 354420
   1082, 354844
   1083, 355147
   1084, 355674
   1085, 356085
   1086, 356450
   1087, 356850
   1088, 357283
   1089, 357630
   1090, 358115
   1091, 358330
   1092, 358755
   1093, 359148
   1094, 359508
   1095, 359972
   1096, 360403
   1097, 360720
   1098, 361186
   1099, 361610
   1100, 361987
   1101, 362170
   1102, 362668
   1103, 363052
   1104, 363404
   1105, 363822
   1106, 364230
   1107, 364632
   1108, 365003
   1109, 365381
   1110, 365772
   1111, 366190
   1112, 366559
   1113, 367014
   1114, 367405
   1115, 367771
   1116, 368233
   1117, 368661
   1118, 369049
   1119, 369483
   1120, 369889
   1121, 370282
   1122, 370737
   1123, 371166
   1124, 371537
   1125, 371949
   1126, 372367
   1127, 372766
   1128, 373196
   1129, 373630
   1130, 373969
   1131, 374181
   1132, 374674
   1133, 375123
   1134, 375551
   1135, 375893
   1136, 376343
   1137, 376778
   1138, 377106
   1139, 377600
   1140, 378032
   1141, 378354
   1142, 378806
   1143, 379269
   1144, 379608
   1145, 380085
   1146, 380501
   1147, 380844
   1148, 381290
   1149, 381725
   1150, 382104
   1151, 382502
   1152, 382915
   1153, 383263
   1154, 383757
   1155, 384179
   1156, 384536
   1157, 384969
   1158, 385400
   1159, 385753
   1160, 386259
   1161, 386662
   1162, 387010
   1163, 387238
   1164, 387739
   1165, 388182
   1166, 388611
   1167, 388964
   1168, 389420
   1169, 389866
   1170, 390226
   1171, 390684
   1172, 391076
   1173, 391442
   1174, 391856
   1175, 392202
   1176, 392555
   1177, 392970
   1178, 393308
   1179, 393773
   1180, 394222
   1181, 394580
   1182, 395081
   1183, 395490
   1184, 395834
   1185, 396670
   1186, 396852
   1187, 397313
   1188, 397662
   1189, 397832
   1190, 398287
   1191, 398905
   1192, 399352
   1193, 399711
   1194, 400074
   1195, 400418
   1196, 400605
   1197, 400758
   1198, 401116
   1199, 401512
   1200, 401903
   1201, 402367
   1202, 403089
   1203, 403593
   1204, 404044
   1205, 404488
   1206, 404955
   1207, 405450
   1208, 406187
   1209, 406392
   1210, 406921
   1211, 407626
   1212, 407953
   1213, 408297
   1214, 408689
   1215, 409097
   1216, 409565
   1217, 410013
   1218, 410435
   1219, 410843
   1220, 411260
   1221, 411711
   1222, 412140
   1223, 412510
   1224, 412624
   1225, 412702
   1226, 412856
   1227, 413196
   1228, 413628
   1229, 414009
   1230, 414240
   1231, 414749
   1232, 415156
   1233, 415574
   1234, 415965
   1235, 416456
   1236, 416862
   1237, 417237
   1238, 417385
   1239, 417602
   1240, 417945
   1241, 418378
   1242, 418764
   1243, 419220
   1244, 419410
   1245, 419882
   1246, 420318
   1247, 420692
   1248, 421150
   1249, 421559
   1250, 421915
   1251, 422388
   1252, 422833
   1253, 423182
   1254, 423638
   1255, 424043
   1256, 424428
   1257, 424665
   1258, 424818
   1259, 425195
   1260, 425610
   1261, 426017
   1262, 426435
   1263, 426827
   1264, 427330
   1265, 427523
   1266, 427995
   1267, 428408
   1268, 428773
   1269, 429260
   1270, 429697
   1271, 429883
   1272, 430335
   1273, 430764
   1274, 431138
   1275, 431623
   1276, 432045
   1277, 432377
   1278, 432869
   1279, 433306
   1280, 433748
   1281, 433942
   1282, 434392
   1283, 434802
   1284, 435163
   1285, 435660
   1286, 436087
   1287, 436496
   1288, 436841
   1289, 437317
   1290, 437530
   1291, 438044
   1292, 438451
   1293, 438876
   1294, 439210
   1295, 439467
   1296, 439633
   1297, 440015
   1298, 440428
   1299, 440864
   1300, 441270
   1301, 441655
   1302, 442135
   1303, 442339
   1304, 442784
   1305, 443201
   1306, 443557
   1307, 444046
   1308, 444477
   1309, 444853
   1310, 445061
   1311, 445537
   1312, 445980
   1313, 446422
   1314, 446788
   1315, 447018
   1316, 447520
   1317, 447934
   1318, 448376
   1319, 448744
   1320, 449231
   1321, 449637
   1322, 449996
   1323, 450496
   1324, 450935
   1325, 451268
   1326, 451615
   1327, 452012
   1328, 452718
   1329, 453164
   1330, 453480
   1331, 453594
   1332, 453993
   1333, 454425
   1334, 454854
   1335, 455567
   1336, 455977
   1337, 456284
   1338, 456395
   1339, 456812
   1340, 457258
   1341, 457675
   1342, 458020
   1343, 458133
   1344, 458481
   1345, 458680
   1346, 459151
   1347, 459598
   1348, 460007
   1349, 460346
   1350, 460792
   1351, 461244
   1352, 461567
   1353, 462079
   1354, 462732
   1355, 463142
   1356, 463589
   1357, 463955
   1358, 464416
   1359, 465077
   1360, 465508
   1361, 465944
   1362, 466304
   1363, 466754
   1364, 467157
   1365, 467490
   1366, 467996
   1367, 468416
   1368, 468751
   1369, 469213
   1370, 469611
   1371, 469986
   1372, 470439
   1373, 470864
   1374, 471169
   1375, 471671
   1376, 472103
   1377, 472482
   1378, 472961
   1379, 473376
   1380, 473717
   1381, 474206
   1382, 474638
   1383, 475014
   1384, 475449
   1385, 475879
   1386, 476237
   1387, 476725
   1388, 477148
   1389, 477508
   1390, 477934
   1391, 478365
   1392, 478741
   1393, 479178
   1394, 479606
   1395, 479934
   1396, 480412
   1397, 480838
   1398, 481231
   1399, 481700
   1400, 482114
   1401, 482468
   1402, 482987
   1403, 483414
   1404, 483783
   1405, 484209
   1406, 484630
   1407, 484986
   1408, 485501
   1409, 485898
   1410, 486249
   1411, 486363
   1412, 486700
   1413, 487129
   1414, 487506
   1415, 487969
   1416, 488376
   1417, 488721
   1418, 489214
   1419, 489667
   1420, 490013
   1421, 490125
   1422, 490472
   1423, 490889
   1424, 491237
   1425, 491716
   1426, 492135
   1427, 492507
   1428, 492932
   1429, 493385
   1430, 493867
   1431, 494296
   1432, 494717
   1433, 495138
   1434, 495566
   1435, 496027
   1436, 496463
   1437, 496869
   1438, 497275
   1439, 497720
   1440, 498152
   1441, 498595
   1442, 499011
   1443, 499420
   1444, 499838
   1445, 500294
   1446, 500735
   1447, 501160
   1448, 501583
   1449, 502017
   1450, 502460
   1451, 502898
   1452, 503315
   1453, 503719
   1454, 504155
   1455, 504605
   1456, 505032
   1457, 505445
   1458, 505852
   1459, 506266
   1460, 506706
   1461, 507156
   1462, 507560
   1463, 507957
   1464, 508387
   1465, 508802
   1466, 509241
   1467, 509662
   1468, 510071
   1469, 510466
   1470, 510925
   1471, 511367
   1472, 511777
   1473, 512182
   1474, 512593
   1475, 513010
   1476, 513444
   1477, 513855
   1478, 514249
   1479, 514641
   1480, 515073
   1481, 515511
   1482, 515926
   1483, 516336
   1484, 516751
   1485, 517177
   1486, 517624
   1487, 518060
   1488, 518458
   1489, 518865
   1490, 519279
   1491, 519726
   1492, 520116
   1493, 520544
   1494, 520927
   1495, 521345
   1496, 521779
   1497, 522238
   1498, 522436
   1499, 522567
   1500, 522939
   1501, 523364
   1502, 523571
   1503, 524054
   1504, 524476
   1505, 525140
   1506, 525544
   1507, 525987
   1508, 526420
   1509, 526598
   1510, 527114
   1511, 527339
   1512, 527818
   1513, 528562
   1514, 528753
   1515, 529269
   1516, 529488
   1517, 529967
   1518, 530707
   1519, 530891
   1520, 531424
   1521, 531627
   1522, 532116
   1523, 532335
   1524, 532866
   1525, 533566
   1526, 533743
   1527, 534253
   1528, 534454
   1529, 534992
   1530, 535189
   1531, 535318
   1532, 535701
   1533, 535892
   1534, 536386
   1535, 537146
   1536, 537326
   1537, 537852
   1538, 538057
   1539, 538173
   1540, 538550
   1541, 538759
   1542, 539294
   1543, 540012
   1544, 540187
   1545, 540703
   1546, 540920
   1547, 541456
   1548, 541641
   1549, 541876
   1550, 542241
   1551, 542407
   1552, 542932
   1553, 543174
   1554, 543704
   1555, 544413
   1556, 544590
   1557, 545144
   1558, 545335
   1559, 545900
   1560, 546131
   1561, 546612
   1562, 547306
   1563, 547499
   1564, 547652
   1565, 548043
   1566, 548244
   1567, 548369
   1568, 548752
   1569, 549064
   1570, 549489
   1571, 549720
   1572, 550275
   1573, 550984
   1574, 551155
   1575, 551711
   1576, 552454
   1577, 552632
   1578, 553156
   1579, 553569
   1580, 554007
   1581, 554371
   1582, 554625
   1583, 555150
   1584, 555854
   1585, 556045
   1586, 556588
   1587, 557289
   1588, 557469
   1589, 557604
   1590, 557952
   1591, 558280
   1592, 558654
   1593, 558842
   1594, 558973
   1595, 559333
   1596, 559510
   1597, 559631
   1598, 560000
   1599, 560186
   1600, 560721
   1601, 561445
   1602, 561623
   1603, 561748
   1604, 562142
   1605, 562342
   1606, 562934
   1607, 563389
   1608, 563586
   1609, 564092
   1610, 564275
   1611, 564817
   1612, 565565
   1613, 565746
   1614, 566256
   1615, 566996
   1616, 567180
   1617, 567719
   1618, 568408
   1619, 569105
   1620, 569303
   1621, 569840
   1622, 570505
   1623, 570690
   1624, 570829
   1625, 571027
   1626, 571595
   1627, 571935
   1628, 572359
   1629, 572570
   1630, 573061
   1631, 573813
   1632, 574004
   1633, 574498
   1634, 574813
   1635, 574999
   1636, 575139
   1637, 575360
   1638, 575536
   1639, 575711
   1640, 575869
   1641, 576057
   1642, 576348
   1643, 576552
   1644, 576706
   1645, 576919
   1646, 577090
   1647, 577290
   1648, 577583
   1649, 577880
   1650, 578093
   1651, 578265
   1652, 578466
   1653, 578708
   1654, 578976
   1655, 579155
   1656, 579412
   1657, 579646
   1658, 579970
   1659, 580168
   1660, 580379
   1661, 580557
   1662, 580723
   1663, 580955
   1664, 581171
   1665, 581372
   1666, 581530
   1667, 581671
   1668, 581825
   1669, 581977
   1670, 582112
   1671, 582261
   1672, 582541
   1673, 582724
   1674, 583134
   1675, 583373
   1676, 583566
   1677, 583747
   1678, 583926
   1679, 584236
   1680, 584469
   1681, 584730
   1682, 584981
   1683, 585222
   1684, 585526
   1685, 585705
   1686, 585880
   1687, 586306
   1688, 586588
   1689, 586849
   1690, 587086
   1691, 587371
   1692, 587528
   1693, 587655
   1694, 587838
   1695, 588047
   1696, 588306
   1697, 588546
   1698, 588809
   1699, 589019
   1700, 589294
   1701, 589490
   1702, 589825
   1703, 590012
   1704, 590265
   1705, 590533
   1706, 590784
   1707, 591007
   1708, 591272
   1709, 591436
   1710, 591634
   1711, 591931
   1712, 592155
   1713, 592378
   1714, 592665
   1715, 592933
   1716, 593250
   1717, 593410
   1718, 593694
   1719, 593958
   1720, 594172
   1721, 594432
   1722, 594597
   1723, 594858
   1724, 595103
   1725, 595362
   1726, 595576
   1727, 595864
   1728, 596045
   1729, 596360
   1730, 596574
   1731, 596862
   1732, 597079
   1733, 597337
   1734, 597593
   1735, 597834
   1736, 598030
   1737, 598252
   1738, 598467
   1739, 598770
   1740, 599035
   1741, 599293
   1742, 599454
   1743, 599676
   1744, 599836
   1745, 600127
   1746, 600382
   1747, 600574
   1748, 600883
   1749, 601138
   1750, 601434
   1751, 601721
   1752, 601935
   1753, 602193
   1754, 602381
   1755, 602601
   1756, 602777
   1757, 602926
   1758, 603151
   1759, 603414
   1760, 603680
   1761, 603923
   1762, 604108
   1763, 604371
   1764, 604542
   1765, 604775
   1766, 605006
   1767, 605245
   1768, 605489
   1769, 605726
   1770, 605985
   1771, 606207
   1772, 606439
   1773, 606645
   1774, 606880
   1775, 607040
   1776, 607209
   1777, 607428
   1778, 607573
   1779, 607805
   1780, 608081
   1781, 608323
   1782, 608564
   1783, 608877
   1784, 609100
   1785, 609351
   1786, 609572
   1787, 609841
   1788, 610148
   1789, 610416
   1790, 610577
   1791, 610822
   1792, 611045
   1793, 611328
   1794, 611608
   1795, 611843
   1796, 612146
   1797, 612413
   1798, 612730
   1799, 612992
   1800, 613197
   1801, 613401
   1802, 613589
   1803, 613804
   1804, 614121
   1805, 614286
   1806, 614528
   1807, 614746
   1808, 614955
   1809, 615132
   1810, 615269
   1811, 615529
   1812, 615809
   1813, 615990
   1814, 616236
   1815, 616480
   1816, 616737
   1817, 616976
   1818, 617147
   1819, 617454
   1820, 617667
   1821, 617962
   1822, 618157
   1823, 618316
   1824, 618586
   1825, 618827
   1826, 619027
   1827, 619233
   1828, 619455
   1829, 619691
   1830, 619870
   1831, 620063
   1832, 620237
   1833, 620475
   1834, 620751
   1835, 620985
   1836, 621253
   1837, 621412
   1838, 621637
   1839, 621889
   1840, 622154
   1841, 622420
   1842, 622644
   1843, 622860
   1844, 623053
   1845, 623305
   1846, 623472
   1847, 623690
   1848, 623923
   1849, 624158
   1850, 624362
   1851, 624591
   1852, 624840
   1853, 625140
   1854, 625485
   1855, 625730
   1856, 625939
   1857, 626192
   1858, 626435
   1859, 626599
   1860, 626840
   1861, 627035
   1862, 627209
   1863, 627472
   1864, 627719
   1865, 627892
   1866, 628323
   1867, 628541
   1868, 628712
   1869, 628917
   1870, 629141
   1871, 629335
   1872, 629635
   1873, 629808
   1874, 630042
   1875, 630302
   1876, 630470
   1877, 630744
   1878, 630964
   1879, 631232
   1880, 631394
   1881, 631568
   1882, 631825
   1883, 632087
   1884, 632373
   1885, 632629
   1886, 632787
   1887, 633019
   1888, 633296
   1889, 633514
   1890, 633747
   1891, 634027
   1892, 634397
   1893, 634680
   1894, 634933
   1895, 635220
   1896, 635504
   1897, 635677
   1898, 635850
   1899, 636112
   1900, 636362
   1901, 636663
   1902, 636919
   1903, 637286
   1904, 637534
   1905, 637705
   1906, 637888
   1907, 638114
   1908, 638307
   1909, 638544
   1910, 638721
   1911, 638940
   1912, 639149
   1913, 639376
   1914, 639640
   1915, 639856
   1916, 640008
   1917, 640270
   1918, 640533
   1919, 640802
   1920, 641029
   1921, 641216
   1922, 641553
   1923, 641832
   1924, 642048
   1925, 642318
   1926, 642507
   1927, 642745
   1928, 642980
   1929, 643247
   1930, 644605
   1931, 645189
   1932, 645807
   1933, 646062
   1934, 646530
   1935, 647261
   1936, 647976
   1937, 648431
   1938, 649115
   1939, 649811
