      0,   1153
      1,   1575
      2,   1979
      3,   2364
      4,   2756
      5,   3166
      6,   3588
      7,   4005
      8,   4399
      9,   4798
     10,   5198
     11,   5612
     12,   6013
     13,   6405
     14,   6797
     15,   7189
     16,   7605
     17,   8039
     18,   8459
     19,   8855
     20,   9259
     21,   9675
     22,  10107
     23,  10360
     24,  10899
     25,  11288
     26,  11679
     27,  12086
     28,  12494
     29,  12885
     30,  13278
     31,  13673
     32,  14094
     33,  14522
     34,  14948
     35,  15351
     36,  15754
     37,  16174
     38,  16606
     39,  17022
     40,  17407
     41,  17791
     42,  18192
     43,  18611
     44,  19004
     45,  19399
     46,  19787
     47,  20188
     48,  20609
     49,  21034
     50,  21459
     51,  21858
     52,  22255
     53,  22680
     54,  23108
     55,  23529
     56,  23929
     57,  24330
     58,  24755
     59,  25179
     60,  25591
     61,  25984
     62,  26374
     63,  26778
     64,  27199
     65,  27616
     66,  28029
     67,  28423
     68,  28823
     69,  29244
     70,  29675
     71,  30090
     72,  30488
     73,  30885
     74,  31325
     75,  31752
     76,  32148
     77,  32533
     78,  32917
     79,  33306
     80,  33708
     81,  34105
     82,  34502
     83,  34888
     84,  35277
     85,  35691
     86,  36111
     87,  36523
     88,  36909
     89,  37292
     90,  37700
     91,  38114
     92,  38522
     93,  38923
     94,  39315
     95,  39728
     96,  40153
     97,  40571
     98,  40977
     99,  41368
    100,  41757
    101,  42165
    102,  42580
    103,  42993
    104,  43385
    105,  43778
    106,  44187
    107,  44616
    108,  45029
    109,  45424
    110,  45818
    111,  46227
    112,  46658
    113,  47078
    114,  47488
    115,  47889
    116,  48293
    117,  48707
    118,  49132
    119,  49540
    120,  49935
    121,  50326
    122,  50733
    123,  51164
    124,  51577
    125,  51968
    126,  52359
    127,  52770
    128,  53207
    129,  53635
    130,  54042
    131,  54454
    132,  54873
    133,  55302
    134,  55724
    135,  56123
    136,  56516
    137,  56907
    138,  57317
    139,  57740
    140,  58145
    141,  58533
    142,  58931
    143,  59353
    144,  59786
    145,  60205
    146,  60596
    147,  60996
    148,  61404
    149,  61825
    150,  62242
    151,  62643
    152,  63044
    153,  63450
    154,  63870
    155,  64297
    156,  64702
    157,  65086
    158,  65470
    159,  65877
    160,  66306
    161,  66713
    162,  67102
    163,  67498
    164,  67922
    165,  68353
    166,  68769
    167,  69169
    168,  69566
    169,  69978
    170,  70398
    171,  70818
    172,  71226
    173,  71614
    174,  72012
    175,  72429
    176,  72860
    177,  73274
    178,  73669
    179,  74069
    180,  74506
    181,  74941
    182,  75364
    183,  75767
    184,  76176
    185,  76604
    186,  77024
    187,  77444
    188,  77833
    189,  78217
    190,  78617
    191,  79042
    192,  79462
    193,  79863
    194,  80246
    195,  80643
    196,  81063
    197,  81478
    198,  81882
    199,  82652
    200,  83063
    201,  83478
    202,  83887
    203,  84284
    204,  84675
    205,  85080
    206,  85506
    207,  85930
    208,  86337
    209,  86730
    210,  87122
    211,  87553
    212,  87975
    213,  88223
    214,  88749
    215,  89130
    216,  89536
    217,  89934
    218,  90331
    219,  90727
    220,  91114
    221,  91515
    222,  91939
    223,  92363
    224,  92776
    225,  93169
    226,  93554
    227,  93967
    228,  94397
    229,  94807
    230,  95203
    231,  95593
    232,  95839
    233,  96398
    234,  96800
    235,  97179
    236,  97557
    237,  97945
    238,  98352
    239,  98760
    240,  99167
    241,  99566
    242,  99957
    243, 100365
    244, 100795
    245, 101217
    246, 101610
    247, 102009
    248, 102421
    249, 102857
    250, 103280
    251, 103680
    252, 104082
    253, 104491
    254, 104909
    255, 105332
    256, 105735
    257, 106133
    258, 106527
    259, 106947
    260, 107380
    261, 107799
    262, 108194
    263, 108587
    264, 108998
    265, 109419
    266, 109825
    267, 110205
    268, 110589
    269, 111002
    270, 111422
    271, 111830
    272, 112235
    273, 112636
    274, 113047
    275, 113475
    276, 113911
    277, 114332
    278, 114732
    279, 115135
    280, 115559
    281, 115992
    282, 116405
    283, 116801
    284, 117203
    285, 117633
    286, 118062
    287, 118486
    288, 118894
    289, 119304
    290, 119729
    291, 120161
    292, 120439
    293, 121005
    294, 121405
    295, 121818
    296, 122250
    297, 122678
    298, 123086
    299, 123479
    300, 123894
    301, 124327
    302, 124745
    303, 125156
    304, 125547
    305, 125949
    306, 126365
    307, 126784
    308, 127203
    309, 127600
    310, 127991
    311, 128405
    312, 128834
    313, 129257
    314, 129652
    315, 130035
    316, 130439
    317, 130862
    318, 131272
    319, 131673
    320, 132061
    321, 132468
    322, 132902
    323, 133328
    324, 133750
    325, 134152
    326, 134552
    327, 134973
    328, 135402
    329, 135819
    330, 136211
    331, 136591
    332, 137000
    333, 137410
    334, 137812
    335, 138195
    336, 138579
    337, 138983
    338, 139418
    339, 139850
    340, 140275
    341, 140690
    342, 141097
    343, 141518
    344, 141943
    345, 142360
    346, 142756
    347, 143147
    348, 143556
    349, 143986
    350, 144400
    351, 144797
    352, 145067
    353, 145487
    354, 145935
    355, 146380
    356, 146804
    357, 147234
    358, 147663
    359, 148095
    360, 148527
    361, 148948
    362, 149334
    363, 149703
    364, 150082
    365, 150481
    366, 150885
    367, 151281
    368, 151678
    369, 152090
    370, 152529
    371, 152951
    372, 153352
    373, 153750
    374, 154159
    375, 154582
    376, 155007
    377, 155415
    378, 155650
    379, 156199
    380, 156612
    381, 157020
    382, 157423
    383, 157805
    384, 158186
    385, 158587
    386, 159010
    387, 159429
    388, 159825
    389, 160221
    390, 160634
    391, 161059
    392, 161477
    393, 161883
    394, 162278
    395, 162676
    396, 163092
    397, 163514
    398, 163926
    399, 164317
    400, 164707
    401, 165117
    402, 165549
    403, 165975
    404, 166376
    405, 166774
    406, 167197
    407, 167631
    408, 168044
    409, 168440
    410, 168828
    411, 169223
    412, 169632
    413, 170036
    414, 170308
    415, 170812
    416, 171184
    417, 171567
    418, 171955
    419, 172345
    420, 172720
    421, 173089
    422, 173468
    423, 173878
    424, 174281
    425, 174682
    426, 175063
    427, 175449
    428, 175846
    429, 176256
    430, 176669
    431, 177075
    432, 177463
    433, 177858
    434, 178274
    435, 178704
    436, 179118
    437, 179513
    438, 179908
    439, 180329
    440, 180751
    441, 181152
    442, 181542
    443, 181930
    444, 182339
    445, 182751
    446, 183163
    447, 183568
    448, 183961
    449, 184354
    450, 184777
    451, 185201
    452, 185619
    453, 186012
    454, 186408
    455, 186836
    456, 187263
    457, 187672
    458, 188068
    459, 188456
    460, 188864
    461, 189270
    462, 189675
    463, 190074
    464, 190458
    465, 190848
    466, 191261
    467, 191684
    468, 192093
    469, 192488
    470, 192874
    471, 193279
    472, 193700
    473, 194105
    474, 194488
    475, 194872
    476, 195271
    477, 195692
    478, 196106
    479, 196506
    480, 196904
    481, 197302
    482, 197710
    483, 198128
    484, 198533
    485, 198925
    486, 199310
    487, 199697
    488, 200105
    489, 200497
    490, 200857
    491, 201214
    492, 201577
    493, 201957
    494, 202343
    495, 202712
    496, 203063
    497, 203426
    498, 203802
    499, 204208
    500, 204624
    501, 205028
    502, 205422
    503, 205813
    504, 206214
    505, 206638
    506, 207058
    507, 207447
    508, 207834
    509, 208227
    510, 208626
    511, 209010
    512, 209382
    513, 209741
    514, 210111
    515, 210484
    516, 210857
    517, 211223
    518, 211568
    519, 211904
    520, 212236
    521, 212582
    522, 212929
    523, 213278
    524, 213617
    525, 213940
    526, 214258
    527, 214590
    528, 214936
    529, 215292
    530, 215637
    531, 215969
    532, 216297
    533, 216631
    534, 216976
    535, 217312
    536, 217645
    537, 217971
    538, 218296
    539, 218930
    540, 219267
    541, 219606
    542, 219944
    543, 220265
    544, 220576
    545, 220890
    546, 221223
    547, 221563
    548, 221905
    549, 222233
    550, 222869
    551, 223210
    552, 223549
    553, 223892
    554, 224232
    555, 224882
    556, 225220
    557, 225557
    558, 225907
    559, 226254
    560, 226927
    561, 227253
    562, 227584
    563, 227924
    564, 228276
    565, 228954
    566, 229270
    567, 229594
    568, 229942
    569, 230285
    570, 230620
    571, 230949
    572, 231262
    573, 231577
    574, 231901
    575, 232233
    576, 232491
    577, 232906
    578, 233239
    579, 233554
    580, 233863
    581, 234190
    582, 234524
    583, 234864
    584, 235211
    585, 235531
    586, 235854
    587, 236181
    588, 236530
    589, 236879
    590, 237217
    591, 237548
    592, 237870
    593, 238193
    594, 238442
    595, 238872
    596, 239213
    597, 239544
    598, 239867
    599, 240179
    600, 240491
    601, 240815
    602, 241146
    603, 241469
    604, 241789
    605, 242094
    606, 242401
    607, 242724
    608, 243057
    609, 243399
    610, 243726
    611, 244040
    612, 244272
    613, 244657
    614, 244992
    615, 245330
    616, 245662
    617, 245980
    618, 246297
    619, 246616
    620, 246938
    621, 247271
    622, 247620
    623, 247956
    624, 248296
    625, 248629
    626, 248952
    627, 249297
    628, 249656
    629, 250040
    630, 250379
    631, 250718
    632, 251059
    633, 251432
    634, 251808
    635, 252185
    636, 252551
    637, 252913
    638, 253276
    639, 253660
    640, 254044
    641, 254432
    642, 254801
    643, 255176
    644, 255540
    645, 255926
    646, 256328
    647, 256722
    648, 257093
    649, 257463
    650, 257844
    651, 258248
    652, 258654
    653, 259038
    654, 259416
    655, 259792
    656, 260192
    657, 260587
    658, 260983
    659, 261364
    660, 261745
    661, 262128
    662, 262520
    663, 262933
    664, 263317
    665, 263686
    666, 264052
    667, 264435
    668, 264836
    669, 265015
    670, 265158
    671, 265830
    672, 266194
    673, 266574
    674, 266954
    675, 267328
    676, 267711
    677, 267882
    678, 268314
    679, 268688
    680, 268865
    681, 269329
    682, 269705
    683, 269876
    684, 270305
    685, 270665
    686, 271038
    687, 271801
    688, 272164
    689, 272527
    690, 272914
    691, 273097
    692, 273570
    693, 273966
    694, 274138
    695, 274591
    696, 274977
    697, 276015
    698, 276403
    699, 276779
    700, 277407
    701, 277822
    702, 278230
    703, 278405
    704, 278852
    705, 279246
    706, 279650
    707, 280057
    708, 280457
    709, 280633
    710, 281093
    711, 281480
    712, 281885
    713, 282069
    714, 282546
    715, 282943
    716, 283114
    717, 283561
    718, 283957
    719, 284355
    720, 284756
    721, 285129
    722, 285495
    723, 285871
    724, 286280
    725, 286683
    726, 287074
    727, 287451
    728, 287835
    729, 288237
    730, 288643
    731, 288823
    732, 289298
    733, 289689
    734, 290073
    735, 290252
    736, 290742
    737, 291143
    738, 291538
    739, 291906
    740, 292282
    741, 292685
    742, 293087
    743, 293477
    744, 293851
    745, 294221
    746, 294613
    747, 295022
    748, 295416
    749, 295806
    750, 296182
    751, 296561
    752, 296952
    753, 297346
    754, 297746
    755, 298131
    756, 298495
    757, 298876
    758, 299278
    759, 299686
    760, 300064
    761, 300436
    762, 300811
    763, 301201
    764, 301617
    765, 302009
    766, 302395
    767, 302569
    768, 303017
    769, 303415
    770, 303811
    771, 304207
    772, 304587
    773, 304957
    774, 305335
    775, 305738
    776, 306151
    777, 306546
    778, 306923
    779, 307294
    780, 307685
    781, 308091
    782, 308483
    783, 308851
    784, 309230
    785, 309603
    786, 310010
    787, 310416
    788, 310814
    789, 311200
    790, 311579
    791, 311967
    792, 312379
    793, 312792
    794, 313180
    795, 313563
    796, 313957
    797, 314366
    798, 314781
    799, 315178
    800, 315563
    801, 315949
    802, 316349
    803, 316756
    804, 317157
    805, 317550
    806, 317920
    807, 318308
    808, 318704
    809, 319117
    810, 319510
    811, 319886
    812, 320271
    813, 320664
    814, 321078
    815, 321474
    816, 321856
    817, 322241
    818, 322630
    819, 323031
    820, 323440
    821, 323845
    822, 324226
    823, 324617
    824, 325011
    825, 325435
    826, 325841
    827, 326233
    828, 326612
    829, 327007
    830, 327418
    831, 327838
    832, 328233
    833, 328616
    834, 329015
    835, 329425
    836, 329837
    837, 330246
    838, 330627
    839, 331020
    840, 331415
    841, 331823
    842, 332230
    843, 332616
    844, 332993
    845, 333368
    846, 333761
    847, 334171
    848, 334560
    849, 334941
    850, 335316
    851, 335721
    852, 336128
    853, 336530
    854, 336915
    855, 337287
    856, 337676
    857, 338074
    858, 338478
    859, 338876
    860, 339263
    861, 339638
    862, 340031
    863, 340443
    864, 340852
    865, 341245
    866, 341620
    867, 342008
    868, 342438
    869, 342854
    870, 343244
    871, 343629
    872, 344019
    873, 344431
    874, 344842
    875, 345248
    876, 345647
    877, 346031
    878, 346425
    879, 346831
    880, 347243
    881, 347642
    882, 348024
    883, 348411
    884, 348825
    885, 349230
    886, 349625
    887, 350000
    888, 350370
    889, 350752
    890, 351145
    891, 351528
    892, 351909
    893, 352274
    894, 352644
    895, 353021
    896, 353421
    897, 353817
    898, 354206
    899, 354580
    900, 354951
    901, 355362
    902, 355761
    903, 356149
    904, 356521
    905, 356884
    906, 357257
    907, 357650
    908, 358024
    909, 358389
    910, 358759
    911, 359114
    912, 359490
    913, 359895
    914, 360282
    915, 360676
    916, 361055
    917, 361438
    918, 361862
    919, 362277
    920, 362667
    921, 363063
    922, 363453
    923, 363872
    924, 364291
    925, 364706
    926, 365106
    927, 365503
    928, 365911
    929, 366326
    930, 366746
    931, 367157
    932, 367540
    933, 367935
    934, 368352
    935, 368780
    936, 369188
    937, 369573
    938, 369966
    939, 370383
    940, 370801
    941, 371216
    942, 371620
    943, 372014
    944, 372422
    945, 372840
    946, 373262
    947, 373668
    948, 374063
    949, 374469
    950, 374890
    951, 375318
    952, 375737
    953, 376126
    954, 376529
    955, 376952
    956, 377393
    957, 377811
    958, 378212
    959, 378631
    960, 379058
    961, 379490
    962, 379908
    963, 380317
    964, 380723
    965, 381139
    966, 381575
    967, 382001
    968, 382409
    969, 382809
    970, 383218
    971, 383658
    972, 384094
    973, 384500
    974, 384908
    975, 385336
    976, 385777
    977, 386211
    978, 386625
    979, 387040
    980, 387458
    981, 387896
    982, 388336
    983, 388755
    984, 389149
    985, 389556
    986, 389980
    987, 390412
    988, 390824
    989, 391214
    990, 391622
    991, 392054
    992, 392488
    993, 392911
    994, 393315
    995, 393729
    996, 394149
    997, 394576
    998, 395012
    999, 395420
   1000, 395823
   1001, 396247
   1002, 396670
   1003, 397107
   1004, 397517
   1005, 397914
   1006, 398351
   1007, 398796
   1008, 399216
   1009, 399627
   1010, 400025
   1011, 400451
   1012, 400885
   1013, 401314
   1014, 401735
   1015, 402136
   1016, 402547
   1017, 402976
   1018, 403412
   1019, 403832
   1020, 404233
   1021, 404413
   1022, 404936
   1023, 405140
   1024, 405287
   1025, 405661
   1026, 405847
   1027, 406332
   1028, 406523
   1029, 407018
   1030, 407220
   1031, 407726
   1032, 407927
   1033, 408070
   1034, 408419
   1035, 408602
   1036, 409091
   1037, 409295
   1038, 409438
   1039, 409818
   1040, 410010
   1041, 410157
   1042, 410519
   1043, 410698
   1044, 411191
   1045, 411407
   1046, 411545
   1047, 411704
   1048, 411880
   1049, 412090
   1050, 412322
   1051, 412517
   1052, 412700
   1053, 412874
   1054, 413038
   1055, 413254
   1056, 413469
   1057, 413653
   1058, 413811
   1059, 414074
   1060, 414321
   1061, 414520
   1062, 414706
   1063, 414877
   1064, 415084
   1065, 415250
   1066, 415406
   1067, 415630
   1068, 415832
   1069, 416063
   1070, 416262
   1071, 416454
   1072, 416692
   1073, 417154
   1074, 417577
   1075, 417762
   1076, 417922
   1077, 418351
   1078, 418539
   1079, 418693
   1080, 419079
   1081, 419254
   1082, 419399
   1083, 419786
   1084, 419973
   1085, 420142
   1086, 420538
   1087, 420719
   1088, 421236
   1089, 421420
   1090, 421926
   1091, 422119
   1092, 422255
   1093, 422644
   1094, 422827
   1095, 422985
   1096, 423356
   1097, 423531
   1098, 423681
   1099, 423947
   1100, 424142
   1101, 424334
   1102, 424501
   1103, 424833
   1104, 425075
   1105, 425262
   1106, 425485
   1107, 425798
   1108, 426005
   1109, 426243
   1110, 426424
   1111, 426607
   1112, 426818
   1113, 426991
   1114, 427160
   1115, 427337
   1116, 427508
   1117, 427678
   1118, 427876
   1119, 428069
   1120, 428388
   1121, 428583
   1122, 428806
   1123, 429016
   1124, 429194
   1125, 429372
   1126, 429543
   1127, 429719
   1128, 429891
   1129, 430076
   1130, 430247
   1131, 430420
   1132, 430593
   1133, 430764
   1134, 430952
   1135, 431134
   1136, 431318
   1137, 431491
   1138, 431674
   1139, 431911
   1140, 432087
   1141, 432258
   1142, 432495
   1143, 432718
   1144, 432917
   1145, 433168
   1146, 433365
   1147, 433546
   1148, 433720
   1149, 433890
   1150, 434049
   1151, 434212
   1152, 434378
   1153, 434541
   1154, 434700
   1155, 434920
   1156, 435142
   1157, 435316
   1158, 435491
   1159, 435662
   1160, 435839
   1161, 436025
   1162, 436193
   1163, 436356
   1164, 436515
   1165, 436680
   1166, 436828
   1167, 436994
   1168, 437176
   1169, 437342
   1170, 437516
   1171, 437689
   1172, 437867
   1173, 438039
   1174, 438219
   1175, 438389
   1176, 438618
   1177, 438797
   1178, 439023
   1179, 439244
   1180, 439414
   1181, 439592
   1182, 439762
   1183, 439934
   1184, 440109
   1185, 440285
   1186, 440453
   1187, 440661
   1188, 440817
   1189, 440982
   1190, 441139
   1191, 441311
   1192, 441479
   1193, 441734
   1194, 441900
   1195, 442084
   1196, 442298
   1197, 442476
   1198, 442705
   1199, 442913
   1200, 443117
   1201, 443325
   1202, 443512
   1203, 443766
   1204, 443976
   1205, 444209
   1206, 444418
   1207, 444640
   1208, 444870
   1209, 445025
   1210, 445266
   1211, 445420
   1212, 445579
   1213, 445732
   1214, 445895
   1215, 446063
   1216, 446232
   1217, 446394
   1218, 446573
   1219, 446734
   1220, 446966
   1221, 447129
   1222, 447289
   1223, 447520
   1224, 447700
   1225, 447917
   1226, 448171
   1227, 448346
   1228, 448521
   1229, 448816
   1230, 448985
   1231, 449142
   1232, 449294
   1233, 449449
   1234, 449603
   1235, 449758
   1236, 449913
   1237, 450073
   1238, 450230
   1239, 450394
   1240, 450558
   1241, 450722
   1242, 450902
   1243, 451071
   1244, 451224
   1245, 451382
   1246, 451534
   1247, 451695
   1248, 451866
   1249, 452075
   1250, 452252
   1251, 452463
   1252, 452637
   1253, 452806
   1254, 452974
   1255, 453134
   1256, 453292
   1257, 453453
   1258, 453608
   1259, 453760
   1260, 453982
   1261, 454310
   1262, 454529
   1263, 454703
   1264, 454868
   1265, 455027
   1266, 455193
   1267, 455355
   1268, 455517
   1269, 455671
   1270, 455824
   1271, 455988
   1272, 456159
   1273, 456302
   1274, 456455
   1275, 456628
   1276, 456799
   1277, 456970
   1278, 457281
   1279, 457455
   1280, 457758
   1281, 457912
   1282, 458070
   1283, 458214
   1284, 458362
   1285, 458507
   1286, 458672
   1287, 458973
   1288, 459141
   1289, 459309
   1290, 459470
   1291, 459651
   1292, 459816
   1293, 460257
   1294, 460404
   1295, 460564
   1296, 460861
   1297, 461035
   1298, 461198
   1299, 461365
   1300, 461521
   1301, 461680
   1302, 461836
   1303, 461995
   1304, 462150
   1305, 462301
   1306, 462451
   1307, 462606
   1308, 462754
   1309, 462931
   1310, 463090
   1311, 463256
   1312, 463408
   1313, 463569
   1314, 463722
   1315, 463885
   1316, 464047
   1317, 464203
   1318, 464363
   1319, 464515
   1320, 464657
   1321, 464862
   1322, 465242
   1323, 465817
   1324, 466315
   1325, 466478
   1326, 467055
   1327, 467234
   1328, 467417
   1329, 467869
   1330, 468042
   1331, 468604
   1332, 468772
   1333, 468933
   1334, 469251
   1335, 469481
   1336, 469767
   1337, 469984
   1338, 470158
   1339, 470349
   1340, 470601
   1341, 471065
   1342, 471317
   1343, 471510
   1344, 471722
   1345, 472017
   1346, 472194
   1347, 472352
   1348, 472659
   1349, 472972
   1350, 473149
   1351, 473437
   1352, 473710
   1353, 473909
   1354, 474072
   1355, 474404
   1356, 474668
   1357, 474832
   1358, 474994
   1359, 475135
   1360, 475408
   1361, 475636
   1362, 475818
   1363, 476027
   1364, 476241
   1365, 476430
   1366, 476642
   1367, 476799
   1368, 476968
   1369, 477236
   1370, 477433
   1371, 477568
   1372, 477733
   1373, 477942
   1374, 478183
   1375, 478449
   1376, 478610
   1377, 478825
   1378, 478982
   1379, 479222
   1380, 479375
   1381, 479711
   1382, 479925
   1383, 480186
   1384, 480445
   1385, 480740
   1386, 480944
   1387, 481177
   1388, 481355
   1389, 481580
   1390, 481765
   1391, 482252
   1392, 482578
   1393, 482780
   1394, 483176
   1395, 483381
   1396, 483517
   1397, 483727
   1398, 483949
   1399, 484198
   1400, 484471
   1401, 484741
   1402, 485030
   1403, 485287
   1404, 485447
   1405, 485706
   1406, 485928
   1407, 486194
   1408, 486394
   1409, 486640
   1410, 486931
   1411, 487213
   1412, 487497
   1413, 487679
   1414, 487962
   1415, 488299
   1416, 488499
   1417, 488696
   1418, 489020
   1419, 489233
   1420, 489474
   1421, 489680
   1422, 489945
   1423, 490177
   1424, 490380
   1425, 490637
   1426, 490813
   1427, 490976
   1428, 491279
   1429, 491509
   1430, 491706
   1431, 491941
   1432, 492106
   1433, 492308
   1434, 492590
   1435, 492849
   1436, 493079
   1437, 493287
   1438, 493528
   1439, 493799
   1440, 494013
   1441, 494216
   1442, 494381
   1443, 494611
   1444, 494878
   1445, 495300
   1446, 495569
   1447, 495871
   1448, 496144
   1449, 496405
   1450, 496635
   1451, 496926
   1452, 497202
   1453, 497412
   1454, 497736
   1455, 497940
   1456, 498173
   1457, 498338
   1458, 498588
   1459, 498775
   1460, 498988
   1461, 499200
   1462, 499464
   1463, 499685
   1464, 500016
   1465, 500451
   1466, 500766
   1467, 500985
   1468, 501250
   1469, 501547
   1470, 501721
   1471, 502009
   1472, 502212
   1473, 502430
   1474, 502683
   1475, 502872
   1476, 503120
   1477, 503275
   1478, 503436
   1479, 503662
   1480, 503897
   1481, 504072
   1482, 504297
   1483, 504675
   1484, 504875
   1485, 505148
   1486, 505332
   1487, 505513
   1488, 505666
   1489, 505870
   1490, 506034
   1491, 506248
   1492, 506534
   1493, 506833
   1494, 507063
   1495, 507291
   1496, 507527
   1497, 507819
   1498, 508004
   1499, 508244
   1500, 508456
   1501, 508725
   1502, 508966
   1503, 509148
   1504, 509374
   1505, 509690
   1506, 509915
   1507, 510162
   1508, 510318
   1509, 510564
   1510, 510809
   1511, 510982
   1512, 511191
   1513, 511395
   1514, 511616
   1515, 511837
   1516, 512001
   1517, 512212
   1518, 512422
   1519, 512581
   1520, 512846
   1521, 513014
   1522, 513261
   1523, 513523
   1524, 513830
   1525, 514121
   1526, 514366
   1527, 514643
   1528, 514864
   1529, 515088
   1530, 515410
   1531, 515689
   1532, 515901
   1533, 516124
   1534, 516410
   1535, 516644
   1536, 516889
   1537, 517115
   1538, 517350
   1539, 517585
   1540, 517880
   1541, 518202
   1542, 518436
   1543, 518595
   1544, 518848
   1545, 519046
   1546, 519277
   1547, 519550
   1548, 519847
   1549, 520074
   1550, 520302
   1551, 520491
   1552, 520723
   1553, 520969
   1554, 521270
   1555, 521535
   1556, 521763
   1557, 522008
   1558, 522267
   1559, 522499
   1560, 522676
   1561, 522934
   1562, 523269
   1563, 523464
   1564, 523816
   1565, 524020
   1566, 524250
   1567, 524474
   1568, 524627
   1569, 524857
   1570, 525055
   1571, 525281
   1572, 525455
   1573, 525667
   1574, 525904
   1575, 526133
   1576, 526296
   1577, 526486
   1578, 526648
   1579, 526965
   1580, 527219
   1581, 527420
   1582, 527587
   1583, 527744
   1584, 527974
   1585, 528166
   1586, 528306
   1587, 528545
   1588, 528778
   1589, 528981
   1590, 529250
   1591, 529399
   1592, 529573
   1593, 529825
   1594, 530135
   1595, 530403
   1596, 530692
   1597, 530909
   1598, 531222
   1599, 531394
   1600, 531611
   1601, 531876
   1602, 532270
   1603, 532588
   1604, 532803
   1605, 533079
   1606, 533287
   1607, 533589
   1608, 533817
   1609, 533962
   1610, 534122
   1611, 534359
   1612, 534546
   1613, 534825
   1614, 535001
   1615, 535248
   1616, 535573
   1617, 535903
   1618, 536091
   1619, 536246
   1620, 536423
   1621, 536734
   1622, 536983
   1623, 537203
   1624, 537403
   1625, 537674
   1626, 537933
   1627, 538096
   1628, 538302
   1629, 538488
   1630, 538738
   1631, 538982
   1632, 539281
   1633, 539588
   1634, 539842
   1635, 540051
   1636, 540196
   1637, 540505
   1638, 540789
   1639, 541135
   1640, 541370
   1641, 541675
   1642, 541953
   1643, 542244
   1644, 542429
   1645, 542795
   1646, 543036
   1647, 543284
   1648, 543468
   1649, 543674
   1650, 543897
   1651, 544109
   1652, 544337
   1653, 544605
   1654, 544848
   1655, 545001
   1656, 545301
   1657, 545559
   1658, 545786
   1659, 546046
   1660, 546286
   1661, 546531
   1662, 546775
   1663, 547071
   1664, 547349
   1665, 547529
   1666, 547799
   1667, 548092
   1668, 548265
   1669, 548557
   1670, 548760
   1671, 549007
   1672, 549175
   1673, 549405
   1674, 549680
   1675, 549940
   1676, 550154
   1677, 550328
   1678, 550504
   1679, 550708
   1680, 550867
   1681, 551033
   1682, 551196
   1683, 551355
   1684, 551518
   1685, 551687
   1686, 551857
   1687, 552032
   1688, 552196
   1689, 552365
   1690, 552526
   1691, 552688
   1692, 552852
   1693, 553013
   1694, 553178
   1695, 553341
   1696, 553506
   1697, 553679
   1698, 553847
   1699, 554021
   1700, 554198
   1701, 554374
   1702, 554560
   1703, 554803
   1704, 555019
   1705, 555188
   1706, 555344
   1707, 555503
   1708, 555667
   1709, 555822
   1710, 555984
   1711, 556153
   1712, 556325
   1713, 556501
   1714, 556674
   1715, 556839
   1716, 557005
   1717, 557163
   1718, 557318
   1719, 557475
   1720, 557631
   1721, 557791
   1722, 557947
   1723, 558110
   1724, 558279
   1725, 558450
   1726, 558622
   1727, 558787
   1728, 558951
   1729, 559117
   1730, 559274
   1731, 559431
   1732, 559586
   1733, 559743
   1734, 559903
   1735, 560062
   1736, 560227
   1737, 560397
   1738, 560560
   1739, 560728
   1740, 560892
   1741, 561058
   1742, 561222
   1743, 561380
   1744, 561542
   1745, 561697
   1746, 561854
   1747, 562011
   1748, 562165
   1749, 562327
   1750, 562488
   1751, 562638
   1752, 562803
   1753, 562966
   1754, 563133
   1755, 563301
   1756, 563459
   1757, 563616
   1758, 563766
   1759, 563914
   1760, 564068
   1761, 564222
   1762, 564379
   1763, 564532
   1764, 564693
   1765, 564858
   1766, 565027
   1767, 565195
   1768, 565361
   1769, 565518
   1770, 565678
   1771, 565831
   1772, 565984
   1773, 566136
   1774, 566291
   1775, 566447
   1776, 566604
   1777, 566761
   1778, 566923
   1779, 567155
   1780, 567382
   1781, 567639
   1782, 567863
   1783, 568072
   1784, 568352
   1785, 568583
   1786, 568772
   1787, 569065
   1788, 569312
   1789, 569506
   1790, 569893
   1791, 570463
   1792, 570719
   1793, 570910
   1794, 571241
   1795, 571517
   1796, 571795
   1797, 572048
   1798, 572255
   1799, 572406
   1800, 572628
   1801, 572838
   1802, 573210
   1803, 573425
   1804, 573667
   1805, 573920
   1806, 574122
   1807, 574361
   1808, 574587
   1809, 574844
   1810, 575097
   1811, 575296
   1812, 575467
   1813, 575702
   1814, 575982
   1815, 576238
   1816, 576387
   1817, 576704
   1818, 576943
   1819, 577117
   1820, 577391
   1821, 577638
   1822, 577890
   1823, 578234
   1824, 578482
   1825, 578780
   1826, 578972
   1827, 579159
   1828, 579437
   1829, 579750
   1830, 580080
   1831, 580339
   1832, 580586
   1833, 580728
   1834, 580997
   1835, 581184
   1836, 581399
   1837, 581695
   1838, 581923
   1839, 582199
   1840, 582374
   1841, 582527
   1842, 582665
   1843, 582836
   1844, 583058
   1845, 583267
   1846, 583487
   1847, 583693
   1848, 584053
   1849, 584317
   1850, 584617
   1851, 584878
   1852, 585080
   1853, 585308
   1854, 585467
   1855, 585620
   1856, 585816
   1857, 586039
   1858, 586258
   1859, 586522
   1860, 586703
   1861, 586873
   1862, 587133
   1863, 587297
   1864, 587590
   1865, 587798
   1866, 588044
   1867, 588389
   1868, 588717
   1869, 589040
   1870, 589312
   1871, 589542
   1872, 589752
   1873, 589970
   1874, 590312
   1875, 590572
   1876, 590790
   1877, 591049
   1878, 591217
   1879, 591536
   1880, 591754
   1881, 591985
   1882, 592233
   1883, 592621
   1884, 592890
   1885, 593143
   1886, 593422
   1887, 593667
   1888, 593860
   1889, 594098
   1890, 594267
   1891, 594474
   1892, 594715
   1893, 595055
   1894, 595279
   1895, 595479
   1896, 595809
   1897, 596019
   1898, 596278
   1899, 596503
   1900, 596712
   1901, 596848
   1902, 597144
   1903, 597411
   1904, 597662
   1905, 597955
   1906, 598229
   1907, 598431
   1908, 598681
   1909, 598851
   1910, 599194
   1911, 599389
   1912, 599625
   1913, 599796
   1914, 600067
   1915, 600355
   1916, 600610
   1917, 600829
   1918, 601091
   1919, 601465
   1920, 601725
   1921, 601957
   1922, 602213
   1923, 602370
   1924, 602664
   1925, 602893
   1926, 603153
   1927, 603459
   1928, 603659
   1929, 604002
   1930, 604211
   1931, 604406
   1932, 604667
   1933, 604890
   1934, 605259
   1935, 605431
   1936, 605689
   1937, 605956
   1938, 606223
   1939, 606564
   1940, 606776
   1941, 607046
   1942, 607268
   1943, 607465
   1944, 607659
   1945, 607856
   1946, 608185
   1947, 608359
   1948, 608555
   1949, 608831
   1950, 609070
   1951, 609267
   1952, 609528
   1953, 609750
   1954, 609905
   1955, 610156
   1956, 610398
   1957, 610693
   1958, 611083
   1959, 611296
   1960, 611475
   1961, 611724
   1962, 611981
   1963, 612159
   1964, 612382
   1965, 612689
   1966, 612991
   1967, 613181
   1968, 613400
   1969, 613578
   1970, 613800
   1971, 614036
   1972, 614210
   1973, 614509
   1974, 614826
   1975, 615113
   1976, 615405
   1977, 615685
   1978, 615934
   1979, 616254
   1980, 616510
   1981, 616756
   1982, 616983
   1983, 617168
   1984, 617451
   1985, 617739
   1986, 618042
   1987, 618220
   1988, 618521
   1989, 618685
   1990, 619005
   1991, 619344
   1992, 619541
   1993, 619840
   1994, 620084
   1995, 620312
   1996, 620618
   1997, 620830
   1998, 621030
   1999, 621346
   2000, 621619
   2001, 621910
   2002, 622144
   2003, 622445
   2004, 622689
   2005, 622860
   2006, 623083
   2007, 623336
   2008, 623594
   2009, 623853
   2010, 624034
   2011, 624375
   2012, 624548
   2013, 624755
   2014, 624896
   2015, 625038
   2016, 625202
   2017, 625446
   2018, 625634
   2019, 625917
   2020, 626174
   2021, 626551
   2022, 626754
   2023, 626957
   2024, 627155
   2025, 627370
   2026, 627645
   2027, 627865
   2028, 628096
   2029, 628305
   2030, 628510
   2031, 628783
   2032, 629024
   2033, 629348
   2034, 629564
   2035, 629847
   2036, 630195
   2037, 630428
   2038, 630689
   2039, 630875
   2040, 631134
   2041, 631316
   2042, 631473
   2043, 631695
   2044, 631891
   2045, 632060
   2046, 632318
   2047, 632480
   2048, 632618
   2049, 632822
   2050, 633118
   2051, 633359
   2052, 633614
   2053, 633942
   2054, 634157
   2055, 634422
   2056, 634658
   2057, 634934
   2058, 635207
   2059, 635434
   2060, 635755
   2061, 636129
   2062, 636319
   2063, 636610
   2064, 636831
   2065, 636964
   2066, 637240
   2067, 637471
   2068, 637659
   2069, 637813
   2070, 638079
   2071, 638363
   2072, 638641
   2073, 638923
   2074, 639082
   2075, 639298
   2076, 639643
   2077, 639872
   2078, 640137
   2079, 640463
   2080, 640734
   2081, 640952
   2082, 641210
   2083, 641357
   2084, 641622
   2085, 641850
   2086, 642070
   2087, 642276
   2088, 642580
   2089, 642894
   2090, 643105
   2091, 643387
   2092, 643634
   2093, 643836
   2094, 644017
   2095, 644309
   2096, 644524
   2097, 644721
   2098, 645024
   2099, 645291
   2100, 645604
   2101, 645895
   2102, 646306
   2103, 646459
   2104, 646591
   2105, 646856
   2106, 647037
   2107, 647307
   2108, 647633
   2109, 647860
   2110, 648124
   2111, 648345
   2112, 648557
   2113, 648722
   2114, 649091
   2115, 649342
   2116, 649615
   2117, 649876
