      0,   1270
      1,   1487
      2,   1719
      3,   1886
      4,   2115
      5,   2250
      6,   2368
      7,   2535
      8,   2671
      9,   2804
     10,   2946
     11,   3128
     12,   3332
     13,   3465
     14,   3725
     15,   4006
     16,   4250
     17,   4538
     18,   4736
     19,   4872
     20,   5095
     21,   5247
     22,   5434
     23,   5650
     24,   5807
     25,   6043
     26,   6199
     27,   6446
     28,   6724
     29,   6944
     30,   7291
     31,   7600
     32,   7763
     33,   7894
     34,   8153
     35,   8325
     36,   8541
     37,   8876
     38,   9113
     39,   9293
     40,   9445
     41,   9684
     42,   9952
     43,  10169
     44,  10497
     45,  10830
     46,  11081
     47,  11341
     48,  11653
     49,  11858
     50,  12030
     51,  12289
     52,  12527
     53,  12755
     54,  12991
     55,  13197
     56,  13541
     57,  13777
     58,  14015
     59,  14289
     60,  14589
     61,  14786
     62,  14939
     63,  15256
     64,  15434
     65,  15630
     66,  15931
     67,  16069
     68,  16318
     69,  16598
     70,  16737
     71,  16851
     72,  16956
     73,  17073
     74,  17287
     75,  17429
     76,  17664
     77,  18447
     78,  18655
     79,  18923
     80,  19129
     81,  19271
     82,  19406
     83,  19756
     84,  19891
     85,  20114
     86,  20309
     87,  20466
     88,  20594
     89,  20722
     90,  20911
     91,  21047
     92,  21171
     93,  21292
     94,  21421
     95,  21719
     96,  21859
     97,  22153
     98,  22401
     99,  22527
    100,  22663
    101,  22782
    102,  22897
    103,  23276
    104,  23407
    105,  23657
    106,  23769
    107,  24087
    108,  24240
    109,  24376
    110,  24738
    111,  24897
    112,  25017
    113,  25314
    114,  25688
    115,  26014
    116,  26315
    117,  26834
    118,  26987
    119,  27533
    120,  27842
    121,  28233
    122,  28466
    123,  28651
    124,  28876
    125,  29038
    126,  29355
    127,  29533
    128,  29799
    129,  30077
    130,  31024
    131,  31263
    132,  31864
    133,  32023
    134,  32258
    135,  32531
    136,  32744
    137,  33778
    138,  33907
    139,  34738
    140,  35547
    141,  35806
    142,  35945
    143,  36095
    144,  36311
    145,  36497
    146,  36572
    147,  37894
    148,  37998
    149,  38118
    150,  39000
    151,  39127
    152,  40845
    153,  41393
    154,  43056
    155,  43556
    156,  45720
    157,  46115
    158,  46857
    159,  49189
    160,  51186
    161,  51305
    162,  55441
    163,  55688
    164,  57002
    165,  57542
    166,  57813
    167,  58595
    168,  59381
    169,  59647
    170,  60628
    171,  61511
    172,  61707
    173,  62530
    174,  63762
    175,  66058
    176,  66225
    177,  66904
    178,  67077
    179,  67796
    180,  67970
    181,  68640
    182,  70276
    183,  71011
    184,  72535
    185,  75770
    186,  75966
    187,  76523
    188,  76719
    189,  77006
    190,  77164
    191,  77284
    192,  77728
    193,  78126
    194,  78266
    195,  78833
    196,  79301
    197,  79443
    198,  80323
    199,  81012
    200,  81136
    201,  81658
    202,  81884
    203,  82149
    204,  82988
    205,  83186
    206,  83369
    207,  83701
    208,  83903
    209,  84311
    210,  85337
    211,  85607
    212,  86307
    213,  86506
    214,  86829
    215,  87337
    216,  87628
    217,  87883
    218,  88803
    219,  89024
    220,  89456
    221,  89677
    222,  89944
    223,  90088
    224,  90797
    225,  91098
    226,  91641
    227,  92133
    228,  92290
    229,  92648
    230,  92784
    231,  93209
    232,  93971
    233,  94264
    234,  94685
    235,  95006
    236,  95654
    237,  95829
    238,  96271
    239,  96413
    240,  96761
    241,  98166
    242,  99818
    243, 100708
    244, 101133
    245, 101537
    246, 101792
    247, 102063
    248, 102322
    249, 102643
    250, 102867
    251, 103123
    252, 103528
    253, 104223
    254, 104535
    255, 104717
    256, 105120
    257, 105257
    258, 105600
    259, 106027
    260, 106275
    261, 106664
    262, 106885
    263, 107118
    264, 107401
    265, 107667
    266, 108222
    267, 108489
    268, 109393
    269, 109525
    270, 109645
    271, 109792
    272, 109932
    273, 110058
    274, 110166
    275, 110329
    276, 110468
    277, 110823
    278, 110954
    279, 111238
    280, 111757
    281, 112154
    282, 112953
    283, 113273
    284, 114117
    285, 115316
    286, 116027
    287, 116299
    288, 117295
    289, 117541
    290, 118253
    291, 118394
    292, 118557
    293, 119316
    294, 119935
    295, 120200
    296, 120377
    297, 121288
    298, 122090
    299, 122407
    300, 123054
    301, 123193
    302, 123479
    303, 123637
    304, 123772
    305, 124279
    306, 124461
    307, 124698
    308, 125030
    309, 125229
    310, 125373
    311, 125750
    312, 126183
    313, 126412
    314, 126619
    315, 126926
    316, 127253
    317, 127431
    318, 127665
    319, 127984
    320, 128209
    321, 128499
    322, 128739
    323, 128999
    324, 129115
    325, 129233
    326, 129480
    327, 130267
    328, 130516
    329, 130872
    330, 131121
    331, 131359
    332, 131772
    333, 132380
    334, 132662
    335, 132983
    336, 133864
    337, 134091
    338, 134420
    339, 134642
    340, 135310
    341, 135631
    342, 136462
    343, 136694
    344, 137059
    345, 137713
    346, 137871
    347, 138020
    348, 138788
    349, 139060
    350, 139825
    351, 140054
    352, 140907
    353, 141183
    354, 141704
    355, 142325
    356, 143250
    357, 144140
    358, 145934
    359, 146772
    360, 147041
    361, 147767
    362, 148578
    363, 148789
    364, 149192
    365, 149340
    366, 149872
    367, 150191
    368, 150400
    369, 150579
    370, 150975
    371, 151225
    372, 151479
    373, 151818
    374, 152154
    375, 152341
    376, 152545
    377, 152788
    378, 153054
    379, 153341
    380, 153594
    381, 154139
    382, 154631
    383, 154880
    384, 155027
    385, 155278
    386, 155504
    387, 155895
    388, 156112
    389, 156457
    390, 156724
    391, 156964
    392, 157220
    393, 157379
    394, 157735
    395, 157880
    396, 158374
    397, 158625
    398, 158880
    399, 159158
    400, 159470
    401, 159607
    402, 159878
    403, 160216
    404, 160423
    405, 160701
    406, 161207
    407, 161337
    408, 161614
    409, 161902
    410, 162049
    411, 162330
    412, 162550
    413, 162945
    414, 163076
    415, 163349
    416, 164043
    417, 164238
    418, 164486
    419, 165151
    420, 165715
    421, 166244
    422, 168344
    423, 168647
    424, 169823
    425, 169951
    426, 170402
    427, 171192
    428, 171331
    429, 171980
    430, 172178
    431, 173251
    432, 173707
    433, 175237
    434, 177045
    435, 177899
    436, 178564
    437, 178815
    438, 178998
    439, 179542
    440, 179684
    441, 180064
    442, 180197
    443, 180384
    444, 180591
    445, 180870
    446, 181050
    447, 181316
    448, 181544
    449, 181779
    450, 182128
    451, 182621
    452, 182895
    453, 183145
    454, 183856
    455, 183993
    456, 184123
    457, 184713
    458, 184840
    459, 185076
    460, 185669
    461, 185825
    462, 187173
    463, 187439
    464, 187612
    465, 189306
    466, 189881
    467, 190609
    468, 190842
    469, 191098
    470, 191607
    471, 191976
    472, 192101
    473, 196002
    474, 197120
    475, 199151
    476, 200993
    477, 201673
    478, 202526
    479, 203421
    480, 204048
    481, 204216
    482, 204583
    483, 206022
    484, 206415
    485, 206782
    486, 206951
    487, 207504
    488, 207807
    489, 207950
    490, 208213
    491, 208563
    492, 208820
    493, 209052
    494, 209297
    495, 209525
    496, 211340
    497, 212407
    498, 213326
    499, 213750
    500, 214168
    501, 214971
    502, 215279
    503, 215401
    504, 216669
    505, 217012
    506, 217124
    507, 220126
    508, 220389
    509, 220628
    510, 221223
    511, 221446
    512, 221602
    513, 222262
    514, 222524
    515, 223032
    516, 223486
    517, 223712
    518, 223905
    519, 224105
    520, 224354
    521, 224567
    522, 225781
    523, 226508
    524, 226627
    525, 226909
    526, 227950
    527, 228312
    528, 229570
    529, 230343
    530, 230877
    531, 230981
    532, 231109
    533, 231247
    534, 232943
    535, 234175
    536, 234450
    537, 234829
    538, 235319
    539, 235572
    540, 237003
    541, 237274
    542, 238201
    543, 238402
    544, 239476
    545, 239678
    546, 240538
    547, 240768
    548, 240887
    549, 241416
    550, 241703
    551, 243747
    552, 243874
    553, 245341
    554, 245596
    555, 245760
    556, 246057
    557, 246428
    558, 246808
    559, 247627
    560, 250205
    561, 250374
    562, 250532
    563, 251793
    564, 252255
    565, 252449
    566, 253104
    567, 253312
    568, 253509
    569, 254265
    570, 254529
    571, 255014
    572, 255284
    573, 255652
    574, 255763
    575, 255884
    576, 257575
    577, 258017
    578, 258107
    579, 258642
    580, 259001
    581, 260249
    582, 260415
    583, 260603
    584, 261230
    585, 261382
    586, 261519
    587, 262280
    588, 262475
    589, 264131
    590, 266935
    591, 267022
    592, 267153
    593, 267647
    594, 269216
    595, 269332
    596, 270794
    597, 271496
    598, 271997
    599, 272919
    600, 273044
    601, 273155
    602, 273281
    603, 274080
    604, 275076
    605, 275354
    606, 275467
    607, 275865
    608, 276294
    609, 277903
    610, 278043
    611, 280148
    612, 280421
    613, 280654
    614, 280948
    615, 281133
    616, 281383
    617, 282215
    618, 282388
    619, 283255
    620, 283475
    621, 284347
    622, 284614
    623, 285329
    624, 285506
    625, 286567
    626, 287128
    627, 287499
    628, 287833
    629, 287948
    630, 288071
    631, 288488
    632, 288756
    633, 288974
    634, 289725
    635, 290014
    636, 290739
    637, 291181
    638, 291762
    639, 291973
    640, 292153
    641, 293020
    642, 293407
    643, 293622
    644, 293952
    645, 294216
    646, 294553
    647, 294676
    648, 294936
    649, 295149
    650, 295415
    651, 295563
    652, 295750
    653, 296003
    654, 296183
    655, 296325
    656, 296448
    657, 296853
    658, 297001
    659, 297110
    660, 301645
    661, 303304
    662, 304714
    663, 304857
    664, 305040
    665, 305752
    666, 307429
    667, 308105
    668, 310763
    669, 313028
    670, 313144
    671, 313627
    672, 316614
    673, 317496
    674, 318733
    675, 319805
    676, 320904
    677, 321681
    678, 321907
    679, 322600
    680, 322915
    681, 323037
    682, 323249
    683, 323429
    684, 323595
    685, 323769
    686, 325436
    687, 325683
    688, 326695
    689, 326954
    690, 329295
    691, 329467
    692, 329580
    693, 329652
    694, 329726
    695, 332764
    696, 332886
    697, 336694
    698, 338536
    699, 340030
    700, 340774
    701, 348080
    702, 349377
    703, 351052
    704, 359356
    705, 363450
    706, 365899
    707, 368975
    708, 371796
    709, 372942
    710, 373130
    711, 373801
    712, 374265
    713, 374748
    714, 376642
    715, 377577
    716, 377841
    717, 378077
    718, 379217
    719, 380348
    720, 381058
    721, 381824
    722, 382567
    723, 383479
    724, 384470
    725, 385962
    726, 386893
    727, 388162
    728, 388285
    729, 388930
    730, 389305
    731, 390947
    732, 392200
    733, 392390
    734, 393919
    735, 394152
    736, 394996
    737, 395201
    738, 396043
    739, 397342
    740, 398324
    741, 398498
    742, 399333
    743, 399606
    744, 400543
    745, 400733
    746, 401553
    747, 401778
    748, 402676
    749, 403690
    750, 404617
    751, 404843
    752, 406488
    753, 406626
    754, 406945
    755, 407437
    756, 407671
    757, 407977
    758, 408503
    759, 408693
    760, 408898
    761, 409410
    762, 409787
    763, 409904
    764, 410608
    765, 410971
    766, 411111
    767, 411347
    768, 411582
    769, 411874
    770, 412533
    771, 412807
    772, 413267
    773, 413933
    774, 414054
    775, 414582
    776, 414723
    777, 415817
    778, 415949
    779, 416158
    780, 416355
    781, 416649
    782, 417395
    783, 417700
    784, 418443
    785, 418808
    786, 419901
    787, 422153
    788, 422991
    789, 424943
    790, 425812
    791, 426884
    792, 427195
    793, 429051
    794, 429328
    795, 430370
    796, 431317
    797, 435097
    798, 436007
    799, 437123
    800, 438450
    801, 438589
    802, 439067
    803, 439250
    804, 439724
    805, 439848
    806, 440104
    807, 440359
    808, 440668
    809, 440904
    810, 441121
    811, 442012
    812, 442206
    813, 444184
    814, 444802
    815, 445217
    816, 445931
    817, 446750
    818, 448015
    819, 448607
    820, 450271
    821, 451629
    822, 452635
    823, 453135
    824, 453279
    825, 455405
    826, 455636
    827, 455848
    828, 457132
    829, 458198
    830, 458359
    831, 458722
    832, 459239
    833, 459446
    834, 460262
    835, 460444
    836, 461405
    837, 462297
    838, 463369
    839, 463812
    840, 463943
    841, 464183
    842, 464385
    843, 465202
    844, 465977
    845, 466144
    846, 467107
    847, 467448
    848, 468414
    849, 468749
    850, 469270
    851, 469548
    852, 469804
    853, 470064
    854, 470692
    855, 471444
    856, 472185
    857, 472539
    858, 472816
    859, 473662
    860, 474019
    861, 476473
    862, 478338
    863, 479039
    864, 481158
    865, 482615
    866, 483883
    867, 484875
    868, 485678
    869, 485924
    870, 486974
    871, 487201
    872, 490314
    873, 492263
    874, 492547
    875, 493272
    876, 494341
    877, 494640
    878, 494870
    879, 495403
    880, 495698
    881, 495931
    882, 496491
    883, 497741
    884, 497983
    885, 498179
    886, 498427
    887, 498632
    888, 498884
    889, 499387
    890, 499702
    891, 499872
    892, 500111
    893, 500318
    894, 501584
    895, 502068
    896, 502267
    897, 503492
    898, 504550
    899, 505856
    900, 506074
    901, 506333
    902, 506547
    903, 506690
    904, 506829
    905, 507101
    906, 507486
    907, 507720
    908, 508099
    909, 509844
    910, 511259
    911, 521312
    912, 523524
    913, 524390
    914, 524643
    915, 525618
    916, 525922
    917, 526318
    918, 527110
    919, 528091
    920, 528499
    921, 529627
    922, 529860
    923, 530508
    924, 530747
    925, 531170
    926, 531407
    927, 531634
    928, 532004
    929, 532211
    930, 532436
    931, 532681
    932, 532877
    933, 533199
    934, 533496
    935, 533918
    936, 534673
    937, 534998
    938, 535196
    939, 535368
    940, 535469
    941, 535892
    942, 537010
    943, 537089
    944, 537220
    945, 537322
    946, 537445
    947, 538013
    948, 538242
    949, 538579
    950, 538809
    951, 539019
    952, 539143
    953, 540007
    954, 540413
    955, 540675
    956, 541268
    957, 546163
    958, 548081
    959, 549705
    960, 549817
    961, 558381
    962, 558506
    963, 559618
    964, 561324
    965, 562944
    966, 563579
    967, 565011
    968, 565177
    969, 565592
    970, 567055
    971, 567421
    972, 567620
    973, 568537
    974, 569066
    975, 571211
    976, 573480
    977, 577433
    978, 578102
    979, 578471
    980, 578594
    981, 578717
    982, 589815
    983, 589941
    984, 590080
    985, 596655
    986, 596789
    987, 599516
    988, 599887
    989, 601736
    990, 603671
    991, 603775
    992, 610760
    993, 610884
    994, 611014
    995, 619121
    996, 619257
    997, 620158
    998, 620293
    999, 622401
   1000, 622721
   1001, 623949
   1002, 624065
   1003, 624745
   1004, 644676
