      0,   1198
      1,   1440
      2,   1681
      3,   1912
      4,   2155
      5,   2403
      6,   2646
      7,   2882
      8,   3117
      9,   3363
     10,   3604
     11,   3849
     12,   4093
     13,   4334
     14,   4571
     15,   4816
     16,   5069
     17,   5312
     18,   5553
     19,   5793
     20,   6034
     21,   6276
     22,   6523
     23,   6762
     24,   7001
     25,   7238
     26,   7475
     27,   7713
     28,   7958
     29,   8191
     30,   8429
     31,   8664
     32,   8907
     33,   9149
     34,   9384
     35,   9621
     36,   9861
     37,  10107
     38,  10347
     39,  10584
     40,  10814
     41,  11054
     42,  11288
     43,  11529
     44,  11777
     45,  12010
     46,  12241
     47,  12485
     48,  12732
     49,  12971
     50,  13213
     51,  13451
     52,  13696
     53,  13935
     54,  14180
     55,  14429
     56,  14673
     57,  14906
     58,  15156
     59,  15404
     60,  15650
     61,  15887
     62,  16128
     63,  16361
     64,  16608
     65,  16853
     66,  17098
     67,  17336
     68,  17572
     69,  17814
     70,  18060
     71,  18303
     72,  18541
     73,  18780
     74,  19018
     75,  19261
     76,  19510
     77,  19748
     78,  19991
     79,  20228
     80,  20474
     81,  20719
     82,  20963
     83,  21202
     84,  21444
     85,  21685
     86,  21937
     87,  22186
     88,  22430
     89,  22669
     90,  22912
     91,  23160
     92,  23403
     93,  23641
     94,  23881
     95,  24120
     96,  24356
     97,  24599
     98,  24844
     99,  25080
    100,  25316
    101,  25556
    102,  25801
    103,  26038
    104,  26276
    105,  26514
    106,  26755
    107,  26994
    108,  27236
    109,  27477
    110,  27715
    111,  27955
    112,  28199
    113,  28449
    114,  28683
    115,  28923
    116,  29160
    117,  29402
    118,  29644
    119,  29885
    120,  30125
    121,  30363
    122,  30604
    123,  30849
    124,  31097
    125,  31339
    126,  31571
    127,  31814
    128,  32052
    129,  32295
    130,  32539
    131,  32778
    132,  33013
    133,  33252
    134,  33493
    135,  33734
    136,  33974
    137,  34202
    138,  34437
    139,  34679
    140,  34921
    141,  35164
    142,  35404
    143,  35638
    144,  35874
    145,  36122
    146,  36363
    147,  36604
    148,  36838
    149,  37073
    150,  37310
    151,  37549
    152,  37792
    153,  38026
    154,  38265
    155,  38496
    156,  38739
    157,  38976
    158,  39215
    159,  39447
    160,  39676
    161,  39912
    162,  40158
    163,  40398
    164,  40635
    165,  40871
    166,  41100
    167,  41344
    168,  41582
    169,  41822
    170,  42052
    171,  42281
    172,  42511
    173,  42754
    174,  42993
    175,  43226
    176,  43464
    177,  43691
    178,  43938
    179,  44180
    180,  44422
    181,  44657
    182,  44897
    183,  45135
    184,  45382
    185,  45628
    186,  45868
    187,  46109
    188,  46350
    189,  46595
    190,  46837
    191,  47077
    192,  47316
    193,  47554
    194,  47793
    195,  48032
    196,  48278
    197,  48515
    198,  48755
    199,  49000
    200,  49249
    201,  49485
    202,  49719
    203,  49961
    204,  50207
    205,  50445
    206,  50689
    207,  50927
    208,  51168
    209,  51403
    210,  51645
    211,  51889
    212,  52129
    213,  52362
    214,  52599
    215,  52840
    216,  53085
    217,  53332
    218,  53575
    219,  53816
    220,  54052
    221,  54291
    222,  54540
    223,  54780
    224,  55014
    225,  55247
    226,  55486
    227,  55725
    228,  55966
    229,  56206
    230,  56447
    231,  56684
    232,  56929
    233,  57173
    234,  57415
    235,  57655
    236,  57897
    237,  58135
    238,  58379
    239,  58621
    240,  58858
    241,  59095
    242,  59333
    243,  59573
    244,  59812
    245,  60047
    246,  60281
    247,  60517
    248,  60753
    249,  60995
    250,  61237
    251,  61472
    252,  61709
    253,  61947
    254,  62197
    255,  62437
    256,  62677
    257,  62909
    258,  63146
    259,  63381
    260,  63623
    261,  63865
    262,  64098
    263,  64332
    264,  64572
    265,  64819
    266,  65059
    267,  65297
    268,  65537
    269,  65776
    270,  66016
    271,  66257
    272,  66502
    273,  66737
    274,  66973
    275,  67208
    276,  67453
    277,  67688
    278,  67922
    279,  68153
    280,  68388
    281,  68620
    282,  68859
    283,  69101
    284,  69335
    285,  69570
    286,  69804
    287,  70051
    288,  70291
    289,  70529
    290,  70760
    291,  71000
    292,  71234
    293,  71473
    294,  71717
    295,  71952
    296,  72183
    297,  72417
    298,  72658
    299,  72894
    300,  73132
    301,  73367
    302,  73604
    303,  73839
    304,  74078
    305,  74321
    306,  74556
    307,  74793
    308,  75032
    309,  75280
    310,  75512
    311,  75753
    312,  75992
    313,  76233
    314,  76475
    315,  76719
    316,  76965
    317,  77202
    318,  77445
    319,  77688
    320,  77939
    321,  78182
    322,  78421
    323,  78656
    324,  78904
    325,  79146
    326,  79389
    327,  79634
    328,  79877
    329,  80108
    330,  80352
    331,  80606
    332,  80849
    333,  81087
    334,  81330
    335,  81574
    336,  81822
    337,  82065
    338,  82310
    339,  82552
    340,  82793
    341,  83047
    342,  83291
    343,  83535
    344,  83773
    345,  84009
    346,  84247
    347,  84488
    348,  84736
    349,  84975
    350,  85212
    351,  85455
    352,  85703
    353,  85944
    354,  86183
    355,  86423
    356,  86667
    357,  86904
    358,  87148
    359,  87390
    360,  87636
    361,  87870
    362,  88111
    363,  88354
    364,  88594
    365,  88827
    366,  88982
    367,  89084
    368,  89301
    369,  89542
    370,  89781
    371,  90020
    372,  90256
    373,  90487
    374,  90727
    375,  90970
    376,  91206
    377,  91435
    378,  91668
    379,  91908
    380,  92149
    381,  92389
    382,  92626
    383,  92861
    384,  93098
    385,  93342
    386,  93585
    387,  93821
    388,  94051
    389,  94284
    390,  94520
    391,  94757
    392,  94995
    393,  95225
    394,  95461
    395,  95692
    396,  95937
    397,  96176
    398,  96414
    399,  96646
    400,  96880
    401,  97115
    402,  97351
    403,  97589
    404,  97823
    405,  98054
    406,  98281
    407,  98513
    408,  98752
    409,  98982
    410,  99209
    411,  99436
    412,  99670
    413,  99895
    414, 100129
    415, 100360
    416, 100589
    417, 100812
    418, 101042
    419, 101277
    420, 101504
    421, 101729
    422, 101952
    423, 102173
    424, 102394
    425, 102618
    426, 102841
    427, 103061
    428, 103279
    429, 103496
    430, 103721
    431, 103948
    432, 104167
    433, 104384
    434, 104607
    435, 104833
    436, 105055
    437, 105282
    438, 105514
    439, 105739
    440, 105966
    441, 106191
    442, 106425
    443, 106656
    444, 106885
    445, 107007
    446, 107334
    447, 107516
    448, 107626
    449, 107740
    450, 107849
    451, 107972
    452, 108100
    453, 108219
    454, 108333
    455, 108460
    456, 108689
    457, 108923
    458, 109252
    459, 109378
    460, 109485
    461, 109595
    462, 109701
    463, 109797
    464, 109902
    465, 110013
    466, 110119
    467, 110309
    468, 110529
    469, 110761
    470, 110984
    471, 111208
    472, 111435
    473, 111671
    474, 111900
    475, 112130
    476, 112358
    477, 112591
    478, 112820
    479, 113057
    480, 113295
    481, 113528
    482, 113759
    483, 113866
    484, 114225
    485, 114461
    486, 114693
    487, 114919
    488, 115149
    489, 115379
    490, 115611
    491, 115845
    492, 116075
    493, 116304
    494, 116529
    495, 116762
    496, 117001
    497, 117232
    498, 117461
    499, 117693
    500, 117931
    501, 118164
    502, 118401
    503, 118636
    504, 118869
    505, 119098
    506, 119336
    507, 119574
    508, 119806
    509, 120033
    510, 120264
    511, 120499
    512, 120731
    513, 120968
    514, 121206
    515, 121439
    516, 121671
    517, 121913
    518, 122160
    519, 122396
    520, 122628
    521, 122864
    522, 123103
    523, 123340
    524, 123578
    525, 123815
    526, 124052
    527, 124283
    528, 124521
    529, 124764
    530, 125001
    531, 125235
    532, 125473
    533, 125712
    534, 125953
    535, 126198
    536, 126443
    537, 126686
    538, 126923
    539, 127168
    540, 127416
    541, 127659
    542, 127900
    543, 128140
    544, 128380
    545, 128626
    546, 128876
    547, 129117
    548, 129358
    549, 129606
    550, 129858
    551, 130102
    552, 130343
    553, 130583
    554, 130744
    555, 131068
    556, 131311
    557, 131550
    558, 131786
    559, 132017
    560, 132252
    561, 132493
    562, 132726
    563, 132959
    564, 133193
    565, 133430
    566, 133664
    567, 133907
    568, 134152
    569, 134387
    570, 134621
    571, 134862
    572, 135111
    573, 135348
    574, 135583
    575, 135816
    576, 136054
    577, 136287
    578, 136525
    579, 136763
    580, 136994
    581, 137224
    582, 137459
    583, 137701
    584, 137933
    585, 138165
    586, 138398
    587, 138633
    588, 138862
    589, 139101
    590, 139340
    591, 139575
    592, 139805
    593, 140040
    594, 140282
    595, 140514
    596, 140748
    597, 140982
    598, 141215
    599, 141447
    600, 141685
    601, 141927
    602, 142159
    603, 142392
    604, 142626
    605, 142869
    606, 143103
    607, 143340
    608, 143573
    609, 143808
    610, 144041
    611, 144281
    612, 144524
    613, 144755
    614, 144988
    615, 145224
    616, 145467
    617, 145703
    618, 145936
    619, 146167
    620, 146401
    621, 146634
    622, 146873
    623, 147111
    624, 147343
    625, 147576
    626, 147810
    627, 148053
    628, 148286
    629, 148520
    630, 148751
    631, 148988
    632, 149216
    633, 149451
    634, 149689
    635, 149918
    636, 150151
    637, 150382
    638, 150618
    639, 150851
    640, 151086
    641, 151313
    642, 151546
    643, 151776
    644, 152012
    645, 152247
    646, 152481
    647, 152713
    648, 152942
    649, 153176
    650, 153414
    651, 153648
    652, 153876
    653, 154105
    654, 154336
    655, 154567
    656, 154801
    657, 155034
    658, 155266
    659, 155973
    660, 157129
    661, 157366
    662, 157599
    663, 157832
    664, 158059
    665, 158296
    666, 158534
    667, 158765
    668, 158990
    669, 159220
    670, 159452
    671, 159682
    672, 159914
    673, 160148
    674, 160375
    675, 160602
    676, 160834
    677, 161074
    678, 161302
    679, 161533
    680, 161763
    681, 161995
    682, 162223
    683, 162458
    684, 162697
    685, 162922
    686, 163151
    687, 163380
    688, 163617
    689, 163847
    690, 164080
    691, 164306
    692, 164534
    693, 164761
    694, 164995
    695, 165231
    696, 165462
    697, 165693
    698, 165924
    699, 166161
    700, 166396
    701, 166631
    702, 166860
    703, 167091
    704, 167322
    705, 167556
    706, 167793
    707, 168022
    708, 168254
    709, 168480
    710, 168716
    711, 168951
    712, 169184
    713, 169413
    714, 169643
    715, 169878
    716, 170112
    717, 170349
    718, 170582
    719, 170814
    720, 171041
    721, 171277
    722, 171515
    723, 171748
    724, 171972
    725, 172202
    726, 172433
    727, 172663
    728, 172897
    729, 173132
    730, 173360
    731, 173589
    732, 173825
    733, 174067
    734, 174300
    735, 174533
    736, 174764
    737, 174998
    738, 175230
    739, 175466
    740, 175704
    741, 175932
    742, 176162
    743, 176393
    744, 176630
    745, 176861
    746, 177095
    747, 177326
    748, 177557
    749, 177786
    750, 178024
    751, 178263
    752, 178496
    753, 178728
    754, 178959
    755, 179196
    756, 179430
    757, 179664
    758, 179892
    759, 180117
    760, 180345
    761, 180576
    762, 180809
    763, 181037
    764, 181268
    765, 181493
    766, 181727
    767, 181964
    768, 182193
    769, 182419
    770, 182648
    771, 182882
    772, 183113
    773, 183345
    774, 183577
    775, 183807
    776, 184033
    777, 184267
    778, 184504
    779, 184731
    780, 184959
    781, 185190
    782, 185423
    783, 185655
    784, 185891
    785, 186131
    786, 186360
    787, 186591
    788, 186825
    789, 187065
    790, 187297
    791, 187530
    792, 187758
    793, 187987
    794, 188214
    795, 188447
    796, 188678
    797, 188902
    798, 189126
    799, 189348
    800, 189578
    801, 189807
    802, 190035
    803, 190254
    804, 190476
    805, 190701
    806, 190928
    807, 191155
    808, 191384
    809, 191606
    810, 191826
    811, 192053
    812, 192284
    813, 192507
    814, 192732
    815, 192956
    816, 193180
    817, 193405
    818, 193637
    819, 193872
    820, 194098
    821, 194328
    822, 194559
    823, 194798
    824, 195030
    825, 195264
    826, 195495
    827, 195727
    828, 195957
    829, 196193
    830, 196427
    831, 196655
    832, 196886
    833, 197117
    834, 197354
    835, 197589
    836, 197822
    837, 198052
    838, 198284
    839, 198520
    840, 198759
    841, 198999
    842, 199232
    843, 199469
    844, 199705
    845, 199946
    846, 200185
    847, 200426
    848, 200658
    849, 200891
    850, 201045
    851, 201361
    852, 201602
    853, 201831
    854, 202064
    855, 202293
    856, 202529
    857, 202765
    858, 203003
    859, 203233
    860, 203465
    861, 203698
    862, 203939
    863, 204180
    864, 204417
    865, 204651
    866, 204885
    867, 205123
    868, 205363
    869, 205599
    870, 205831
    871, 206061
    872, 206295
    873, 206530
    874, 206768
    875, 206998
    876, 207231
    877, 207461
    878, 207698
    879, 207936
    880, 208174
    881, 208403
    882, 208635
    883, 208872
    884, 209110
    885, 209350
    886, 209585
    887, 209820
    888, 210055
    889, 210297
    890, 210540
    891, 210777
    892, 211006
    893, 211238
    894, 211474
    895, 211714
    896, 211953
    897, 212185
    898, 212421
    899, 212654
    900, 212895
    901, 213137
    902, 213375
    903, 213604
    904, 213837
    905, 214075
    906, 214313
    907, 214551
    908, 214783
    909, 215018
    910, 215248
    911, 215486
    912, 215724
    913, 215961
    914, 216188
    915, 216420
    916, 216654
    917, 216889
    918, 217125
    919, 217361
    920, 217596
    921, 217827
    922, 218061
    923, 218303
    924, 218536
    925, 218766
    926, 218997
    927, 219233
    928, 219464
    929, 219700
    930, 219936
    931, 220174
    932, 220405
    933, 220641
    934, 220880
    935, 221115
    936, 221349
    937, 221586
    938, 221827
    939, 222062
    940, 222299
    941, 222539
    942, 222776
    943, 223009
    944, 223246
    945, 223488
    946, 223722
    947, 223953
    948, 224185
    949, 224421
    950, 224653
    951, 224888
    952, 225124
    953, 225357
    954, 225588
    955, 225821
    956, 226064
    957, 226298
    958, 226528
    959, 226755
    960, 226988
    961, 227216
    962, 227450
    963, 227683
    964, 227911
    965, 228136
    966, 228367
    967, 228603
    968, 228834
    969, 229062
    970, 229289
    971, 229519
    972, 229747
    973, 229982
    974, 230219
    975, 230448
    976, 230607
    977, 230907
    978, 231146
    979, 231376
    980, 231609
    981, 231839
    982, 232066
    983, 232295
    984, 232528
    985, 232768
    986, 232997
    987, 233230
    988, 233461
    989, 233702
    990, 233938
    991, 234175
    992, 234408
    993, 234642
    994, 234877
    995, 234997
    996, 235356
    997, 235593
    998, 235827
    999, 236062
   1000, 236299
   1001, 236533
   1002, 236766
   1003, 236999
   1004, 237234
   1005, 237470
   1006, 237710
   1007, 237953
   1008, 238192
   1009, 238434
   1010, 238677
   1011, 238927
   1012, 239168
   1013, 239412
   1014, 239651
   1015, 239895
   1016, 240131
   1017, 240374
   1018, 240615
   1019, 240852
   1020, 241086
   1021, 241324
   1022, 241568
   1023, 241806
   1024, 242043
   1025, 242281
   1026, 242523
   1027, 242761
   1028, 243002
   1029, 243245
   1030, 243484
   1031, 243720
   1032, 243959
   1033, 244205
   1034, 244443
   1035, 244678
   1036, 244913
   1037, 245154
   1038, 245389
   1039, 245629
   1040, 245868
   1041, 246107
   1042, 246340
   1043, 246582
   1044, 246827
   1045, 247067
   1046, 247302
   1047, 247540
   1048, 247781
   1049, 248021
   1050, 248263
   1051, 248503
   1052, 248742
   1053, 248977
   1054, 249219
   1055, 249462
   1056, 249702
   1057, 249938
   1058, 250173
   1059, 250413
   1060, 250656
   1061, 250901
   1062, 251138
   1063, 251378
   1064, 251614
   1065, 251857
   1066, 252100
   1067, 252343
   1068, 252577
   1069, 252811
   1070, 253049
   1071, 253293
   1072, 253539
   1073, 253778
   1074, 254016
   1075, 254254
   1076, 254499
   1077, 254743
   1078, 254984
   1079, 255219
   1080, 255456
   1081, 255692
   1082, 255936
   1083, 256181
   1084, 256418
   1085, 256654
   1086, 256891
   1087, 257138
   1088, 257377
   1089, 257616
   1090, 257850
   1091, 258088
   1092, 258322
   1093, 258564
   1094, 258808
   1095, 259044
   1096, 259278
   1097, 259518
   1098, 259767
   1099, 260007
   1100, 260249
   1101, 260488
   1102, 260733
   1103, 260971
   1104, 261214
   1105, 261458
   1106, 261697
   1107, 261930
   1108, 262172
   1109, 262420
   1110, 262661
   1111, 262897
   1112, 263133
   1113, 263376
   1114, 263621
   1115, 263866
   1116, 264104
   1117, 264342
   1118, 264580
   1119, 264826
   1120, 265070
   1121, 265309
   1122, 265542
   1123, 265776
   1124, 266012
   1125, 266254
   1126, 266494
   1127, 266730
   1128, 266966
   1129, 267203
   1130, 267447
   1131, 267690
   1132, 267931
   1133, 268170
   1134, 268408
   1135, 268644
   1136, 268888
   1137, 269134
   1138, 269371
   1139, 269605
   1140, 269841
   1141, 270088
   1142, 270325
   1143, 270562
   1144, 270797
   1145, 271033
   1146, 271266
   1147, 271507
   1148, 271748
   1149, 271984
   1150, 272216
   1151, 272454
   1152, 272699
   1153, 272934
   1154, 273166
   1155, 273400
   1156, 273641
   1157, 273876
   1158, 274117
   1159, 274354
   1160, 274591
   1161, 274822
   1162, 275061
   1163, 275302
   1164, 275534
   1165, 275761
   1166, 275994
   1167, 276230
   1168, 276464
   1169, 276700
   1170, 276937
   1171, 277167
   1172, 277396
   1173, 277629
   1174, 277870
   1175, 278101
   1176, 278332
   1177, 278560
   1178, 278795
   1179, 279022
   1180, 279257
   1181, 279491
   1182, 279720
   1183, 279947
   1184, 280174
   1185, 280410
   1186, 280642
   1187, 280875
   1188, 281098
   1189, 281326
   1190, 281553
   1191, 281787
   1192, 282020
   1193, 282249
   1194, 282478
   1195, 282707
   1196, 282941
   1197, 283177
   1198, 283409
   1199, 283633
   1200, 283859
   1201, 284090
   1202, 284321
   1203, 284552
   1204, 284781
   1205, 285011
   1206, 285236
   1207, 285469
   1208, 285707
   1209, 285937
   1210, 286164
   1211, 286394
   1212, 286629
   1213, 286860
   1214, 287092
   1215, 287326
   1216, 287553
   1217, 287781
   1218, 288009
   1219, 288243
   1220, 288468
   1221, 288694
   1222, 288922
   1223, 289145
   1224, 289370
   1225, 289596
   1226, 289829
   1227, 290057
   1228, 290285
   1229, 290510
   1230, 290741
   1231, 290977
   1232, 291209
   1233, 291432
   1234, 291661
   1235, 291894
   1236, 292125
   1237, 292355
   1238, 292587
   1239, 292819
   1240, 293043
   1241, 293275
   1242, 293509
   1243, 293741
   1244, 293968
   1245, 294202
   1246, 294440
   1247, 294673
   1248, 294911
   1249, 295151
   1250, 295387
   1251, 295619
   1252, 295855
   1253, 296043
   1254, 296331
   1255, 296573
   1256, 296801
   1257, 297034
   1258, 297272
   1259, 297507
   1260, 297745
   1261, 297976
   1262, 298214
   1263, 298450
   1264, 298695
   1265, 298931
   1266, 299171
   1267, 299409
   1268, 299652
   1269, 299891
   1270, 300127
   1271, 300373
   1272, 300611
   1273, 300844
   1274, 301080
   1275, 301327
   1276, 301568
   1277, 301796
   1278, 302027
   1279, 302263
   1280, 302508
   1281, 302746
   1282, 302983
   1283, 303216
   1284, 303454
   1285, 303702
   1286, 303946
   1287, 304186
   1288, 304413
   1289, 304653
   1290, 304893
   1291, 305137
   1292, 305376
   1293, 305606
   1294, 305848
   1295, 306083
   1296, 306325
   1297, 306563
   1298, 306807
   1299, 307041
   1300, 307277
   1301, 307512
   1302, 307758
   1303, 308005
   1304, 308243
   1305, 308479
   1306, 308721
   1307, 308969
   1308, 309205
   1309, 309445
   1310, 309683
   1311, 309923
   1312, 310158
   1313, 310397
   1314, 310644
   1315, 310883
   1316, 311118
   1317, 311358
   1318, 311608
   1319, 311850
   1320, 312085
   1321, 312320
   1322, 312567
   1323, 312813
   1324, 313054
   1325, 313293
   1326, 313530
   1327, 313771
   1328, 314012
   1329, 314256
   1330, 314494
   1331, 314732
   1332, 314971
   1333, 315212
   1334, 315456
   1335, 315698
   1336, 315939
   1337, 316180
   1338, 316420
   1339, 316666
   1340, 316911
   1341, 317162
   1342, 317402
   1343, 317643
   1344, 317883
   1345, 318137
   1346, 318389
   1347, 318634
   1348, 318873
   1349, 319122
   1350, 319378
   1351, 319626
   1352, 319865
   1353, 320107
   1354, 320356
   1355, 320604
   1356, 320853
   1357, 321099
   1358, 321347
   1359, 321591
   1360, 321843
   1361, 322093
   1362, 322341
   1363, 322588
   1364, 322833
   1365, 323075
   1366, 323321
   1367, 323575
   1368, 323816
   1369, 324060
   1370, 324297
   1371, 324552
   1372, 324799
   1373, 325047
   1374, 325288
   1375, 325533
   1376, 325777
   1377, 326021
   1378, 326267
   1379, 326508
   1380, 326752
   1381, 327000
   1382, 327253
   1383, 327498
   1384, 327734
   1385, 327970
   1386, 328210
   1387, 328457
   1388, 328699
   1389, 328941
   1390, 329186
   1391, 329421
   1392, 329667
   1393, 329911
   1394, 330151
   1395, 330386
   1396, 330624
   1397, 330864
   1398, 331106
   1399, 331346
   1400, 331577
   1401, 331817
   1402, 332048
   1403, 332288
   1404, 332524
   1405, 332763
   1406, 332995
   1407, 333225
   1408, 333362
   1409, 333697
   1410, 333868
   1411, 333978
   1412, 334161
   1413, 334405
   1414, 334640
   1415, 334882
   1416, 335119
   1417, 335365
   1418, 335598
   1419, 335832
   1420, 336068
   1421, 336311
   1422, 336554
   1423, 336791
   1424, 337031
   1425, 337269
   1426, 337516
   1427, 337756
   1428, 337999
   1429, 338240
   1430, 338490
   1431, 338731
   1432, 338974
   1433, 339217
   1434, 339461
   1435, 339701
   1436, 339949
   1437, 340197
   1438, 340436
   1439, 340664
   1440, 340906
   1441, 341150
   1442, 341392
   1443, 341632
   1444, 341866
   1445, 342110
   1446, 342346
   1447, 342592
   1448, 342840
   1449, 343087
   1450, 343324
   1451, 343561
   1452, 343794
   1453, 344043
   1454, 344288
   1455, 344524
   1456, 344757
   1457, 344989
   1458, 345237
   1459, 345475
   1460, 345713
   1461, 345945
   1462, 346178
   1463, 346419
   1464, 346665
   1465, 346911
   1466, 347147
   1467, 347386
   1468, 347624
   1469, 347866
   1470, 348110
   1471, 348353
   1472, 348826
   1473, 349061
   1474, 349306
   1475, 349548
   1476, 349783
   1477, 350015
   1478, 350252
   1479, 350501
   1480, 350743
   1481, 350978
   1482, 351216
   1483, 351458
   1484, 351696
   1485, 351938
   1486, 352181
   1487, 352418
   1488, 352649
   1489, 352886
   1490, 353130
   1491, 353369
   1492, 353601
   1493, 353832
   1494, 354070
   1495, 354304
   1496, 354543
   1497, 354783
   1498, 355017
   1499, 355248
   1500, 355486
   1501, 355737
   1502, 355974
   1503, 356209
   1504, 356442
   1505, 356688
   1506, 356922
   1507, 357160
   1508, 357394
   1509, 357631
   1510, 357857
   1511, 358100
   1512, 358342
   1513, 358577
   1514, 358806
   1515, 359039
   1516, 359280
   1517, 359515
   1518, 359752
   1519, 359991
   1520, 360229
   1521, 360458
   1522, 360691
   1523, 360933
   1524, 361165
   1525, 361402
   1526, 361636
   1527, 361872
   1528, 362103
   1529, 362343
   1530, 362588
   1531, 362828
   1532, 363058
   1533, 363299
   1534, 363552
   1535, 363795
   1536, 364030
   1537, 364269
   1538, 364513
   1539, 364761
   1540, 365006
   1541, 365248
   1542, 365490
   1543, 365734
   1544, 365983
   1545, 366231
   1546, 366472
   1547, 366716
   1548, 366962
   1549, 367208
   1550, 367454
   1551, 367706
   1552, 367953
   1553, 368198
   1554, 368445
   1555, 368702
   1556, 368947
   1557, 369193
   1558, 369438
   1559, 369687
   1560, 369930
   1561, 370181
   1562, 370427
   1563, 370675
   1564, 370913
   1565, 371162
   1566, 371419
   1567, 371669
   1568, 371912
   1569, 372160
   1570, 372409
   1571, 372664
   1572, 372921
   1573, 373167
   1574, 373410
   1575, 373666
   1576, 373925
   1577, 374172
   1578, 374414
   1579, 374662
   1580, 374910
   1581, 375157
   1582, 375406
   1583, 375652
   1584, 375895
   1585, 376136
   1586, 376387
   1587, 376635
   1588, 376883
   1589, 377125
   1590, 377370
   1591, 377614
   1592, 377861
   1593, 378110
   1594, 378353
   1595, 378589
   1596, 378838
   1597, 379090
   1598, 379333
   1599, 379571
   1600, 379816
   1601, 380063
   1602, 380311
   1603, 380563
   1604, 380805
   1605, 381055
   1606, 381302
   1607, 381558
   1608, 381808
   1609, 382058
   1610, 382304
   1611, 382554
   1612, 382802
   1613, 383056
   1614, 383310
   1615, 383562
   1616, 383804
   1617, 384060
   1618, 384316
   1619, 384570
   1620, 384816
   1621, 385063
   1622, 385311
   1623, 385565
   1624, 385823
   1625, 386073
   1626, 386315
   1627, 386566
   1628, 386824
   1629, 387075
   1630, 387323
   1631, 387569
   1632, 387821
   1633, 388072
   1634, 388329
   1635, 388581
   1636, 388831
   1637, 389078
   1638, 389340
   1639, 389594
   1640, 389850
   1641, 390098
   1642, 390353
   1643, 390606
   1644, 390863
   1645, 391119
   1646, 391370
   1647, 391617
   1648, 391876
   1649, 392134
   1650, 392386
   1651, 392633
   1652, 392882
   1653, 393134
   1654, 393387
   1655, 393643
   1656, 393892
   1657, 394138
   1658, 394393
   1659, 394653
   1660, 394902
   1661, 395145
   1662, 395395
   1663, 395646
   1664, 395900
   1665, 396152
   1666, 396400
   1667, 396648
   1668, 396896
   1669, 397153
   1670, 397403
   1671, 397653
   1672, 397901
   1673, 398152
   1674, 398399
   1675, 398652
   1676, 398909
   1677, 399161
   1678, 399408
   1679, 399662
   1680, 399920
   1681, 400173
   1682, 400422
   1683, 400669
   1684, 400918
   1685, 401171
   1686, 401430
   1687, 401682
   1688, 401927
   1689, 402182
   1690, 402441
   1691, 402694
   1692, 402941
   1693, 403194
   1694, 403447
   1695, 403705
   1696, 403963
   1697, 404214
   1698, 404463
   1699, 404717
   1700, 404979
   1701, 405233
   1702, 405480
   1703, 405730
   1704, 405983
   1705, 406238
   1706, 406495
   1707, 406748
   1708, 407000
   1709, 407248
   1710, 407515
   1711, 407776
   1712, 408035
   1713, 408284
   1714, 408540
   1715, 408793
   1716, 409053
   1717, 409307
   1718, 409558
   1719, 409807
   1720, 410069
   1721, 410328
   1722, 410584
   1723, 410837
   1724, 411092
   1725, 411348
   1726, 411609
   1727, 411869
   1728, 412125
   1729, 412376
   1730, 412635
   1731, 412895
   1732, 413148
   1733, 413399
   1734, 413649
   1735, 413896
   1736, 414149
   1737, 414404
   1738, 414656
   1739, 414905
   1740, 415160
   1741, 415418
   1742, 415674
   1743, 415921
   1744, 416175
   1745, 416425
   1746, 416681
   1747, 416943
   1748, 417194
   1749, 417443
   1750, 417701
   1751, 417960
   1752, 418214
   1753, 418456
   1754, 418707
   1755, 418959
   1756, 419215
   1757, 419476
   1758, 419729
   1759, 419982
   1760, 420238
   1761, 420507
   1762, 420762
   1763, 421015
   1764, 421267
   1765, 421526
   1766, 421781
   1767, 422043
   1768, 422295
   1769, 422546
   1770, 422797
   1771, 423060
   1772, 423315
   1773, 423569
   1774, 423822
   1775, 424077
   1776, 424335
   1777, 424597
   1778, 424858
   1779, 425116
   1780, 425367
   1781, 425630
   1782, 425887
   1783, 426141
   1784, 426393
   1785, 426645
   1786, 426896
   1787, 427155
   1788, 427411
   1789, 427664
   1790, 427915
   1791, 428176
   1792, 428433
   1793, 428691
   1794, 428943
   1795, 429201
   1796, 429452
   1797, 429712
   1798, 429969
   1799, 430224
   1800, 430473
   1801, 430732
   1802, 430992
   1803, 431246
   1804, 431498
   1805, 431750
   1806, 432005
   1807, 432137
   1808, 432517
   1809, 432700
   1810, 433006
   1811, 433267
   1812, 433533
   1813, 433789
   1814, 434037
   1815, 434288
   1816, 434540
   1817, 434798
   1818, 435056
   1819, 435308
   1820, 435559
   1821, 435814
   1822, 436079
   1823, 436336
   1824, 436589
   1825, 436845
   1826, 437104
   1827, 437365
   1828, 437627
   1829, 437886
   1830, 438143
   1831, 438399
   1832, 438663
   1833, 438922
   1834, 439174
   1835, 439428
   1836, 439687
   1837, 439939
   1838, 440199
   1839, 440452
   1840, 440707
   1841, 440962
   1842, 441225
   1843, 441481
   1844, 441736
   1845, 441992
   1846, 442252
   1847, 442509
   1848, 442767
   1849, 443025
   1850, 443281
   1851, 443536
   1852, 443803
   1853, 444061
   1854, 444316
   1855, 444570
   1856, 444831
   1857, 445090
   1858, 445352
   1859, 445607
   1860, 445859
   1861, 446114
   1862, 446382
   1863, 446638
   1864, 446891
   1865, 447145
   1866, 447405
   1867, 447663
   1868, 447928
   1869, 448184
   1870, 448441
   1871, 448696
   1872, 448965
   1873, 449222
   1874, 449478
   1875, 449734
   1876, 449990
   1877, 450247
   1878, 450513
   1879, 450778
   1880, 451040
   1881, 451303
   1882, 451572
   1883, 451835
   1884, 452096
   1885, 452356
   1886, 452619
   1887, 452883
   1888, 453149
   1889, 453409
   1890, 453669
   1891, 453933
   1892, 454204
   1893, 454466
   1894, 454722
   1895, 454983
   1896, 455248
   1897, 455514
   1898, 455782
   1899, 456044
   1900, 456300
   1901, 456566
   1902, 456832
   1903, 457093
   1904, 457346
   1905, 457605
   1906, 457864
   1907, 458124
   1908, 458390
   1909, 458645
   1910, 458902
   1911, 459164
   1912, 459436
   1913, 459699
   1914, 459963
   1915, 460226
   1916, 460488
   1917, 460756
   1918, 461024
   1919, 461289
   1920, 461545
   1921, 461814
   1922, 462082
   1923, 462349
   1924, 462609
   1925, 462875
   1926, 463137
   1927, 463406
   1928, 463672
   1929, 463938
   1930, 464200
   1931, 464470
   1932, 464733
   1933, 464991
   1934, 465252
   1935, 465514
   1936, 465771
   1937, 466034
   1938, 466290
   1939, 466550
   1940, 466809
   1941, 467076
   1942, 467336
   1943, 467596
   1944, 467858
   1945, 468126
   1946, 468389
   1947, 468657
   1948, 468918
   1949, 469181
   1950, 469442
   1951, 469709
   1952, 469968
   1953, 470222
   1954, 470481
   1955, 470741
   1956, 471003
   1957, 471266
   1958, 471525
   1959, 471782
   1960, 472042
   1961, 472312
   1962, 472570
   1963, 472825
   1964, 473078
   1965, 473339
   1966, 473600
   1967, 473861
   1968, 474118
   1969, 474371
   1970, 474626
   1971, 474892
   1972, 475145
   1973, 475401
   1974, 475655
   1975, 475916
   1976, 476176
   1977, 476435
   1978, 476694
   1979, 476948
   1980, 477205
   1981, 477467
   1982, 477726
   1983, 477979
   1984, 478235
   1985, 478492
   1986, 478746
   1987, 478864
   1988, 479252
   1989, 479508
   1990, 479763
   1991, 480026
   1992, 480282
   1993, 480539
   1994, 480792
   1995, 481055
   1996, 481310
   1997, 481572
   1998, 481827
   1999, 482085
   2000, 482338
   2001, 482606
   2002, 482862
   2003, 483119
   2004, 483371
   2005, 483508
   2006, 483880
   2007, 484141
   2008, 484399
   2009, 484651
   2010, 484907
   2011, 485169
   2012, 485428
   2013, 485681
   2014, 485934
   2015, 486190
   2016, 486443
   2017, 486702
   2018, 486958
   2019, 487213
   2020, 487464
   2021, 487727
   2022, 487986
   2023, 488247
   2024, 488502
   2025, 488764
   2026, 489022
   2027, 489290
   2028, 489553
   2029, 489817
   2030, 490075
   2031, 490343
   2032, 490608
   2033, 490866
   2034, 491124
   2035, 491384
   2036, 491645
   2037, 491906
   2038, 492166
   2039, 492285
   2040, 492676
   2041, 492944
   2042, 493204
   2043, 493457
   2044, 493713
   2045, 493973
   2046, 494233
   2047, 494496
   2048, 494754
   2049, 495012
   2050, 495268
   2051, 495536
   2052, 495795
   2053, 496049
   2054, 496308
   2055, 496567
   2056, 496828
   2057, 497091
   2058, 497351
   2059, 497608
   2060, 497864
   2061, 498132
   2062, 498395
   2063, 498652
   2064, 498908
   2065, 499167
   2066, 499427
   2067, 499691
   2068, 499948
   2069, 500203
   2070, 500457
   2071, 500725
   2072, 500981
   2073, 501241
   2074, 501494
   2075, 501756
   2076, 502015
   2077, 502277
   2078, 502537
   2079, 502794
   2080, 503052
   2081, 503320
   2082, 503580
   2083, 503838
   2084, 504101
   2085, 504366
   2086, 504631
   2087, 504900
   2088, 505165
   2089, 505432
   2090, 505702
   2091, 505975
   2092, 506242
   2093, 506506
   2094, 506774
   2095, 507042
   2096, 507311
   2097, 507586
   2098, 507855
   2099, 508118
   2100, 508389
   2101, 508660
   2102, 508926
   2103, 509185
   2104, 509452
   2105, 509715
   2106, 509982
   2107, 510250
   2108, 510515
   2109, 510775
   2110, 511046
   2111, 511313
   2112, 511573
   2113, 511835
   2114, 512098
   2115, 512357
   2116, 512621
   2117, 512881
   2118, 513140
   2119, 513394
   2120, 513659
   2121, 513917
   2122, 514175
   2123, 514429
   2124, 514594
   2125, 514944
   2126, 515076
   2127, 515468
   2128, 515728
   2129, 515983
   2130, 516247
   2131, 516504
   2132, 516760
   2133, 517011
   2134, 517268
   2135, 517522
   2136, 517782
   2137, 518041
   2138, 518300
   2139, 518558
   2140, 518827
   2141, 519090
   2142, 519352
   2143, 519616
   2144, 519882
   2145, 520147
   2146, 520418
   2147, 520680
   2148, 520942
   2149, 521203
   2150, 521475
   2151, 521737
   2152, 521992
   2153, 522251
   2154, 522510
   2155, 522775
   2156, 523042
   2157, 523304
   2158, 523561
   2159, 523828
   2160, 524101
   2161, 524228
   2162, 524634
   2163, 524897
   2164, 525163
   2165, 525428
   2166, 525702
   2167, 525831
   2168, 526169
   2169, 526376
   2170, 526497
   2171, 526607
   2172, 526705
   2173, 526803
   2174, 526907
   2175, 527022
   2176, 527123
   2177, 527231
   2178, 527328
   2179, 527516
   2180, 527755
   2181, 527989
   2182, 528245
   2183, 528484
   2184, 528732
   2185, 528962
   2186, 529237
   2187, 529522
   2188, 529780
   2189, 530061
   2190, 530321
   2191, 530505
   2192, 530606
   2193, 530908
   2194, 531099
   2195, 531404
   2196, 531627
   2197, 531818
   2198, 531929
   2199, 532196
   2200, 532455
   2201, 532717
   2202, 532983
   2203, 533250
   2204, 533517
   2205, 533783
   2206, 534045
   2207, 534164
   2208, 534581
   2209, 534844
   2210, 535101
   2211, 535367
   2212, 535628
   2213, 535894
   2214, 536153
   2215, 536412
   2216, 536672
   2217, 536944
   2218, 537208
   2219, 537463
   2220, 537724
   2221, 537985
   2222, 538248
   2223, 538509
   2224, 538766
   2225, 539021
   2226, 539278
   2227, 539546
   2228, 539804
   2229, 540060
   2230, 540319
   2231, 540583
   2232, 540848
   2233, 541118
   2234, 541379
   2235, 541644
   2236, 541911
   2237, 542186
   2238, 542452
   2239, 542708
   2240, 542970
   2241, 543232
   2242, 543496
   2243, 543763
   2244, 544023
   2245, 544279
   2246, 544546
   2247, 544816
   2248, 545081
   2249, 545335
   2250, 545596
   2251, 545862
   2252, 546127
   2253, 546397
   2254, 546656
   2255, 546914
   2256, 547180
   2257, 547447
   2258, 547711
   2259, 547967
   2260, 548232
   2261, 548494
   2262, 548765
   2263, 549034
   2264, 549303
   2265, 549563
   2266, 549837
   2267, 550112
   2268, 550378
   2269, 550647
   2270, 550915
   2271, 551183
   2272, 551457
   2273, 551725
   2274, 551992
   2275, 552259
   2276, 552536
   2277, 552808
   2278, 553072
   2279, 553341
   2280, 553607
   2281, 553875
   2282, 554154
   2283, 554420
   2284, 554684
   2285, 554954
   2286, 555221
   2287, 555485
   2288, 555743
   2289, 556005
   2290, 556262
   2291, 556525
   2292, 556785
   2293, 557045
   2294, 557305
   2295, 557572
   2296, 557837
   2297, 558100
   2298, 558365
   2299, 558635
   2300, 558902
   2301, 559172
   2302, 559438
   2303, 559705
   2304, 559967
   2305, 560242
   2306, 560505
   2307, 560764
   2308, 561022
   2309, 561286
   2310, 561549
   2311, 561818
   2312, 562077
   2313, 562335
   2314, 562600
   2315, 562870
   2316, 563136
   2317, 563392
   2318, 563654
   2319, 563916
   2320, 564184
   2321, 564451
   2322, 564715
   2323, 564972
   2324, 565241
   2325, 565507
   2326, 565772
   2327, 566032
   2328, 566297
   2329, 566563
   2330, 566832
   2331, 567101
   2332, 567368
   2333, 567632
   2334, 567906
   2335, 568175
   2336, 568443
   2337, 568708
   2338, 568979
   2339, 569242
   2340, 569512
   2341, 569776
   2342, 570040
   2343, 570301
   2344, 570574
   2345, 570840
   2346, 571096
   2347, 571360
   2348, 571621
   2349, 571891
   2350, 572159
   2351, 572421
   2352, 572681
   2353, 572948
   2354, 573221
   2355, 573484
   2356, 573744
   2357, 574004
   2358, 574270
   2359, 574535
   2360, 574804
   2361, 575068
   2362, 575327
   2363, 575597
   2364, 575869
   2365, 576137
   2366, 576398
   2367, 576666
   2368, 576928
   2369, 577197
   2370, 577466
   2371, 577729
   2372, 577990
   2373, 578257
   2374, 578521
   2375, 578782
   2376, 579044
   2377, 579307
   2378, 579569
   2379, 579834
   2380, 580098
   2381, 580363
   2382, 580625
   2383, 580894
   2384, 581156
   2385, 581417
   2386, 581676
   2387, 581941
   2388, 582200
   2389, 582465
   2390, 582724
   2391, 582984
   2392, 583243
   2393, 583510
   2394, 583772
   2395, 584027
   2396, 584288
   2397, 584553
   2398, 584817
   2399, 585084
   2400, 585344
   2401, 585605
   2402, 585866
   2403, 586138
   2404, 586402
   2405, 586660
   2406, 586920
   2407, 587183
   2408, 587448
   2409, 587719
   2410, 587981
   2411, 588241
   2412, 588511
   2413, 588784
   2414, 589056
   2415, 589317
   2416, 589582
   2417, 589846
   2418, 590113
   2419, 590379
   2420, 590643
   2421, 590899
   2422, 591168
   2423, 591430
   2424, 591691
   2425, 591951
   2426, 592214
   2427, 592478
   2428, 592744
   2429, 593010
   2430, 593276
   2431, 593543
   2432, 593819
   2433, 594086
   2434, 594349
   2435, 594501
   2436, 594880
   2437, 595146
   2438, 595416
   2439, 595675
   2440, 595937
   2441, 596202
   2442, 596476
   2443, 596741
   2444, 597001
   2445, 597268
   2446, 597532
   2447, 597806
   2448, 598075
   2449, 598341
   2450, 598602
   2451, 598872
   2452, 599141
   2453, 599404
   2454, 599663
   2455, 599925
   2456, 600189
   2457, 600456
   2458, 600721
   2459, 600986
   2460, 601250
   2461, 601525
   2462, 601791
   2463, 602057
   2464, 602323
   2465, 602593
   2466, 602863
   2467, 603134
   2468, 603397
   2469, 603660
   2470, 603924
   2471, 604195
   2472, 604462
   2473, 604720
   2474, 604987
   2475, 605249
   2476, 605518
   2477, 605642
   2478, 606049
   2479, 606309
   2480, 606450
   2481, 606839
   2482, 607101
   2483, 607357
   2484, 607614
   2485, 607872
   2486, 608132
   2487, 608295
   2488, 608651
   2489, 608908
   2490, 609174
   2491, 609441
   2492, 609703
   2493, 609959
   2494, 610219
   2495, 610478
   2496, 610745
   2497, 611010
   2498, 611271
   2499, 611526
   2500, 611793
   2501, 612060
   2502, 612322
   2503, 612580
   2504, 612839
   2505, 613100
   2506, 613363
   2507, 613630
   2508, 613893
   2509, 614149
   2510, 614416
   2511, 614680
   2512, 614945
   2513, 615205
   2514, 615464
   2515, 615724
   2516, 615991
   2517, 616117
   2518, 616516
   2519, 616772
   2520, 617039
   2521, 617299
   2522, 617559
   2523, 617815
   2524, 618078
   2525, 618341
   2526, 618604
   2527, 618869
   2528, 619135
   2529, 619400
   2530, 619670
   2531, 619937
   2532, 620199
   2533, 620463
   2534, 620731
   2535, 620996
   2536, 621263
   2537, 621524
   2538, 621788
   2539, 622054
   2540, 622326
   2541, 622592
   2542, 622855
   2543, 623122
   2544, 623387
   2545, 623659
   2546, 623931
   2547, 624198
   2548, 624459
   2549, 624730
   2550, 625001
   2551, 625268
   2552, 625528
   2553, 625792
   2554, 626055
   2555, 626321
   2556, 626585
   2557, 626848
   2558, 627109
   2559, 627381
   2560, 627642
   2561, 627905
   2562, 628165
   2563, 628430
   2564, 628696
   2565, 628963
   2566, 629225
   2567, 629488
   2568, 629751
   2569, 630023
   2570, 630283
   2571, 630541
   2572, 630804
   2573, 631067
   2574, 631333
   2575, 631598
   2576, 631860
   2577, 632120
   2578, 632388
   2579, 632657
   2580, 632920
   2581, 633178
   2582, 633442
   2583, 633702
   2584, 633967
   2585, 634233
   2586, 634491
   2587, 634750
   2588, 635014
   2589, 635282
   2590, 635542
   2591, 635798
   2592, 636061
   2593, 636324
   2594, 636594
   2595, 636859
   2596, 637125
   2597, 637387
   2598, 637659
   2599, 637923
   2600, 638186
   2601, 638444
   2602, 638708
   2603, 638969
   2604, 639233
   2605, 639493
   2606, 639752
   2607, 640012
   2608, 640283
   2609, 640550
   2610, 640812
   2611, 641077
   2612, 641346
   2613, 641617
   2614, 641887
   2615, 642154
   2616, 642419
   2617, 642687
   2618, 642962
   2619, 643226
   2620, 643486
   2621, 643748
   2622, 644012
   2623, 644282
   2624, 644549
   2625, 644815
   2626, 645079
   2627, 645354
   2628, 645626
   2629, 645893
   2630, 646154
   2631, 646422
   2632, 646689
   2633, 646956
   2634, 647220
   2635, 647483
   2636, 647746
   2637, 648018
   2638, 648282
   2639, 648544
   2640, 648805
   2641, 649071
   2642, 649337
   2643, 649606
   2644, 649868
