      0,   1600
      1,   1818
      2,   2354
      3,   2589
      4,   3123
      5,   3354
      6,   3869
      7,   4088
      8,   4650
      9,   4886
     10,   5421
     11,   5646
     12,   6172
     13,   6404
     14,   6952
     15,   7187
     16,   7712
     17,   7933
     18,   8449
     19,   8689
     20,   9227
     21,   9460
     22,   9961
     23,  10192
     24,  10701
     25,  10935
     26,  11463
     27,  11699
     28,  12209
     29,  12432
     30,  12949
     31,  13196
     32,  13361
     33,  13715
     34,  13985
     35,  14139
     36,  14274
     37,  14520
     38,  14760
     39,  15009
     40,  15122
     41,  15244
     42,  15377
     43,  15634
     44,  15775
     45,  15896
     46,  16013
     47,  16388
     48,  16494
     49,  16604
     50,  16709
     51,  16814
     52,  16930
     53,  17050
     54,  17203
     55,  17694
     56,  17823
     57,  17950
     58,  18097
     59,  18259
     60,  18837
     61,  19069
     62,  19592
     63,  19813
     64,  19945
     65,  20055
     66,  20167
     67,  20282
     68,  20386
     69,  20507
     70,  20624
     71,  20736
     72,  20844
     73,  21061
     74,  21175
     75,  21290
     76,  21409
     77,  21596
     78,  22129
     79,  22366
     80,  22676
     81,  22882
     82,  23169
     83,  23498
     84,  23756
     85,  24189
     86,  24531
     87,  24861
     88,  25180
     89,  25492
     90,  25768
     91,  26159
     92,  26417
     93,  26822
     94,  27065
     95,  27470
     96,  27781
     97,  28050
     98,  28198
     99,  28729
    100,  28978
    101,  29467
    102,  29843
    103,  30099
    104,  30579
    105,  30842
    106,  31273
    107,  31611
    108,  31941
    109,  32280
    110,  32633
    111,  32981
    112,  33336
    113,  33618
    114,  34008
    115,  34344
    116,  34705
    117,  35075
    118,  35419
    119,  35759
    120,  36104
    121,  36438
    122,  36791
    123,  37146
    124,  37499
    125,  37848
    126,  38182
    127,  38509
    128,  38867
    129,  39234
    130,  39576
    131,  39923
    132,  40264
    133,  40599
    134,  40951
    135,  41302
    136,  41655
    137,  42001
    138,  42333
    139,  42661
    140,  42986
    141,  43335
    142,  43687
    143,  44021
    144,  44355
    145,  44689
    146,  45010
    147,  45347
    148,  45688
    149,  46305
    150,  46681
    151,  47610
    152,  47762
    153,  48021
    154,  48682
    155,  48884
    156,  49344
    157,  50039
    158,  52104
    159,  52798
    160,  53484
    161,  54172
    162,  54881
    163,  55571
    164,  56279
    165,  56987
    166,  57679
    167,  58385
    168,  59103
    169,  59798
    170,  61231
    171,  61925
    172,  62614
    173,  63336
    174,  64045
    175,  64743
    176,  65470
    177,  66170
    178,  66874
    179,  68315
    180,  69009
    181,  69745
    182,  70446
    183,  71144
    184,  71878
    185,  72594
    186,  74031
    187,  76185
    188,  76899
    189,  77097
    190,  77597
    191,  78343
    192,  79060
    193,  79760
    194,  80504
    195,  81225
    196,  81922
    197,  82656
    198,  83368
    199,  84076
    200,  84820
    201,  85528
    202,  86229
    203,  87040
    204,  87284
    205,  87641
    206,  87757
    207,  87879
    208,  90617
    209,  92126
    210,  93793
    211,  93935
    212,  94437
    213,  95206
    214,  95566
    215,  95920
    216,  96175
    217,  96316
    218,  96907
    219,  97126
    220,  97484
    221,  97592
    222,  97706
    223,  99713
    224,  99829
    225, 100031
    226, 100134
    227, 100340
    228, 100485
    229, 100562
    230, 100803
    231, 100967
    232, 101424
    233, 102142
    234, 102394
    235, 102784
    236, 103090
    237, 103387
    238, 103697
    239, 103867
    240, 104007
    241, 104308
    242, 104598
    243, 104887
    244, 105176
    245, 105448
    246, 105736
    247, 106041
    248, 106340
    249, 106623
    250, 106922
    251, 107199
    252, 107470
    253, 107747
    254, 108034
    255, 108857
    256, 109119
    257, 109388
    258, 109655
    259, 109914
    260, 110187
    261, 110469
    262, 110747
    263, 111016
    264, 111284
    265, 111540
    266, 111805
    267, 112062
    268, 112344
    269, 112622
    270, 112896
    271, 113159
    272, 113425
    273, 113692
    274, 113960
    275, 114213
    276, 114492
    277, 114771
    278, 115051
    279, 115324
    280, 115592
    281, 115747
    282, 115851
    283, 116109
    284, 116266
    285, 116348
    286, 116422
    287, 116498
    288, 116647
    289, 116921
    290, 117197
    291, 117461
    292, 117713
    293, 117969
    294, 118130
    295, 118211
    296, 118448
    297, 118692
    298, 118934
    299, 119193
    300, 119448
    301, 119695
    302, 119945
    303, 120174
    304, 120425
    305, 120673
    306, 120926
    307, 121202
    308, 121462
    309, 121712
    310, 121976
    311, 122222
    312, 122491
    313, 122747
    314, 122938
    315, 123026
    316, 123317
    317, 123603
    318, 123885
    319, 124160
    320, 124433
    321, 124704
    322, 124978
    323, 125262
    324, 125544
    325, 125827
    326, 126102
    327, 126374
    328, 126649
    329, 126915
    330, 127181
    331, 127461
    332, 127752
    333, 128034
    334, 128311
    335, 128580
    336, 128845
    337, 129109
    338, 129383
    339, 129672
    340, 129957
    341, 130230
    342, 130504
    343, 130784
    344, 131056
    345, 131314
    346, 131591
    347, 131878
    348, 132165
    349, 132448
    350, 132725
    351, 132992
    352, 133261
    353, 133533
    354, 133813
    355, 134102
    356, 134386
    357, 134664
    358, 134943
    359, 135219
    360, 135492
    361, 135764
    362, 136047
    363, 136342
    364, 136636
    365, 136920
    366, 137192
    367, 137467
    368, 137737
    369, 138015
    370, 138313
    371, 138608
    372, 138894
    373, 139182
    374, 139471
    375, 139750
    376, 140022
    377, 140312
    378, 140606
    379, 140909
    380, 141202
    381, 141487
    382, 141765
    383, 142047
    384, 142333
    385, 142635
    386, 142930
    387, 143222
    388, 143516
    389, 143806
    390, 144092
    391, 144374
    392, 144653
    393, 144961
    394, 145270
    395, 145563
    396, 145852
    397, 146140
    398, 146414
    399, 146709
    400, 147018
    401, 147319
    402, 147613
    403, 147911
    404, 148198
    405, 148483
    406, 148762
    407, 149058
    408, 149355
    409, 149652
    410, 149941
    411, 150224
    412, 150500
    413, 150777
    414, 150931
    415, 151069
    416, 151367
    417, 151653
    418, 151941
    419, 152221
    420, 152501
    421, 152779
    422, 153049
    423, 153332
    424, 153633
    425, 153926
    426, 154206
    427, 154480
    428, 154756
    429, 155021
    430, 155304
    431, 155599
    432, 155888
    433, 156170
    434, 156456
    435, 156736
    436, 157010
    437, 157275
    438, 157553
    439, 157844
    440, 158136
    441, 158422
    442, 158701
    443, 158973
    444, 159248
    445, 159525
    446, 159815
    447, 159962
    448, 160098
    449, 160381
    450, 160660
    451, 160935
    452, 161212
    453, 161482
    454, 161746
    455, 162033
    456, 162329
    457, 162609
    458, 162882
    459, 163152
    460, 163425
    461, 163694
    462, 163980
    463, 164264
    464, 164549
    465, 164827
    466, 165116
    467, 165387
    468, 165657
    469, 165917
    470, 166191
    471, 166486
    472, 166775
    473, 167053
    474, 167333
    475, 167596
    476, 167874
    477, 168143
    478, 168426
    479, 168710
    480, 168992
    481, 169264
    482, 169540
    483, 169814
    484, 170080
    485, 170338
    486, 170625
    487, 170921
    488, 171204
    489, 171472
    490, 171745
    491, 172011
    492, 172276
    493, 172550
    494, 172829
    495, 173112
    496, 173391
    497, 173671
    498, 173946
    499, 174218
    500, 174478
    501, 174757
    502, 175044
    503, 175332
    504, 175615
    505, 175896
    506, 176163
    507, 176440
    508, 176711
    509, 176991
    510, 177276
    511, 177565
    512, 177841
    513, 178118
    514, 178402
    515, 178672
    516, 178937
    517, 179228
    518, 179524
    519, 179810
    520, 180084
    521, 180358
    522, 180630
    523, 180905
    524, 181181
    525, 181468
    526, 181760
    527, 182042
    528, 182328
    529, 182604
    530, 182876
    531, 183139
    532, 183426
    533, 183716
    534, 184006
    535, 184290
    536, 184569
    537, 184841
    538, 185120
    539, 185390
    540, 185674
    541, 185964
    542, 186254
    543, 186533
    544, 186628
    545, 186818
    546, 187099
    547, 187372
    548, 187643
    549, 187937
    550, 188231
    551, 188519
    552, 188796
    553, 189073
    554, 189349
    555, 189622
    556, 189907
    557, 190200
    558, 190489
    559, 190777
    560, 191069
    561, 191351
    562, 191622
    563, 191895
    564, 192183
    565, 192485
    566, 192783
    567, 193065
    568, 193341
    569, 193625
    570, 193904
    571, 194188
    572, 194483
    573, 194779
    574, 195067
    575, 195359
    576, 195645
    577, 195923
    578, 196196
    579, 196494
    580, 196796
    581, 197093
    582, 197376
    583, 197659
    584, 197942
    585, 198221
    586, 198514
    587, 198817
    588, 199114
    589, 199414
    590, 199708
    591, 199991
    592, 200271
    593, 200553
    594, 200850
    595, 201157
    596, 201454
    597, 201744
    598, 202032
    599, 202324
    600, 202601
    601, 202894
    602, 203195
    603, 203493
    604, 203790
    605, 204082
    606, 204362
    607, 204642
    608, 204924
    609, 205231
    610, 205533
    611, 205824
    612, 206113
    613, 206400
    614, 206687
    615, 206968
    616, 207262
    617, 207556
    618, 207855
    619, 208151
    620, 208438
    621, 208717
    622, 208996
    623, 209276
    624, 209579
    625, 209885
    626, 210178
    627, 210464
    628, 210755
    629, 211042
    630, 211325
    631, 211620
    632, 211921
    633, 212218
    634, 212514
    635, 212803
    636, 213088
    637, 213362
    638, 213660
    639, 213967
    640, 214270
    641, 214561
    642, 214857
    643, 215143
    644, 215433
    645, 215719
    646, 216020
    647, 216323
    648, 216633
    649, 216927
    650, 217213
    651, 217501
    652, 217784
    653, 218091
    654, 218408
    655, 218710
    656, 219007
    657, 219305
    658, 219601
    659, 219888
    660, 220186
    661, 220494
    662, 220801
    663, 221104
    664, 221402
    665, 221696
    666, 221978
    667, 222285
    668, 222599
    669, 222908
    670, 223208
    671, 223510
    672, 223803
    673, 224102
    674, 224396
    675, 224705
    676, 225020
    677, 225331
    678, 225632
    679, 225926
    680, 226219
    681, 226512
    682, 226832
    683, 227146
    684, 227455
    685, 227754
    686, 228054
    687, 228350
    688, 228640
    689, 228946
    690, 229263
    691, 229570
    692, 229875
    693, 230174
    694, 230465
    695, 230757
    696, 231077
    697, 231392
    698, 231696
    699, 231999
    700, 232294
    701, 232598
    702, 232893
    703, 233205
    704, 233523
    705, 233844
    706, 234147
    707, 234444
    708, 234738
    709, 235028
    710, 235343
    711, 235661
    712, 235969
    713, 236269
    714, 236571
    715, 236872
    716, 237161
    717, 237464
    718, 237782
    719, 238094
    720, 238404
    721, 238707
    722, 239000
    723, 239291
    724, 239606
    725, 239921
    726, 240232
    727, 240537
    728, 240838
    729, 241144
    730, 241438
    731, 241747
    732, 242068
    733, 242392
    734, 242703
    735, 243005
    736, 243305
    737, 243601
    738, 243914
    739, 244237
    740, 244556
    741, 244859
    742, 245169
    743, 245474
    744, 245765
    745, 246075
    746, 246398
    747, 246720
    748, 247039
    749, 247343
    750, 247639
    751, 247941
    752, 248258
    753, 248580
    754, 248896
    755, 249207
    756, 249517
    757, 249828
    758, 250125
    759, 250443
    760, 250774
    761, 251099
    762, 251417
    763, 251720
    764, 252026
    765, 252329
    766, 252652
    767, 252980
    768, 253296
    769, 253610
    770, 253932
    771, 254238
    772, 254541
    773, 254870
    774, 255195
    775, 255518
    776, 255833
    777, 256139
    778, 256448
    779, 256762
    780, 257086
    781, 257409
    782, 257725
    783, 258040
    784, 258354
    785, 258662
    786, 258976
    787, 259302
    788, 259636
    789, 259954
    790, 260259
    791, 260567
    792, 260865
    793, 261184
    794, 261516
    795, 261841
    796, 262156
    797, 262479
    798, 262789
    799, 263090
    800, 263410
    801, 263738
    802, 264068
    803, 264390
    804, 264701
    805, 265008
    806, 265328
    807, 265655
    808, 265984
    809, 266304
    810, 266621
    811, 266938
    812, 267248
    813, 267558
    814, 267883
    815, 268219
    816, 268540
    817, 268848
    818, 269160
    819, 269463
    820, 269786
    821, 270123
    822, 270451
    823, 270772
    824, 271098
    825, 271411
    826, 271714
    827, 272037
    828, 272369
    829, 272705
    830, 273025
    831, 273343
    832, 273660
    833, 273985
    834, 274323
    835, 274655
    836, 274986
    837, 275312
    838, 275635
    839, 275948
    840, 276269
    841, 276611
    842, 276952
    843, 277278
    844, 277597
    845, 277916
    846, 278233
    847, 278577
    848, 278916
    849, 279248
    850, 279591
    851, 279913
    852, 280231
    853, 280557
    854, 280906
    855, 281255
    856, 281585
    857, 281915
    858, 282256
    859, 282582
    860, 282932
    861, 283283
    862, 283625
    863, 283971
    864, 284303
    865, 284633
    866, 284972
    867, 285339
    868, 285685
    869, 286022
    870, 286364
    871, 286694
    872, 287034
    873, 287388
    874, 287734
    875, 288081
    876, 288419
    877, 288750
    878, 289077
    879, 289428
    880, 289788
    881, 290133
    882, 290471
    883, 290803
    884, 291137
    885, 291488
    886, 291835
    887, 292182
    888, 292523
    889, 292867
    890, 293197
    891, 293534
    892, 293905
    893, 294257
    894, 294600
    895, 294939
    896, 295273
    897, 295614
    898, 295964
    899, 296318
    900, 296669
    901, 297010
    902, 297344
    903, 297675
    904, 298030
    905, 298389
    906, 298739
    907, 299080
    908, 299414
    909, 299753
    910, 300097
    911, 300451
    912, 300797
    913, 301143
    914, 301487
    915, 301817
    916, 302158
    917, 302525
    918, 302877
    919, 303215
    920, 303551
    921, 303891
    922, 304229
    923, 304580
    924, 304933
    925, 305285
    926, 305628
    927, 305961
    928, 306291
    929, 306643
    930, 307001
    931, 307349
    932, 307687
    933, 308025
    934, 308359
    935, 308702
    936, 309058
    937, 309408
    938, 309759
    939, 310101
    940, 310432
    941, 310769
    942, 311134
    943, 311490
    944, 311830
    945, 312168
    946, 312507
    947, 312843
    948, 313198
    949, 313549
    950, 313910
    951, 314254
    952, 314583
    953, 314915
    954, 315264
    955, 315626
    956, 315973
    957, 316313
    958, 316656
    959, 316986
    960, 317330
    961, 317688
    962, 318035
    963, 318390
    964, 318727
    965, 319058
    966, 319396
    967, 319756
    968, 320108
    969, 320446
    970, 320783
    971, 321122
    972, 321456
    973, 321809
    974, 322162
    975, 322517
    976, 322859
    977, 323186
    978, 323514
    979, 323861
    980, 324223
    981, 324570
    982, 324907
    983, 325258
    984, 325591
    985, 325929
    986, 326290
    987, 326643
    988, 326994
    989, 327331
    990, 327664
    991, 328005
    992, 328363
    993, 328716
    994, 329062
    995, 329403
    996, 329745
    997, 330079
    998, 330429
    999, 330783
   1000, 331137
   1001, 331474
   1002, 331808
   1003, 332135
   1004, 332480
   1005, 332846
   1006, 333191
   1007, 333537
   1008, 333886
   1009, 334219
   1010, 334560
   1011, 334915
   1012, 335270
   1013, 335618
   1014, 335950
   1015, 336285
   1016, 336623
   1017, 336982
   1018, 337333
   1019, 337677
   1020, 338020
   1021, 338360
   1022, 338692
   1023, 339040
   1024, 339400
   1025, 339754
   1026, 340094
   1027, 340429
   1028, 340758
   1029, 341113
   1030, 341480
   1031, 341829
   1032, 342179
   1033, 342526
   1034, 342862
   1035, 343199
   1036, 343559
   1037, 343919
   1038, 344269
   1039, 344613
   1040, 344950
   1041, 345300
   1042, 345663
   1043, 346019
   1044, 346372
   1045, 346717
   1046, 347061
   1047, 347399
   1048, 347753
   1049, 348121
   1050, 348471
   1051, 348813
   1052, 349154
   1053, 349486
   1054, 349779
   1055, 350145
   1056, 350500
   1057, 350861
   1058, 351206
   1059, 351540
   1060, 351888
   1061, 352249
   1062, 352616
   1063, 352964
   1064, 353304
   1065, 353645
   1066, 353996
   1067, 354356
   1068, 354707
   1069, 355054
   1070, 355398
   1071, 355739
   1072, 356073
   1073, 356436
   1074, 356804
   1075, 357152
   1076, 357496
   1077, 357834
   1078, 358174
   1079, 358538
   1080, 358897
   1081, 359249
   1082, 359599
   1083, 359942
   1084, 360273
   1085, 360630
   1086, 360997
   1087, 361357
   1088, 361707
   1089, 362046
   1090, 362393
   1091, 362751
   1092, 363107
   1093, 363464
   1094, 363813
   1095, 364160
   1096, 364493
   1097, 364843
   1098, 365218
   1099, 365572
   1100, 365922
   1101, 366263
   1102, 366601
   1103, 366953
   1104, 367311
   1105, 367663
   1106, 368017
   1107, 368360
   1108, 368695
   1109, 369034
   1110, 369394
   1111, 369762
   1112, 370110
   1113, 370448
   1114, 370790
   1115, 371127
   1116, 371481
   1117, 371838
   1118, 372182
   1119, 372533
   1120, 372874
   1121, 373200
   1122, 373562
   1123, 373928
   1124, 374278
   1125, 374621
   1126, 374959
   1127, 375295
   1128, 375646
   1129, 376007
   1130, 376362
   1131, 376717
   1132, 377061
   1133, 377394
   1134, 377742
   1135, 378105
   1136, 378467
   1137, 378819
   1138, 379156
   1139, 379506
   1140, 379845
   1141, 380203
   1142, 380564
   1143, 380913
   1144, 381265
   1145, 381603
   1146, 381944
   1147, 382312
   1148, 382669
   1149, 383013
   1150, 383355
   1151, 383714
   1152, 384052
   1153, 384405
   1154, 384769
   1155, 385124
   1156, 385480
   1157, 385816
   1158, 386151
   1159, 386504
   1160, 386867
   1161, 387222
   1162, 387563
   1163, 387909
   1164, 388246
   1165, 388594
   1166, 388959
   1167, 389312
   1168, 389666
   1169, 390010
   1170, 390346
   1171, 390689
   1172, 391058
   1173, 391417
   1174, 391757
   1175, 392100
   1176, 392442
   1177, 392786
   1178, 393149
   1179, 393507
   1180, 393871
   1181, 394216
   1182, 394554
   1183, 394894
   1184, 395255
   1185, 395624
   1186, 395974
   1187, 396319
   1188, 396673
   1189, 397011
   1190, 397372
   1191, 397734
   1192, 398090
   1193, 398442
   1194, 398785
   1195, 399118
   1196, 399480
   1197, 399845
   1198, 400196
   1199, 400540
   1200, 400881
   1201, 401218
   1202, 401568
   1203, 401930
   1204, 402289
   1205, 402637
   1206, 402973
   1207, 403308
   1208, 403651
   1209, 404017
   1210, 404372
   1211, 404715
   1212, 405064
   1213, 405405
   1214, 405743
   1215, 406099
   1216, 406456
   1217, 406812
   1218, 407150
   1219, 407486
   1220, 407822
   1221, 408182
   1222, 408542
   1223, 408890
   1224, 409236
   1225, 409579
   1226, 409915
   1227, 410268
   1228, 410627
   1229, 410987
   1230, 411334
   1231, 411670
   1232, 412003
   1233, 412359
   1234, 412730
   1235, 413081
   1236, 413433
   1237, 413783
   1238, 414119
   1239, 414464
   1240, 414824
   1241, 415184
   1242, 415536
   1243, 415876
   1244, 416214
   1245, 416562
   1246, 416926
   1247, 417283
   1248, 417631
   1249, 417973
   1250, 418318
   1251, 418653
   1252, 419007
   1253, 419375
   1254, 419723
   1255, 420065
   1256, 420408
   1257, 420737
   1258, 421105
   1259, 421464
   1260, 421811
   1261, 422163
   1262, 422502
   1263, 422836
   1264, 423183
   1265, 423543
   1266, 423900
   1267, 424248
   1268, 424588
   1269, 424922
   1270, 425279
   1271, 425638
   1272, 425988
   1273, 426335
   1274, 426675
   1275, 427019
   1276, 427357
   1277, 427714
   1278, 428082
   1279, 428430
   1280, 428773
   1281, 429113
   1282, 429453
   1283, 429820
   1284, 430177
   1285, 430527
   1286, 430879
   1287, 431224
   1288, 431558
   1289, 431919
   1290, 432286
   1291, 432646
   1292, 432996
   1293, 433336
   1294, 433684
   1295, 434048
   1296, 434407
   1297, 434764
   1298, 435113
   1299, 435461
   1300, 435795
   1301, 436150
   1302, 436523
   1303, 436880
   1304, 437228
   1305, 437568
   1306, 437903
   1307, 438261
   1308, 438619
   1309, 438975
   1310, 439326
   1311, 439668
   1312, 440008
   1313, 440349
   1314, 440714
   1315, 441077
   1316, 441426
   1317, 441770
   1318, 442110
   1319, 442457
   1320, 442813
   1321, 443171
   1322, 443523
   1323, 443872
   1324, 444214
   1325, 444551
   1326, 444918
   1327, 445283
   1328, 445636
   1329, 445980
   1330, 446320
   1331, 446665
   1332, 447026
   1333, 447390
   1334, 447746
   1335, 448099
   1336, 448446
   1337, 448781
   1338, 449142
   1339, 449510
   1340, 449867
   1341, 450215
   1342, 450557
   1343, 450902
   1344, 451258
   1345, 451617
   1346, 451973
   1347, 452326
   1348, 452675
   1349, 453009
   1350, 453361
   1351, 453734
   1352, 454091
   1353, 454436
   1354, 454778
   1355, 455122
   1356, 455467
   1357, 455828
   1358, 456186
   1359, 456542
   1360, 456888
   1361, 457221
   1362, 457562
   1363, 457925
   1364, 458286
   1365, 458636
   1366, 458975
   1367, 459318
   1368, 459660
   1369, 460017
   1370, 460375
   1371, 460729
   1372, 461081
   1373, 461418
   1374, 461751
   1375, 462114
   1376, 462475
   1377, 462824
   1378, 463165
   1379, 463508
   1380, 463846
   1381, 464199
   1382, 464563
   1383, 464917
   1384, 465272
   1385, 465613
   1386, 465944
   1387, 466297
   1388, 466663
   1389, 467025
   1390, 467374
   1391, 467720
   1392, 468069
   1393, 468417
   1394, 468781
   1395, 469142
   1396, 469499
   1397, 469850
   1398, 470192
   1399, 470536
   1400, 470908
   1401, 471277
   1402, 471622
   1403, 471974
   1404, 472322
   1405, 472669
   1406, 473031
   1407, 473396
   1408, 473757
   1409, 474103
   1410, 474444
   1411, 474783
   1412, 475142
   1413, 475512
   1414, 475858
   1415, 476206
   1416, 476558
   1417, 476890
   1418, 477250
   1419, 477609
   1420, 477963
   1421, 478315
   1422, 478654
   1423, 478986
   1424, 479350
   1425, 479713
   1426, 480065
   1427, 480415
   1428, 480759
   1429, 481098
   1430, 481456
   1431, 481816
   1432, 482182
   1433, 482535
   1434, 482874
   1435, 483213
   1436, 483568
   1437, 483941
   1438, 484301
   1439, 484652
   1440, 485009
   1441, 485351
   1442, 485698
   1443, 486064
   1444, 486427
   1445, 486785
   1446, 487130
   1447, 487474
   1448, 487828
   1449, 488199
   1450, 488559
   1451, 488915
   1452, 489267
   1453, 489613
   1454, 489958
   1455, 490320
   1456, 490693
   1457, 491048
   1458, 491392
   1459, 491735
   1460, 492079
   1461, 492454
   1462, 492812
   1463, 493161
   1464, 493516
   1465, 493853
   1466, 494189
   1467, 494549
   1468, 494908
   1469, 495268
   1470, 495611
   1471, 495952
   1472, 496294
   1473, 496655
   1474, 497016
   1475, 497371
   1476, 497716
   1477, 498064
   1478, 498401
   1479, 498750
   1480, 499122
   1481, 499481
   1482, 499830
   1483, 500175
   1484, 500511
   1485, 500875
   1486, 501243
   1487, 501596
   1488, 501953
   1489, 502303
   1490, 502639
   1491, 502986
   1492, 503353
   1493, 503717
   1494, 504070
   1495, 504417
   1496, 504762
   1497, 505115
   1498, 505481
   1499, 505842
   1500, 506198
   1501, 506551
   1502, 506899
   1503, 507245
   1504, 507622
   1505, 507994
   1506, 508349
   1507, 508702
   1508, 509045
   1509, 509400
   1510, 509773
   1511, 510136
   1512, 510495
   1513, 510853
   1514, 511197
   1515, 511539
   1516, 511907
   1517, 512275
   1518, 512628
   1519, 512978
   1520, 513320
   1521, 513669
   1522, 514031
   1523, 514390
   1524, 514742
   1525, 515093
   1526, 515438
   1527, 515777
   1528, 516145
   1529, 516513
   1530, 516866
   1531, 517213
   1532, 517555
   1533, 517900
   1534, 518259
   1535, 518625
   1536, 518983
   1537, 519336
   1538, 519681
   1539, 520019
   1540, 520379
   1541, 520749
   1542, 521108
   1543, 521458
   1544, 521801
   1545, 522146
   1546, 522501
   1547, 522868
   1548, 523225
   1549, 523583
   1550, 523932
   1551, 524267
   1552, 524632
   1553, 525003
   1554, 525359
   1555, 525714
   1556, 526057
   1557, 526403
   1558, 526760
   1559, 527127
   1560, 527492
   1561, 527852
   1562, 528198
   1563, 528537
   1564, 528896
   1565, 529266
   1566, 529627
   1567, 529979
   1568, 530321
   1569, 530668
   1570, 531012
   1571, 531373
   1572, 531737
   1573, 532092
   1574, 532440
   1575, 532780
   1576, 533126
   1577, 533495
   1578, 533858
   1579, 534208
   1580, 534554
   1581, 534904
   1582, 535247
   1583, 535613
   1584, 535982
   1585, 536340
   1586, 536692
   1587, 537032
   1588, 537372
   1589, 537739
   1590, 538107
   1591, 538463
   1592, 538810
   1593, 539165
   1594, 539503
   1595, 539866
   1596, 540233
   1597, 540593
   1598, 540950
   1599, 541293
   1600, 541649
   1601, 542001
   1602, 542368
   1603, 542721
   1604, 543073
   1605, 543428
   1606, 543769
   1607, 544133
   1608, 544502
   1609, 544865
   1610, 545220
   1611, 545565
   1612, 545924
   1613, 547023
   1614, 547361
   1615, 547723
   1616, 548066
   1617, 548426
   1618, 548804
   1619, 549166
   1620, 549538
   1621, 549868
   1622, 550214
   1623, 550546
   1624, 550935
   1625, 551291
   1626, 551672
   1627, 551940
   1628, 552394
   1629, 552613
   1630, 553125
   1631, 553390
   1632, 553873
   1633, 554110
   1634, 554577
   1635, 554826
   1636, 555082
   1637, 555201
   1638, 555324
   1639, 555444
   1640, 559833
   1641, 559914
   1642, 560017
   1643, 560104
   1644, 560183
   1645, 560268
   1646, 560363
   1647, 560479
   1648, 560551
   1649, 562088
   1650, 562192
   1651, 562289
   1652, 564841
   1653, 567411
   1654, 567505
   1655, 567602
   1656, 569835
   1657, 571102
   1658, 571197
   1659, 571294
   1660, 572650
   1661, 572843
   1662, 572943
   1663, 574781
   1664, 574883
   1665, 579366
   1666, 579461
   1667, 579753
   1668, 582187
   1669, 582281
   1670, 582368
   1671, 582466
   1672, 582648
   1673, 586864
   1674, 586982
   1675, 588790
   1676, 589069
   1677, 589191
   1678, 589307
   1679, 589431
   1680, 589561
   1681, 589694
   1682, 592858
   1683, 593300
   1684, 593718
   1685, 594153
   1686, 594571
   1687, 594979
   1688, 595376
   1689, 595787
   1690, 596622
   1691, 597028
   1692, 599852
   1693, 613031
   1694, 614308
   1695, 617443
   1696, 619930
   1697, 621406
   1698, 622535
   1699, 623272
   1700, 623609
   1701, 623968
   1702, 624338
   1703, 627751
   1704, 629054
   1705, 629618
   1706, 629935
   1707, 630158
   1708, 630473
   1709, 630707
   1710, 630911
   1711, 631193
   1712, 631421
   1713, 631609
   1714, 631791
   1715, 631960
   1716, 632129
   1717, 632290
   1718, 632460
   1719, 632638
   1720, 632819
   1721, 632997
   1722, 633171
   1723, 633348
   1724, 633519
   1725, 633690
   1726, 633859
   1727, 634030
   1728, 634204
   1729, 634376
   1730, 634559
   1731, 634741
   1732, 634928
   1733, 635113
   1734, 635294
   1735, 635477
   1736, 635666
   1737, 635848
   1738, 636022
   1739, 636191
   1740, 636360
   1741, 636527
   1742, 636711
   1743, 636897
   1744, 637084
   1745, 637264
   1746, 637451
   1747, 637628
   1748, 637812
   1749, 637992
   1750, 638164
   1751, 638339
   1752, 638512
   1753, 638673
   1754, 638849
   1755, 639033
   1756, 639229
   1757, 639414
   1758, 639590
   1759, 639763
   1760, 639947
   1761, 640121
   1762, 640310
   1763, 640476
   1764, 640646
   1765, 640813
   1766, 640987
   1767, 641167
   1768, 641365
   1769, 641546
   1770, 641728
   1771, 641908
   1772, 642087
   1773, 642255
   1774, 642432
   1775, 642606
   1776, 642787
   1777, 642961
   1778, 643135
   1779, 643307
   1780, 643495
   1781, 643677
   1782, 643861
   1783, 644043
   1784, 644224
   1785, 644402
   1786, 644580
   1787, 644748
   1788, 644924
   1789, 645094
   1790, 645273
   1791, 645445
   1792, 645632
   1793, 645817
   1794, 646011
   1795, 646192
   1796, 646377
   1797, 646543
   1798, 646725
   1799, 646907
   1800, 647092
   1801, 647256
   1802, 647433
   1803, 647616
   1804, 647808
   1805, 647990
   1806, 648167
   1807, 648357
   1808, 648547
   1809, 648729
   1810, 648900
   1811, 649082
   1812, 649263
   1813, 649431
   1814, 649603
   1815, 649800
   1816, 649997
