      0,   1184
      1,   1406
      2,   1609
      3,   1863
      4,   2087
      5,   2274
      6,   2561
      7,   2775
      8,   2958
      9,   3204
     10,   3442
     11,   3633
     12,   3888
     13,   4108
     14,   4293
     15,   4568
     16,   4777
     17,   4973
     18,   5199
     19,   5425
     20,   5596
     21,   5901
     22,   6137
     23,   6334
     24,   6582
     25,   6777
     26,   6968
     27,   7172
     28,   7352
     29,   7558
     30,   7753
     31,   7954
     32,   8149
     33,   8348
     34,   8533
     35,   8729
     36,   8925
     37,   9114
     38,   9298
     39,   9475
     40,   9652
     41,   9853
     42,  10036
     43,  10234
     44,  10425
     45,  10614
     46,  10792
     47,  10976
     48,  11157
     49,  11352
     50,  11529
     51,  11700
     52,  11890
     53,  12086
     54,  12277
     55,  12475
     56,  12683
     57,  12896
     58,  13102
     59,  13303
     60,  13489
     61,  13673
     62,  13854
     63,  14049
     64,  14251
     65,  14451
     66,  14655
     67,  14848
     68,  15039
     69,  15247
     70,  15434
     71,  15632
     72,  15835
     73,  16036
     74,  16244
     75,  16455
     76,  16680
     77,  16902
     78,  17119
     79,  17315
     80,  17519
     81,  17727
     82,  17920
     83,  18113
     84,  18308
     85,  18523
     86,  18731
     87,  18932
     88,  19129
     89,  19337
     90,  19541
     91,  19736
     92,  19921
     93,  20108
     94,  20293
     95,  20484
     96,  20724
     97,  20933
     98,  21138
     99,  21362
    100,  21563
    101,  21760
    102,  21952
    103,  22151
    104,  22342
    105,  22523
    106,  22740
    107,  22947
    108,  23162
    109,  23386
    110,  23594
    111,  23813
    112,  24005
    113,  24208
    114,  24422
    115,  24592
    116,  24858
    117,  25080
    118,  25264
    119,  25516
    120,  25717
    121,  25903
    122,  26124
    123,  26325
    124,  26533
    125,  26727
    126,  26920
    127,  27151
    128,  27400
    129,  27636
    130,  27872
    131,  28044
    132,  28317
    133,  28536
    134,  28705
    135,  28966
    136,  29182
    137,  29378
    138,  29582
    139,  29782
    140,  29988
    141,  30193
    142,  30403
    143,  30629
    144,  30794
    145,  31067
    146,  31277
    147,  31471
    148,  31705
    149,  31915
    150,  32108
    151,  32320
    152,  32519
    153,  32731
    154,  32930
    155,  33133
    156,  33320
    157,  33525
    158,  33741
    159,  33967
    160,  34156
    161,  34408
    162,  34613
    163,  34801
    164,  35024
    165,  35225
    166,  35410
    167,  35635
    168,  35844
    169,  36054
    170,  36249
    171,  36454
    172,  36651
    173,  36845
    174,  37048
    175,  37242
    176,  37433
    177,  37614
    178,  37812
    179,  38043
    180,  38237
    181,  38536
    182,  38751
    183,  38923
    184,  39189
    185,  39385
    186,  39580
    187,  39793
    188,  40009
    189,  40216
    190,  40514
    191,  40752
    192,  40931
    193,  41238
    194,  41449
    195,  41620
    196,  41907
    197,  42122
    198,  42315
    199,  42572
    200,  42796
    201,  42970
    202,  43247
    203,  43472
    204,  43650
    205,  43911
    206,  44110
    207,  44291
    208,  44541
    209,  44759
    210,  44951
    211,  45229
    212,  45443
    213,  45628
    214,  45858
    215,  46069
    216,  46241
    217,  46494
    218,  46705
    219,  46898
    220,  47150
    221,  47350
    222,  47541
    223,  47772
    224,  47974
    225,  48161
    226,  48376
    227,  48580
    228,  48788
    229,  49023
    230,  49242
    231,  49443
    232,  49658
    233,  49867
    234,  50076
    235,  50325
    236,  50544
    237,  50705
    238,  51010
    239,  51238
    240,  51425
    241,  51711
    242,  51931
    243,  52113
    244,  52334
    245,  52544
    246,  52710
    247,  52980
    248,  53211
    249,  53403
    250,  53639
    251,  53837
    252,  54032
    253,  54262
    254,  54466
    255,  54665
    256,  54867
    257,  55086
    258,  55305
    259,  55572
    260,  55814
    261,  55981
    262,  56269
    263,  56486
    264,  56658
    265,  56935
    266,  57138
    267,  57330
    268,  57557
    269,  57773
    270,  57964
    271,  58233
    272,  58459
    273,  58636
    274,  58880
    275,  59079
    276,  59247
    277,  59507
    278,  59716
    279,  59913
    280,  60152
    281,  60354
    282,  60548
    283,  60766
    284,  60975
    285,  61187
    286,  61408
    287,  61621
    288,  61816
    289,  62100
    290,  62322
    291,  62511
    292,  62752
    293,  62955
    294,  63146
    295,  63367
    296,  63565
    297,  63785
    298,  63983
    299,  64194
    300,  64412
    301,  64594
    302,  64857
    303,  65058
    304,  65248
    305,  65452
    306,  65637
    307,  65835
    308,  66021
    309,  66220
    310,  66421
    311,  66618
    312,  66795
    313,  66979
    314,  67171
    315,  67364
    316,  67563
    317,  67750
    318,  67934
    319,  68136
    320,  68345
    321,  68557
    322,  68751
    323,  68982
    324,  69194
    325,  69375
    326,  69620
    327,  69817
    328,  69993
    329,  70233
    330,  70445
    331,  70633
    332,  70885
    333,  71089
    334,  71273
    335,  71513
    336,  71716
    337,  71895
    338,  72129
    339,  72323
    340,  72516
    341,  72758
    342,  72971
    343,  73165
    344,  76599
    345,  76795
    346,  76997
    347,  77244
    348,  77453
    349,  77633
    350,  77872
    351,  78075
    352,  78262
    353,  78467
    354,  78650
    355,  78842
    356,  79045
    357,  79265
    358,  79500
    359,  79669
    360,  79935
    361,  80134
    362,  80311
    363,  80528
    364,  80726
    365,  80922
    366,  81110
    367,  81313
    368,  81511
    369,  81708
    370,  81897
    371,  82081
    372,  82277
    373,  82468
    374,  82650
    375,  82833
    376,  83007
    377,  83199
    378,  83403
    379,  83609
    380,  83807
    381,  84005
    382,  84197
    383,  84398
    384,  84583
    385,  84817
    386,  85014
    387,  85199
    388,  85404
    389,  85608
    390,  85813
    391,  86019
    392,  86228
    393,  86437
    394,  86623
    395,  86887
    396,  87094
    397,  87250
    398,  87492
    399,  87696
    400,  87895
    401,  88110
    402,  88311
    403,  88513
    404,  88717
    405,  88932
    406,  89158
    407,  89369
    408,  89569
    409,  89747
    410,  89999
    411,  90213
    412,  90406
    413,  90634
    414,  90837
    415,  91033
    416,  91226
    417,  91429
    418,  91633
    419,  91847
    420,  92057
    421,  92286
    422,  92480
    423,  92726
    424,  92944
    425,  93117
    426,  93351
    427,  93545
    428,  93719
    429,  93927
    430,  94133
    431,  94344
    432,  94540
    433,  94736
    434,  94935
    435,  95127
    436,  95360
    437,  95560
    438,  95745
    439,  95953
    440,  96156
    441,  96367
    442,  96575
    443,  96790
    444,  97012
    445,  97195
    446,  97466
    447,  97681
    448,  97842
    449,  98107
    450,  98322
    451,  98509
    452,  98751
    453,  98955
    454,  99141
    455,  99357
    456,  99563
    457,  99767
    458,  99967
    459, 100166
    460, 100365
    461, 100571
    462, 100790
    463, 101012
    464, 101251
    465, 101455
    466, 101640
    467, 101873
    468, 102080
    469, 102267
    470, 102491
    471, 102691
    472, 102893
    473, 103095
    474, 103295
    475, 103499
    476, 103691
    477, 103936
    478, 104134
    479, 104316
    480, 104535
    481, 104743
    482, 104961
    483, 105168
    484, 105377
    485, 105603
    486, 105776
    487, 106050
    488, 106268
    489, 106431
    490, 106665
    491, 106857
    492, 107044
    493, 107264
    494, 107476
    495, 107687
    496, 107899
    497, 108116
    498, 108334
    499, 108506
    500, 108767
    501, 108984
    502, 109158
    503, 109442
    504, 109661
    505, 109846
    506, 110068
    507, 110279
    508, 110473
    509, 110682
    510, 110881
    511, 111077
    512, 111312
    513, 111532
    514, 111724
    515, 111980
    516, 112186
    517, 112371
    518, 112602
    519, 112808
    520, 113007
    521, 113204
    522, 113405
    523, 113620
    524, 113848
    525, 114059
    526, 114283
    527, 114496
    528, 114709
    529, 114921
    530, 115119
    531, 115317
    532, 115538
    533, 115750
    534, 115979
    535, 116206
    536, 116414
    537, 116630
    538, 116846
    539, 117067
    540, 117284
    541, 117469
    542, 117696
    543, 117912
    544, 118137
    545, 118352
    546, 118556
    547, 118754
    548, 118956
    549, 119157
    550, 119356
    551, 119539
    552, 119774
    553, 119986
    554, 120179
    555, 120412
    556, 120615
    557, 120818
    558, 121011
    559, 121199
    560, 121385
    561, 121574
    562, 121758
    563, 121946
    564, 122139
    565, 122375
    566, 122548
    567, 122744
    568, 122938
    569, 123129
    570, 123337
    571, 123538
    572, 123738
    573, 123924
    574, 124103
    575, 124300
    576, 124502
    577, 124700
    578, 124904
    579, 125101
    580, 125297
    581, 125492
    582, 125680
    583, 125866
    584, 126055
    585, 126244
    586, 126432
    587, 126635
    588, 126819
    589, 127011
    590, 127204
    591, 127394
    592, 127574
    593, 127756
    594, 127944
    595, 128134
    596, 128305
    597, 128496
    598, 128698
    599, 128903
    600, 129115
    601, 129313
    602, 129496
    603, 129687
    604, 129876
    605, 130060
    606, 130255
    607, 130431
    608, 130615
    609, 130802
    610, 130997
    611, 131180
    612, 131373
    613, 131567
    614, 131763
    615, 131941
    616, 132113
    617, 132292
    618, 132474
    619, 132633
    620, 132811
    621, 132990
    622, 133182
    623, 133368
    624, 133564
    625, 133758
    626, 133967
    627, 134161
    628, 134349
    629, 134532
    630, 134712
    631, 134893
    632, 135086
    633, 135285
    634, 135490
    635, 135718
    636, 135932
    637, 136134
    638, 136348
    639, 136552
    640, 136767
    641, 136995
    642, 137206
    643, 137422
    644, 137679
    645, 137909
    646, 138090
    647, 138389
    648, 138852
    649, 139052
    650, 139244
    651, 139442
    652, 139708
    653, 139924
    654, 140135
    655, 140343
    656, 140556
    657, 140757
    658, 140946
    659, 141201
    660, 141635
    661, 141846
    662, 142062
    663, 142261
    664, 142509
    665, 142921
    666, 143120
    667, 143319
    668, 143509
    669, 143743
    670, 143967
    671, 144199
    672, 144377
    673, 144653
    674, 144876
    675, 145056
    676, 145325
    677, 145523
    678, 145697
    679, 145947
    680, 146159
    681, 146372
    682, 146577
    683, 146828
    684, 147038
    685, 147249
    686, 147458
    687, 147679
    688, 147897
    689, 148081
    690, 148375
    691, 148609
    692, 148783
    693, 149051
    694, 149267
    695, 149448
    696, 149679
    697, 149872
    698, 150083
    699, 150314
    700, 150533
    701, 150765
    702, 150960
    703, 151276
    704, 151491
    705, 151740
    706, 151962
    707, 152175
    708, 152368
    709, 152669
    710, 152912
    711, 153106
    712, 153365
    713, 153572
    714, 153753
    715, 154017
    716, 154219
    717, 154405
    718, 154708
    719, 154942
    720, 155133
    721, 155400
    722, 155622
    723, 155814
    724, 156065
    725, 156266
    726, 156441
    727, 156697
    728, 156925
    729, 157120
    730, 157415
    731, 157630
    732, 157807
    733, 158083
    734, 158300
    735, 158473
    736, 158739
    737, 158954
    738, 159144
    739, 159449
    740, 159681
    741, 159863
    742, 160142
    743, 160363
    744, 160528
    745, 160806
    746, 161039
    747, 161227
    748, 161510
    749, 161727
    750, 161912
    751, 162170
    752, 162382
    753, 162562
    754, 162835
    755, 163055
    756, 163234
    757, 163537
    758, 163770
    759, 163955
    760, 164210
    761, 164420
    762, 164599
    763, 164853
    764, 165050
    765, 165243
    766, 165468
    767, 165677
    768, 165887
    769, 166106
    770, 166339
    771, 166573
    772, 166770
    773, 167063
    774, 167276
    775, 167462
    776, 167806
    777, 168038
    778, 168230
    779, 168521
    780, 168748
    781, 168930
    782, 169224
    783, 169432
    784, 169619
    785, 169931
    786, 170162
    787, 170361
    788, 170662
    789, 170885
    790, 171066
    791, 171351
    792, 171572
    793, 171751
    794, 172046
    795, 172280
    796, 172463
    797, 172757
    798, 172983
    799, 173172
    800, 173464
    801, 173671
    802, 173866
    803, 174141
    804, 174378
    805, 174566
    806, 174824
    807, 175050
    808, 175222
    809, 175506
    810, 175729
    811, 175901
    812, 176201
    813, 176428
    814, 176620
    815, 176898
    816, 177120
    817, 177304
    818, 177569
    819, 177787
    820, 177950
    821, 178253
    822, 178487
    823, 178676
    824, 178978
    825, 179196
    826, 179375
    827, 179645
    828, 179864
    829, 180032
    830, 180310
    831, 180540
    832, 180726
    833, 181051
    834, 181276
    835, 181453
    836, 181758
    837, 181974
    838, 182150
    839, 182475
    840, 182700
    841, 182886
    842, 183217
    843, 183435
    844, 183615
    845, 183917
    846, 184134
    847, 184303
    848, 184579
    849, 184811
    850, 185003
    851, 185309
    852, 185530
    853, 185705
    854, 185983
    855, 186205
    856, 186370
    857, 186646
    858, 186872
    859, 187051
    860, 187368
    861, 187606
    862, 187775
    863, 188051
    864, 188263
    865, 188430
    866, 188688
    867, 188900
    868, 189083
    869, 189398
    870, 189629
    871, 189794
    872, 190101
    873, 190329
    874, 190497
    875, 190774
    876, 190983
    877, 191161
    878, 191421
    879, 191656
    880, 191835
    881, 192104
    882, 192329
    883, 192500
    884, 192797
    885, 193018
    886, 193179
    887, 193473
    888, 193704
    889, 193878
    890, 194157
    891, 194386
    892, 194565
    893, 194846
    894, 195062
    895, 195229
    896, 195510
    897, 195743
    898, 195919
    899, 196176
    900, 196383
    901, 196573
    902, 196783
    903, 196983
    904, 197180
    905, 197361
    906, 197542
    907, 197747
    908, 197949
    909, 198259
    910, 198485
    911, 198661
    912, 198961
    913, 199177
    914, 199341
    915, 199594
    916, 199815
    917, 199995
    918, 200293
    919, 200521
    920, 200701
    921, 201011
    922, 201229
    923, 201388
    924, 201686
    925, 201900
    926, 202074
    927, 202362
    928, 202593
    929, 202776
    930, 203028
    931, 203247
    932, 203418
    933, 203695
    934, 203904
    935, 204077
    936, 204363
    937, 204596
    938, 204779
    939, 205040
    940, 205269
    941, 205438
    942, 205703
    943, 205916
    944, 206087
    945, 206388
    946, 206621
    947, 206801
    948, 207079
    949, 207304
    950, 207477
    951, 207740
    952, 207957
    953, 208135
    954, 208375
    955, 208600
    956, 208785
    957, 209066
    958, 209293
    959, 209463
    960, 209757
    961, 209976
    962, 210158
    963, 210409
    964, 210634
    965, 210812
    966, 211087
    967, 211316
    968, 211506
    969, 211775
    970, 211995
    971, 212170
    972, 212425
    973, 212635
    974, 212811
    975, 213100
    976, 213330
    977, 213517
    978, 213774
    979, 213997
    980, 214178
    981, 214452
    982, 214670
    983, 214830
    984, 215105
    985, 215335
    986, 215531
    987, 215784
    988, 215995
    989, 216178
    990, 216417
    991, 216625
    992, 216811
    993, 217071
    994, 217300
    995, 217482
    996, 217752
    997, 217974
    998, 218146
    999, 218411
   1000, 218628
   1001, 218796
   1002, 219041
   1003, 219253
   1004, 219450
   1005, 219720
   1006, 219942
   1007, 220120
   1008, 220366
   1009, 220577
   1010, 220752
   1011, 221005
   1012, 221206
   1013, 221389
   1014, 221638
   1015, 221849
   1016, 222046
   1017, 222284
   1018, 222491
   1019, 222685
   1020, 222927
   1021, 223133
   1022, 223311
   1023, 223569
   1024, 223795
   1025, 223978
   1026, 224227
   1027, 224427
   1028, 224676
   1029, 224962
   1030, 225177
   1031, 225336
   1032, 225620
   1033, 225843
   1034, 226025
   1035, 226247
   1036, 226446
   1037, 226638
   1038, 226828
   1039, 227015
   1040, 227196
   1041, 227379
   1042, 227569
   1043, 227747
   1044, 227942
   1045, 228139
   1046, 228350
   1047, 228567
   1048, 228777
   1049, 228975
   1050, 229230
   1051, 229432
   1052, 229619
   1053, 229841
   1054, 230053
   1055, 230257
   1056, 230497
   1057, 230709
   1058, 230921
   1059, 231121
   1060, 231331
   1061, 231543
   1062, 231728
   1063, 231981
   1064, 232197
   1065, 232403
   1066, 232608
   1067, 232823
   1068, 233029
   1069, 233227
   1070, 233428
   1071, 233631
   1072, 233821
   1073, 234050
   1074, 234258
   1075, 234465
   1076, 234712
   1077, 234935
   1078, 235124
   1079, 235403
   1080, 235631
   1081, 235803
   1082, 236038
   1083, 236236
   1084, 236419
   1085, 236648
   1086, 236872
   1087, 237099
   1088, 237347
   1089, 237576
   1090, 237749
   1091, 238045
   1092, 238269
   1093, 238431
   1094, 238694
   1095, 238919
   1096, 239108
   1097, 239359
   1098, 239575
   1099, 239769
   1100, 240016
   1101, 240226
   1102, 240398
   1103, 240649
   1104, 240876
   1105, 241061
   1106, 241323
   1107, 241536
   1108, 241727
   1109, 241957
   1110, 242167
   1111, 242351
   1112, 242597
   1113, 242797
   1114, 242979
   1115, 243255
   1116, 243492
   1117, 243680
   1118, 243933
   1119, 244147
   1120, 244316
   1121, 244579
   1122, 244793
   1123, 244962
   1124, 245233
   1125, 245462
   1126, 245646
   1127, 245901
   1128, 246128
   1129, 246306
   1130, 246560
   1131, 246758
   1132, 246945
   1133, 247183
   1134, 247392
   1135, 247588
   1136, 247834
   1137, 248045
   1138, 248236
   1139, 248468
   1140, 248678
   1141, 248870
   1142, 249106
   1143, 249299
   1144, 249485
   1145, 249727
   1146, 249943
   1147, 250141
   1148, 250424
   1149, 250651
   1150, 250821
   1151, 251067
   1152, 251272
   1153, 251449
   1154, 251693
   1155, 251911
   1156, 252102
   1157, 252374
   1158, 252595
   1159, 252770
   1160, 253049
   1161, 253271
   1162, 253437
   1163, 253681
   1164, 253908
   1165, 254101
   1166, 254381
   1167, 254612
   1168, 254789
   1169, 255050
   1170, 255268
   1171, 255441
   1172, 255699
   1173, 255904
   1174, 256091
   1175, 256374
   1176, 256606
   1177, 256800
   1178, 257084
   1179, 257311
   1180, 257490
   1181, 257738
   1182, 257949
   1183, 258127
   1184, 258432
   1185, 258669
   1186, 258860
   1187, 259129
   1188, 259356
   1189, 259544
   1190, 259793
   1191, 260001
   1192, 260171
   1193, 260448
   1194, 260671
   1195, 260864
   1196, 261143
   1197, 261355
   1198, 261546
   1199, 261803
   1200, 262016
   1201, 262197
   1202, 262459
   1203, 262679
   1204, 262868
   1205, 263148
   1206, 263361
   1207, 263553
   1208, 263821
   1209, 264032
   1210, 264212
   1211, 264482
   1212, 264718
   1213, 264906
   1214, 265216
   1215, 265440
   1216, 265622
   1217, 265886
   1218, 266092
   1219, 266279
   1220, 266549
   1221, 266780
   1222, 266949
   1223, 267260
   1224, 267502
   1225, 267675
   1226, 267951
   1227, 268167
   1228, 268341
   1229, 268612
   1230, 268828
   1231, 269007
   1232, 269292
   1233, 269526
   1234, 269696
   1235, 269975
   1236, 270208
   1237, 270382
   1238, 270660
   1239, 270871
   1240, 271044
   1241, 271326
   1242, 271565
   1243, 271744
   1244, 272031
   1245, 272258
   1246, 272428
   1247, 272718
   1248, 272946
   1249, 273115
   1250, 273397
   1251, 273633
   1252, 273813
   1253, 274094
   1254, 274321
   1255, 274503
   1256, 274775
   1257, 274992
   1258, 275162
   1259, 275419
   1260, 275640
   1261, 275833
   1262, 276098
   1263, 276314
   1264, 276499
   1265, 276786
   1266, 277010
   1267, 277187
   1268, 277437
   1269, 277660
   1270, 277836
   1271, 278119
   1272, 278353
   1273, 278528
   1274, 278807
   1275, 279026
   1276, 279200
   1277, 279455
   1278, 279675
   1279, 279852
   1280, 280150
   1281, 280379
   1282, 280560
   1283, 280857
   1284, 281079
   1285, 281254
   1286, 281503
   1287, 281711
   1288, 281881
   1289, 282150
   1290, 282385
   1291, 282567
   1292, 282862
   1293, 283082
   1294, 283260
   1295, 283545
   1296, 283764
   1297, 283920
   1298, 284184
   1299, 284416
   1300, 284600
   1301, 284863
   1302, 285091
   1303, 285263
   1304, 285522
   1305, 285738
   1306, 285906
   1307, 286179
   1308, 286408
   1309, 286591
   1310, 286854
   1311, 287071
   1312, 287250
   1313, 287504
   1314, 287721
   1315, 287896
   1316, 288166
   1317, 288387
   1318, 288572
   1319, 288882
   1320, 289114
   1321, 289283
   1322, 289534
   1323, 289743
   1324, 289917
   1325, 290172
   1326, 290390
   1327, 290566
   1328, 290853
   1329, 291083
   1330, 291268
   1331, 291537
   1332, 291760
   1333, 291923
   1334, 292177
   1335, 292391
   1336, 292554
   1337, 292819
   1338, 293040
   1339, 293234
   1340, 293490
   1341, 293699
   1342, 293879
   1343, 294155
   1344, 294369
   1345, 294541
   1346, 294800
   1347, 295024
   1348, 295205
   1349, 295472
   1350, 295692
   1351, 295871
   1352, 296134
   1353, 296346
   1354, 296519
   1355, 296784
   1356, 297003
   1357, 297189
   1358, 297453
   1359, 297679
   1360, 297852
   1361, 298120
   1362, 298342
   1363, 298521
   1364, 298791
   1365, 298999
   1366, 299178
   1367, 299467
   1368, 299698
   1369, 299878
   1370, 300133
   1371, 300343
   1372, 300526
   1373, 300791
   1374, 300999
   1375, 301180
   1376, 301427
   1377, 301639
   1378, 301841
   1379, 302083
   1380, 302297
   1381, 302487
   1382, 302758
   1383, 302977
   1384, 303154
   1385, 303410
   1386, 303629
   1387, 303823
   1388, 304090
   1389, 304305
   1390, 304489
   1391, 304781
   1392, 304998
   1393, 305178
   1394, 305417
   1395, 305628
   1396, 305817
   1397, 306111
   1398, 306352
   1399, 306534
   1400, 306824
   1401, 307044
   1402, 307225
   1403, 307495
   1404, 307708
   1405, 307883
   1406, 308164
   1407, 308397
   1408, 308577
   1409, 308863
   1410, 309094
   1411, 309269
   1412, 309530
   1413, 309741
   1414, 309916
   1415, 310210
   1416, 310443
   1417, 310625
   1418, 310901
   1419, 311128
   1420, 311305
   1421, 311573
   1422, 311795
   1423, 311955
   1424, 312215
   1425, 312438
   1426, 312637
   1427, 312912
   1428, 313126
   1429, 313311
   1430, 313550
   1431, 313758
   1432, 313943
   1433, 314172
   1434, 314401
   1435, 314619
   1436, 314866
   1437, 315084
   1438, 315290
   1439, 315594
   1440, 315830
   1441, 315988
   1442, 316274
   1443, 316492
   1444, 316683
   1445, 316912
   1446, 317122
   1447, 317317
   1448, 317509
   1449, 317703
   1450, 317907
   1451, 318117
   1452, 318318
   1453, 318519
   1454, 318740
   1455, 318923
   1456, 319205
   1457, 319422
   1458, 319612
   1459, 319825
   1460, 320020
   1461, 320207
   1462, 320403
   1463, 320631
   1464, 320851
   1465, 321072
   1466, 321272
   1467, 321480
   1468, 321687
   1469, 321880
   1470, 322085
   1471, 322281
   1472, 322474
   1473, 322673
   1474, 322867
   1475, 323085
   1476, 323322
   1477, 323515
   1478, 323812
   1479, 324038
   1480, 324209
   1481, 324466
   1482, 324673
   1483, 324860
   1484, 325088
   1485, 325186
   1486, 325302
   1487, 325517
   1488, 325718
   1489, 325998
   1490, 326215
   1491, 326407
   1492, 326642
   1493, 326848
   1494, 327032
   1495, 327281
   1496, 327505
   1497, 327738
   1498, 327963
   1499, 328177
   1500, 328402
   1501, 328584
   1502, 328845
   1503, 329055
   1504, 329224
   1505, 329487
   1506, 329710
   1507, 329906
   1508, 330176
   1509, 330394
   1510, 330607
   1511, 330810
   1512, 331030
   1513, 331264
   1514, 331506
   1515, 331748
   1516, 331993
   1517, 332221
   1518, 332499
   1519, 332733
   1520, 332926
   1521, 333221
   1522, 333442
   1523, 333614
   1524, 333895
   1525, 334127
   1526, 334334
   1527, 334590
   1528, 334808
   1529, 334997
   1530, 335206
   1531, 335529
   1532, 335741
   1533, 335973
   1534, 336201
   1535, 336448
   1536, 336651
   1537, 336944
   1538, 337172
   1539, 337404
   1540, 337628
   1541, 337850
   1542, 338053
   1543, 338362
   1544, 338598
   1545, 338787
   1546, 339092
   1547, 339326
   1548, 339558
   1549, 339775
   1550, 339978
   1551, 340173
   1552, 340454
   1553, 340708
   1554, 340878
   1555, 341211
   1556, 341437
   1557, 341687
   1558, 341910
   1559, 342136
   1560, 342324
   1561, 342570
   1562, 342794
   1563, 343005
   1564, 343229
   1565, 343441
   1566, 343648
   1567, 343842
   1568, 344062
   1569, 344266
   1570, 344481
   1571, 344735
   1572, 344976
   1573, 345216
   1574, 345409
   1575, 345719
   1576, 345942
   1577, 346120
   1578, 346429
   1579, 346645
   1580, 346822
   1581, 347092
   1582, 347324
   1583, 347516
   1584, 347802
   1585, 348030
   1586, 348209
   1587, 348513
   1588, 348728
   1589, 348928
   1590, 349239
   1591, 349469
   1592, 349661
   1593, 349973
   1594, 350197
   1595, 350434
   1596, 350664
   1597, 350882
   1598, 351136
   1599, 351390
   1600, 351635
   1601, 351898
   1602, 352136
   1603, 352374
   1604, 352630
   1605, 352868
   1606, 353031
   1607, 353363
   1608, 353595
   1609, 353811
   1610, 354059
   1611, 354284
   1612, 354505
   1613, 354692
   1614, 354973
   1615, 355196
   1616, 355401
   1617, 355745
   1618, 355973
   1619, 356239
   1620, 356469
   1621, 356706
   1622, 356930
   1623, 357158
   1624, 357370
   1625, 357663
   1626, 357926
   1627, 358097
   1628, 358421
   1629, 358643
   1630, 358829
   1631, 359072
   1632, 359283
   1633, 359472
   1634, 359751
   1635, 359991
   1636, 360191
   1637, 360484
   1638, 360715
   1639, 360932
   1640, 361160
   1641, 361385
   1642, 361629
   1643, 361866
   1644, 362109
   1645, 362371
   1646, 362613
   1647, 362837
   1648, 363083
   1649, 363315
   1650, 363542
   1651, 363747
   1652, 363950
   1653, 364166
   1654, 364393
   1655, 364624
   1656, 364863
   1657, 365080
   1658, 365363
   1659, 365590
   1660, 365786
   1661, 365961
   1662, 366101
   1663, 366326
   1664, 366560
   1665, 366760
   1666, 366962
   1667, 367084
   1668, 367318
   1669, 367556
   1670, 367747
   1671, 368032
   1672, 368251
   1673, 368448
   1674, 368759
   1675, 368997
   1676, 369214
   1677, 369435
   1678, 369653
   1679, 369849
   1680, 370148
   1681, 370364
   1682, 370559
   1683, 370836
   1684, 371080
   1685, 371315
   1686, 371536
   1687, 371754
   1688, 371983
   1689, 372228
   1690, 372447
   1691, 372684
   1692, 372948
   1693, 373194
   1694, 373427
   1695, 373689
   1696, 373940
   1697, 374163
   1698, 374410
   1699, 374624
   1700, 374857
   1701, 375096
   1702, 375339
   1703, 375583
   1704, 375814
   1705, 376052
   1706, 376275
   1707, 376550
   1708, 376769
   1709, 376974
   1710, 377140
   1711, 377288
   1712, 377519
   1713, 377748
   1714, 377942
   1715, 378172
   1716, 378313
   1717, 378515
   1718, 378732
   1719, 378924
   1720, 379197
   1721, 379446
   1722, 379637
   1723, 379911
   1724, 380128
   1725, 380332
   1726, 380526
   1727, 380730
   1728, 380939
   1729, 381149
   1730, 381393
   1731, 381643
   1732, 381833
   1733, 382177
   1734, 382400
   1735, 382630
   1736, 382851
   1737, 383077
   1738, 383292
   1739, 383546
   1740, 383788
   1741, 384024
   1742, 384287
   1743, 384540
   1744, 384769
   1745, 385047
   1746, 385266
   1747, 385468
   1748, 385650
   1749, 385783
   1750, 385992
   1751, 386245
   1752, 386431
   1753, 386794
   1754, 387028
   1755, 387263
   1756, 387485
   1757, 387705
   1758, 387940
   1759, 388197
   1760, 388434
   1761, 388725
   1762, 388971
   1763, 389166
   1764, 389339
   1765, 389476
   1766, 389704
   1767, 389949
   1768, 390192
   1769, 390438
   1770, 390679
   1771, 390955
   1772, 391200
   1773, 391432
   1774, 391709
   1775, 391939
   1776, 392143
   1777, 392323
   1778, 392471
   1779, 392735
   1780, 392979
   1781, 393222
   1782, 393456
   1783, 393686
   1784, 393947
   1785, 394178
   1786, 394415
   1787, 394661
   1788, 394910
   1789, 395152
   1790, 395430
   1791, 395663
   1792, 395886
   1793, 396141
   1794, 396364
   1795, 396606
   1796, 396868
   1797, 397113
   1798, 397341
   1799, 397604
   1800, 397846
   1801, 398070
   1802, 398314
   1803, 398541
   1804, 398781
   1805, 399034
   1806, 399272
   1807, 399512
   1808, 399737
   1809, 399968
   1810, 400194
   1811, 400461
   1812, 400689
   1813, 400927
   1814, 401202
   1815, 401448
   1816, 401672
   1817, 401851
   1818, 402179
   1819, 402397
   1820, 402612
   1821, 402825
   1822, 403073
   1823, 403326
   1824, 403570
   1825, 403798
   1826, 404074
   1827, 404312
   1828, 404489
   1829, 404674
   1830, 404810
   1831, 405075
   1832, 405302
   1833, 405619
   1834, 405871
   1835, 406115
   1836, 406352
   1837, 406577
   1838, 406806
   1839, 407029
   1840, 407262
   1841, 407546
   1842, 407791
   1843, 408022
   1844, 408280
   1845, 408523
   1846, 408748
   1847, 408977
   1848, 409197
   1849, 409434
   1850, 409673
   1851, 409919
   1852, 410165
   1853, 410400
   1854, 410623
   1855, 410851
   1856, 411090
   1857, 411303
   1858, 411530
   1859, 411748
   1860, 411986
   1861, 412227
   1862, 412470
   1863, 412707
   1864, 412934
   1865, 413172
   1866, 413391
   1867, 413617
   1868, 413863
   1869, 414100
   1870, 414336
   1871, 414562
   1872, 414794
   1873, 415020
   1874, 415272
   1875, 415505
   1876, 415719
   1877, 415972
   1878, 416211
   1879, 416457
   1880, 416681
   1881, 416912
   1882, 417139
   1883, 417379
   1884, 417602
   1885, 417825
   1886, 418086
   1887, 418323
   1888, 418560
   1889, 418801
   1890, 419032
   1891, 419266
   1892, 419503
   1893, 419719
   1894, 419932
   1895, 420182
   1896, 420426
   1897, 420668
   1898, 420901
   1899, 421133
   1900, 421360
   1901, 421619
   1902, 421853
   1903, 422075
   1904, 422285
   1905, 422509
   1906, 422731
   1907, 422947
   1908, 423164
   1909, 423373
   1910, 423571
   1911, 423766
   1912, 423951
   1913, 424138
   1914, 424323
   1915, 424514
   1916, 424703
   1917, 424888
   1918, 425073
   1919, 425253
   1920, 425431
   1921, 425601
   1922, 425779
   1923, 425948
   1924, 426116
   1925, 426279
   1926, 426437
   1927, 426600
   1928, 426772
   1929, 426952
   1930, 427133
   1931, 427304
   1932, 427475
   1933, 427635
   1934, 427807
   1935, 427980
   1936, 428146
   1937, 428319
   1938, 428495
   1939, 428686
   1940, 428871
   1941, 429072
   1942, 429283
   1943, 429491
   1944, 429695
   1945, 429878
   1946, 429974
   1947, 430067
   1948, 430245
   1949, 430431
   1950, 430620
   1951, 430799
   1952, 430996
   1953, 431198
   1954, 431412
   1955, 431612
   1956, 431809
   1957, 432007
   1958, 432195
   1959, 432389
   1960, 432573
   1961, 432758
   1962, 432935
   1963, 433080
   1964, 433155
   1965, 433334
   1966, 433531
   1967, 433730
   1968, 433926
   1969, 434109
   1970, 434295
   1971, 434480
   1972, 434667
   1973, 434860
   1974, 435045
   1975, 435225
   1976, 435424
   1977, 435627
   1978, 435827
   1979, 436029
   1980, 436225
   1981, 436429
   1982, 436632
   1983, 436834
   1984, 437051
   1985, 437238
   1986, 437434
   1987, 437647
   1988, 437860
   1989, 438079
   1990, 439108
   1991, 439486
   1992, 439688
   1993, 439899
   1994, 440125
   1995, 440338
   1996, 440540
   1997, 440730
   1998, 440922
   1999, 441111
   2000, 441302
   2001, 441488
   2002, 441678
   2003, 441895
   2004, 442104
   2005, 442328
   2006, 442554
   2007, 442765
   2008, 442976
   2009, 443185
   2010, 443383
   2011, 443581
   2012, 443785
   2013, 443939
   2014, 444202
   2015, 444414
   2016, 444626
   2017, 444823
   2018, 445025
   2019, 445228
   2020, 445421
   2021, 445620
   2022, 445808
   2023, 445996
   2024, 446189
   2025, 446389
   2026, 446592
   2027, 446786
   2028, 446986
   2029, 447189
   2030, 447387
   2031, 447579
   2032, 447769
   2033, 447964
   2034, 448169
   2035, 448388
   2036, 448658
   2037, 448877
   2038, 449087
   2039, 449299
   2040, 449514
   2041, 449740
   2042, 449965
   2043, 450172
   2044, 450388
   2045, 450614
   2046, 450861
   2047, 451089
   2048, 451308
   2049, 451532
   2050, 451763
   2051, 451990
   2052, 452206
   2053, 452431
   2054, 452652
   2055, 452882
   2056, 453103
   2057, 453328
   2058, 453551
   2059, 453758
   2060, 453968
   2061, 454131
   2062, 454391
   2063, 454586
   2064, 454783
   2065, 455002
   2066, 455218
   2067, 455438
   2068, 455667
   2069, 455874
   2070, 456090
   2071, 456285
   2072, 456468
   2073, 456703
   2074, 456910
   2075, 457099
   2076, 457314
   2077, 458442
   2078, 458612
   2079, 458802
   2080, 458991
   2081, 459189
   2082, 459388
   2083, 459601
   2084, 459830
   2085, 460073
   2086, 460293
   2087, 460521
   2088, 460728
   2089, 460925
   2090, 461114
   2091, 461330
   2092, 461554
   2093, 461784
   2094, 462003
   2095, 462219
   2096, 462439
   2097, 462643
   2098, 462845
   2099, 463043
   2100, 463252
   2101, 463473
   2102, 463712
   2103, 463971
   2104, 464215
   2105, 464439
   2106, 464684
   2107, 464888
   2108, 465097
   2109, 465287
   2110, 465488
   2111, 465697
   2112, 465911
   2113, 466110
   2114, 466307
   2115, 466492
   2116, 466691
   2117, 466894
   2118, 467093
   2119, 467286
   2120, 467471
   2121, 467683
   2122, 467913
   2123, 468142
   2124, 468356
   2125, 468578
   2126, 468804
   2127, 469015
   2128, 469229
   2129, 469438
   2130, 469628
   2131, 469828
   2132, 470027
   2133, 470232
   2134, 470441
   2135, 470644
   2136, 470845
   2137, 471041
   2138, 471240
   2139, 471443
   2140, 471662
   2141, 471888
   2142, 472132
   2143, 472358
   2144, 472853
   2145, 473066
   2146, 473265
   2147, 473465
   2148, 473667
   2149, 473891
   2150, 474145
   2151, 474380
   2152, 474655
   2153, 474906
   2154, 475082
   2155, 475344
   2156, 475559
   2157, 475760
   2158, 475959
   2159, 476178
   2160, 476413
   2161, 476629
   2162, 476848
   2163, 477064
   2164, 477290
   2165, 477506
   2166, 477661
   2167, 477932
   2168, 478137
   2169, 478316
   2170, 478511
   2171, 478708
   2172, 478904
   2173, 479103
   2174, 479292
   2175, 479483
   2176, 479696
   2177, 479931
   2178, 480154
   2179, 480406
   2180, 480620
   2181, 480828
   2182, 481038
   2183, 481258
   2184, 481477
   2185, 481706
   2186, 481925
   2187, 482186
   2188, 482406
   2189, 482605
   2190, 482815
   2191, 483036
   2192, 483255
   2193, 483484
   2194, 483707
   2195, 483948
   2196, 484163
   2197, 484366
   2198, 484557
   2199, 484800
   2200, 485014
   2201, 485232
   2202, 485463
   2203, 485689
   2204, 485916
   2205, 486116
   2206, 486333
   2207, 486538
   2208, 486748
   2209, 486955
   2210, 487212
   2211, 487453
   2212, 487663
   2213, 487876
   2214, 488077
   2215, 488273
   2216, 488465
   2217, 488645
   2218, 488826
   2219, 489003
   2220, 489174
   2221, 489358
   2222, 489547
   2223, 489745
   2224, 489943
   2225, 490149
   2226, 490355
   2227, 490562
   2228, 490759
   2229, 490952
   2230, 491142
   2231, 491321
   2232, 491519
   2233, 491727
   2234, 491940
   2235, 492149
   2236, 492360
   2237, 492564
   2238, 492798
   2239, 493008
   2240, 493437
   2241, 493650
   2242, 493876
   2243, 494138
   2244, 494388
   2245, 494615
   2246, 494831
   2247, 495056
   2248, 495255
   2249, 495461
   2250, 495651
   2251, 495864
   2252, 496104
   2253, 496340
   2254, 496633
   2255, 496860
   2256, 497107
   2257, 497331
   2258, 497556
   2259, 497739
   2260, 498011
   2261, 500155
   2262, 500411
   2263, 500634
   2264, 500861
   2265, 501072
   2266, 501295
   2267, 501521
   2268, 501725
   2269, 501927
   2270, 502139
   2271, 502369
   2272, 502599
   2273, 502825
   2274, 503047
   2275, 503267
   2276, 503495
   2277, 503766
   2278, 503998
   2279, 504210
   2280, 504428
   2281, 504655
   2282, 504888
   2283, 505119
   2284, 505344
   2285, 505578
   2286, 505836
   2287, 506060
   2288, 506268
   2289, 506448
   2290, 506722
   2291, 506956
   2292, 507164
   2293, 507372
   2294, 507580
   2295, 507776
   2296, 507990
   2297, 508191
   2298, 508387
   2299, 508588
   2300, 508790
   2301, 508996
   2302, 509217
   2303, 509422
   2304, 509630
   2305, 509826
   2306, 510027
   2307, 510229
   2308, 510429
   2309, 510634
   2310, 510851
   2311, 511072
   2312, 511307
   2313, 511561
   2314, 511794
   2315, 512027
   2316, 512229
   2317, 512460
   2318, 512669
   2319, 512870
   2320, 513084
   2321, 513321
   2322, 513553
   2323, 513776
   2324, 513999
   2325, 514196
   2326, 514410
   2327, 514635
   2328, 514828
   2329, 515023
   2330, 515230
   2331, 515446
   2332, 515716
   2333, 515951
   2334, 516206
   2335, 516430
   2336, 516657
   2337, 516861
   2338, 517074
   2339, 517293
   2340, 517500
   2341, 517709
   2342, 517919
   2343, 518132
   2344, 518346
   2345, 518587
   2346, 518781
   2347, 519041
   2348, 519257
   2349, 519444
   2350, 519656
   2351, 519877
   2352, 520097
   2353, 520322
   2354, 520546
   2355, 520747
   2356, 520966
   2357, 521190
   2358, 521417
   2359, 521625
   2360, 521855
   2361, 522078
   2362, 522315
   2363, 522548
   2364, 522791
   2365, 523009
   2366, 523218
   2367, 523407
   2368, 523619
   2369, 523813
   2370, 524030
   2371, 524263
   2372, 524507
   2373, 524728
   2374, 524933
   2375, 525144
   2376, 525353
   2377, 525554
   2378, 525743
   2379, 525936
   2380, 526146
   2381, 526353
   2382, 526573
   2383, 526771
   2384, 526988
   2385, 527211
   2386, 527466
   2387, 527693
   2388, 528125
   2389, 528355
   2390, 528563
   2391, 528773
   2392, 528974
   2393, 529186
   2394, 529388
   2395, 529605
   2396, 529813
   2397, 530042
   2398, 530244
   2399, 530459
   2400, 530693
   2401, 530913
   2402, 531108
   2403, 531320
   2404, 531528
   2405, 531721
   2406, 531930
   2407, 532160
   2408, 532379
   2409, 532605
   2410, 532845
   2411, 533084
   2412, 533348
   2413, 533576
   2414, 533796
   2415, 533990
   2416, 534226
   2417, 534432
   2418, 534622
   2419, 534827
   2420, 535024
   2421, 535218
   2422, 535408
   2423, 535603
   2424, 535816
   2425, 536045
   2426, 536285
   2427, 536499
   2428, 536760
   2429, 536992
   2430, 537244
   2431, 537482
   2432, 537696
   2433, 537899
   2434, 538097
   2435, 538295
   2436, 538499
   2437, 538710
   2438, 538927
   2439, 539153
   2440, 539371
   2441, 539596
   2442, 539803
   2443, 540019
   2444, 540238
   2445, 540445
   2446, 540648
   2447, 540847
   2448, 541045
   2449, 541253
   2450, 541467
   2451, 541666
   2452, 541905
   2453, 542113
   2454, 542311
   2455, 542519
   2456, 542723
   2457, 542924
   2458, 543127
   2459, 543328
   2460, 543543
   2461, 543775
   2462, 543995
   2463, 544201
   2464, 544453
   2465, 544669
   2466, 544851
   2467, 545114
   2468, 545322
   2469, 545522
   2470, 545732
   2471, 545938
   2472, 546144
   2473, 546382
   2474, 546588
   2475, 546784
   2476, 546997
   2477, 547188
   2478, 547387
   2479, 547563
   2480, 547767
   2481, 547975
   2482, 548190
   2483, 548387
   2484, 548582
   2485, 548788
   2486, 548997
   2487, 549199
   2488, 549398
   2489, 549583
   2490, 549783
   2491, 549999
   2492, 550213
   2493, 550426
   2494, 550629
   2495, 550823
   2496, 551012
   2497, 551197
   2498, 551389
   2499, 551593
   2500, 551793
   2501, 552004
   2502, 552195
   2503, 552453
   2504, 552663
   2505, 552863
   2506, 553059
   2507, 553261
   2508, 553471
   2509, 553684
   2510, 553877
   2511, 554101
   2512, 554326
   2513, 554596
   2514, 554824
   2515, 555049
   2516, 555260
   2517, 555473
   2518, 555671
   2519, 555886
   2520, 556111
   2521, 556365
   2522, 556587
   2523, 556811
   2524, 557027
   2525, 557257
   2526, 557487
   2527, 557689
   2528, 557886
   2529, 558076
   2530, 558272
   2531, 558482
   2532, 558705
   2533, 558932
   2534, 559133
   2535, 559332
   2536, 559541
   2537, 559756
   2538, 559987
   2539, 560205
   2540, 560417
   2541, 560627
   2542, 560867
   2543, 561111
   2544, 561347
   2545, 561558
   2546, 561789
   2547, 562013
   2548, 562244
   2549, 562467
   2550, 562679
   2551, 562911
   2552, 563150
   2553, 563414
   2554, 563646
   2555, 563879
   2556, 564129
   2557, 564347
   2558, 564567
   2559, 564808
   2560, 565054
   2561, 565291
   2562, 565539
   2563, 565779
   2564, 566008
   2565, 566253
   2566, 566484
   2567, 566708
   2568, 566942
   2569, 567166
   2570, 567405
   2571, 567671
   2572, 567900
   2573, 568130
   2574, 568375
   2575, 568606
   2576, 568825
   2577, 569062
   2578, 569310
   2579, 569539
   2580, 569807
   2581, 570057
   2582, 570292
   2583, 570558
   2584, 570784
   2585, 571006
   2586, 571252
   2587, 571482
   2588, 571723
   2589, 571989
   2590, 572229
   2591, 572453
   2592, 572696
   2593, 572942
   2594, 573162
   2595, 573435
   2596, 573681
   2597, 573939
   2598, 574186
   2599, 574421
   2600, 574668
   2601, 574908
   2602, 575125
   2603, 575370
   2604, 575598
   2605, 575829
   2606, 576092
   2607, 576326
   2608, 576563
   2609, 576830
   2610, 577060
   2611, 577286
   2612, 577469
   2613, 577774
   2614, 578002
   2615, 578261
   2616, 578495
   2617, 578726
   2618, 578971
   2619, 579198
   2620, 579421
   2621, 579687
   2622, 579919
   2623, 580138
   2624, 580325
   2625, 580451
   2626, 580703
   2627, 580947
   2628, 581140
   2629, 581326
   2630, 581459
   2631, 581702
   2632, 581928
   2633, 582181
   2634, 582441
   2635, 582677
   2636, 582978
   2637, 583222
   2638, 583402
   2639, 583722
   2640, 583939
   2641, 584196
   2642, 584429
   2643, 584676
   2644, 584935
   2645, 585188
   2646, 585410
   2647, 585683
   2648, 585924
   2649, 586121
   2650, 586463
   2651, 586684
   2652, 586972
   2653, 587223
   2654, 587720
   2655, 587940
   2656, 588181
   2657, 588397
   2658, 588621
   2659, 588850
   2660, 589104
   2661, 589335
   2662, 589641
   2663, 589873
   2664, 590135
   2665, 590378
   2666, 590576
   2667, 590750
   2668, 590882
   2669, 591129
   2670, 591376
   2671, 591656
   2672, 591894
   2673, 592086
   2674, 592270
   2675, 592414
   2676, 592658
   2677, 592872
   2678, 593154
   2679, 593417
   2680, 593584
   2681, 593926
   2682, 594156
   2683, 594403
   2684, 594621
   2685, 594843
   2686, 595050
   2687, 595275
   2688, 595522
   2689, 595783
   2690, 596016
   2691, 596242
   2692, 596497
   2693, 596741
   2694, 596963
   2695, 597204
   2696, 597437
   2697, 597676
   2698, 597938
   2699, 598173
   2700, 598411
   2701, 598642
   2702, 598885
   2703, 599106
   2704, 599349
   2705, 599576
   2706, 599807
   2707, 600013
   2708, 600235
   2709, 600466
   2710, 600687
   2711, 600905
   2712, 601133
   2713, 601345
   2714, 601559
   2715, 601795
   2716, 602086
   2717, 602342
   2718, 602510
   2719, 602832
   2720, 603059
   2721, 603331
   2722, 603561
   2723, 603744
   2724, 604048
   2725, 604274
   2726, 604560
   2727, 604806
   2728, 604983
   2729, 605286
   2730, 605502
   2731, 605747
   2732, 605972
   2733, 606213
   2734, 606420
   2735, 606741
   2736, 606957
   2737, 607236
   2738, 607482
   2739, 607674
   2740, 608017
   2741, 608271
   2742, 608530
   2743, 608804
   2744, 608978
   2745, 609155
   2746, 609304
   2747, 609579
   2748, 609804
   2749, 610111
   2750, 610344
   2751, 610634
   2752, 610884
   2753, 611076
   2754, 611433
   2755, 611659
   2756, 611856
   2757, 612160
   2758, 612375
   2759, 612619
   2760, 612858
   2761, 613095
   2762, 613356
   2763, 613586
   2764, 613789
   2765, 613973
   2766, 614111
   2767, 614348
   2768, 614563
   2769, 614843
   2770, 615096
   2771, 615408
   2772, 615650
   2773, 615835
   2774, 616185
   2775, 616400
   2776, 616704
   2777, 616953
   2778, 617199
   2779, 617467
   2780, 617699
   2781, 617971
   2782, 618202
   2783, 618394
   2784, 618571
   2785, 618697
   2786, 618925
   2787, 619169
   2788, 619476
   2789, 619733
   2790, 619895
   2791, 620236
   2792, 620459
   2793, 620734
   2794, 620955
   2795, 621134
   2796, 621466
   2797, 621694
   2798, 621966
   2799, 622202
   2800, 622420
   2801, 622619
   2802, 622902
   2803, 623118
   2804, 623384
   2805, 623620
   2806, 623826
   2807, 624020
   2808, 624359
   2809, 624589
   2810, 624747
   2811, 625056
   2812, 625265
   2813, 625491
   2814, 625735
   2815, 625979
   2816, 626221
   2817, 626458
   2818, 626683
   2819, 626959
   2820, 627194
   2821, 627379
   2822, 627698
   2823, 627926
   2824, 628209
   2825, 628465
   2826, 628640
   2827, 628943
   2828, 629161
   2829, 629398
   2830, 629605
   2831, 629845
   2832, 630090
   2833, 630374
   2834, 630612
   2835, 630794
   2836, 631128
   2837, 631345
   2838, 631633
   2839, 631860
   2840, 632055
   2841, 632379
   2842, 632613
   2843, 632874
   2844, 633095
   2845, 633317
   2846, 633506
   2847, 633799
   2848, 634010
   2849, 634262
   2850, 634499
   2851, 634748
   2852, 634948
   2853, 635256
   2854, 635480
   2855, 635720
   2856, 635945
   2857, 636165
   2858, 636368
   2859, 636704
   2860, 636932
   2861, 637181
   2862, 637418
   2863, 637642
   2864, 637840
   2865, 638136
   2866, 638351
   2867, 638641
   2868, 638891
   2869, 639133
   2870, 639370
   2871, 639603
   2872, 639851
   2873, 640082
   2874, 640305
   2875, 640498
   2876, 640838
   2877, 641069
   2878, 641329
   2879, 641564
   2880, 641762
   2881, 641943
   2882, 642073
   2883, 642282
   2884, 642500
   2885, 642737
   2886, 643000
   2887, 643242
   2888, 643483
   2889, 643733
   2890, 643971
   2891, 644200
   2892, 644457
   2893, 644683
   2894, 644908
   2895, 645154
   2896, 645390
   2897, 645622
   2898, 645835
   2899, 646070
   2900, 646298
   2901, 646542
   2902, 646766
   2903, 647000
   2904, 647288
   2905, 647539
   2906, 647712
   2907, 648036
   2908, 648255
   2909, 648524
   2910, 648758
   2911, 648922
   2912, 649208
   2913, 649445
   2914, 649706
   2915, 649938
