      0,   1117
      1,   1338
      2,   1555
      3,   1776
      4,   2001
      5,   2238
      6,   2478
      7,   2708
      8,   2936
      9,   3167
     10,   3391
     11,   3621
     12,   3847
     13,   4063
     14,   4294
     15,   4531
     16,   4769
     17,   5011
     18,   5248
     19,   5482
     20,   5704
     21,   5930
     22,   6148
     23,   6377
     24,   6623
     25,   6866
     26,   7107
     27,   7343
     28,   7573
     29,   7805
     30,   8041
     31,   8265
     32,   8495
     33,   8728
     34,   8969
     35,   9205
     36,   9433
     37,   9668
     38,   9908
     39,  10140
     40,  10375
     41,  10601
     42,  10846
     43,  11101
     44,  11354
     45,  11597
     46,  11832
     47,  12069
     48,  12305
     49,  12531
     50,  12759
     51,  13008
     52,  13249
     53,  13490
     54,  13722
     55,  13955
     56,  14189
     57,  14415
     58,  14641
     59,  14851
     60,  15078
     61,  15319
     62,  15554
     63,  15783
     64,  16021
     65,  16248
     66,  16475
     67,  16693
     68,  16913
     69,  17147
     70,  17383
     71,  17620
     72,  17850
     73,  18078
     74,  18305
     75,  18525
     76,  18751
     77,  18977
     78,  19151
     79,  19407
     80,  19642
     81,  19876
     82,  20110
     83,  20337
     84,  20561
     85,  20783
     86,  20998
     87,  21214
     88,  21435
     89,  21669
     90,  21914
     91,  22161
     92,  22391
     93,  22620
     94,  22842
     95,  23067
     96,  23293
     97,  23505
     98,  23733
     99,  23961
    100,  24171
    101,  24420
    102,  24644
    103,  24874
    104,  25100
    105,  25316
    106,  25499
    107,  25739
    108,  25971
    109,  26210
    110,  26446
    111,  26673
    112,  26894
    113,  27119
    114,  27341
    115,  27556
    116,  27765
    117,  27987
    118,  28221
    119,  28454
    120,  28681
    121,  28905
    122,  29134
    123,  29360
    124,  29577
    125,  29787
    126,  30002
    127,  30226
    128,  30460
    129,  30694
    130,  30926
    131,  31157
    132,  31385
    133,  31615
    134,  31838
    135,  32060
    136,  32303
    137,  32548
    138,  32791
    139,  33031
    140,  33264
    141,  33496
    142,  33723
    143,  33923
    144,  34174
    145,  34392
    146,  34624
    147,  34859
    148,  35100
    149,  35335
    150,  35561
    151,  35786
    152,  36005
    153,  36173
    154,  36410
    155,  36644
    156,  36880
    157,  37119
    158,  37344
    159,  37576
    160,  37797
    161,  38019
    162,  38246
    163,  38464
    164,  38679
    165,  38900
    166,  39132
    167,  39367
    168,  39589
    169,  39815
    170,  40042
    171,  40262
    172,  40480
    173,  40687
    174,  40910
    175,  41144
    176,  41380
    177,  41613
    178,  41836
    179,  42060
    180,  42279
    181,  42454
    182,  42712
    183,  42934
    184,  43174
    185,  43418
    186,  43646
    187,  43891
    188,  44125
    189,  44360
    190,  44584
    191,  44806
    192,  45017
    193,  45241
    194,  45470
    195,  45705
    196,  45938
    197,  46169
    198,  46391
    199,  46610
    200,  46830
    201,  47053
    202,  47272
    203,  47501
    204,  47740
    205,  47971
    206,  48201
    207,  48430
    208,  48658
    209,  48886
    210,  49113
    211,  49327
    212,  49555
    213,  49784
    214,  50020
    215,  50261
    216,  50489
    217,  50717
    218,  50939
    219,  51164
    220,  51389
    221,  51600
    222,  51838
    223,  52083
    224,  52321
    225,  52555
    226,  52782
    227,  53010
    228,  53235
    229,  53413
    230,  53653
    231,  53872
    232,  54097
    233,  54323
    234,  54549
    235,  54775
    236,  55003
    237,  55231
    238,  55450
    239,  55670
    240,  55879
    241,  56109
    242,  56349
    243,  56580
    244,  56748
    245,  56988
    246,  57217
    247,  57438
    248,  57654
    249,  57866
    250,  58090
    251,  58320
    252,  58553
    253,  58785
    254,  59014
    255,  59240
    256,  59470
    257,  59692
    258,  59913
    259,  60124
    260,  60347
    261,  60583
    262,  60820
    263,  61058
    264,  61294
    265,  61518
    266,  61742
    267,  61966
    268,  62196
    269,  62426
    270,  62665
    271,  62911
    272,  63152
    273,  63388
    274,  63626
    275,  63863
    276,  64099
    277,  64333
    278,  64551
    279,  64784
    280,  65020
    281,  65259
    282,  65503
    283,  65731
    284,  65958
    285,  66177
    286,  66399
    287,  66617
    288,  66843
    289,  67082
    290,  67327
    291,  67557
    292,  67784
    293,  68012
    294,  68243
    295,  68472
    296,  68693
    297,  68911
    298,  69139
    299,  69370
    300,  69559
    301,  69819
    302,  70049
    303,  70280
    304,  70500
    305,  70715
    306,  70923
    307,  71150
    308,  71395
    309,  71638
    310,  71879
    311,  72107
    312,  72341
    313,  72572
    314,  72795
    315,  73024
    316,  73249
    317,  73721
    318,  73952
    319,  74185
    320,  74417
    321,  74644
    322,  74874
    323,  75098
    324,  75303
    325,  75534
    326,  75770
    327,  76010
    328,  76253
    329,  76485
    330,  76719
    331,  76941
    332,  77166
    333,  77396
    334,  77615
    335,  77849
    336,  78081
    337,  78316
    338,  78549
    339,  78771
    340,  78996
    341,  79218
    342,  79429
    343,  79635
    344,  79850
    345,  80077
    346,  80307
    347,  80534
    348,  80749
    349,  80966
    350,  81177
    351,  81390
    352,  81605
    353,  81811
    354,  82033
    355,  82268
    356,  82495
    357,  82721
    358,  82935
    359,  83152
    360,  83372
    361,  83584
    362,  83796
    363,  83995
    364,  84217
    365,  84443
    366,  84665
    367,  84894
    368,  85114
    369,  85338
    370,  85550
    371,  85751
    372,  85973
    373,  86185
    374,  86416
    375,  86645
    376,  86876
    377,  87095
    378,  87311
    379,  87533
    380,  87747
    381,  87964
    382,  88183
    383,  88396
    384,  88621
    385,  88846
    386,  89072
    387,  89301
    388,  89524
    389,  89740
    390,  89956
    391,  90165
    392,  90368
    393,  90580
    394,  90795
    395,  90912
    396,  91019
    397,  91241
    398,  91454
    399,  91662
    400,  91870
    401,  92075
    402,  92281
    403,  92491
    404,  92686
    405,  92898
    406,  93050
    407,  93289
    408,  93507
    409,  93711
    410,  93918
    411,  94122
    412,  94328
    413,  94528
    414,  94720
    415,  94919
    416,  95091
    417,  95333
    418,  95552
    419,  95756
    420,  95960
    421,  96124
    422,  96347
    423,  96543
    424,  96735
    425,  96927
    426,  97129
    427,  97341
    428,  97546
    429,  97754
    430,  97952
    431,  98150
    432,  98352
    433,  98554
    434,  98749
    435,  98943
    436,  99124
    437,  99327
    438,  99534
    439,  99739
    440,  99943
    441, 100145
    442, 100350
    443, 100546
    444, 100741
    445, 100929
    446, 101120
    447, 101309
    448, 101513
    449, 101713
    450, 101918
    451, 102116
    452, 102311
    453, 102502
    454, 102699
    455, 102888
    456, 103081
    457, 103271
    458, 103458
    459, 103654
    460, 103846
    461, 104052
    462, 104257
    463, 104460
    464, 104661
    465, 104855
    466, 105048
    467, 105236
    468, 105428
    469, 105614
    470, 105810
    471, 106014
    472, 106219
    473, 106428
    474, 106621
    475, 106818
    476, 107010
    477, 107201
    478, 107342
    479, 107548
    480, 107740
    481, 107944
    482, 108145
    483, 108344
    484, 108540
    485, 108743
    486, 108936
    487, 109134
    488, 109325
    489, 109517
    490, 109705
    491, 109883
    492, 110024
    493, 110234
    494, 110447
    495, 110660
    496, 110856
    497, 111047
    498, 111238
    499, 111431
    500, 111621
    501, 111810
    502, 111993
    503, 112188
    504, 112392
    505, 112543
    506, 112751
    507, 112957
    508, 113152
    509, 113350
    510, 113548
    511, 113739
    512, 113932
    513, 114116
    514, 114301
    515, 114497
    516, 114703
    517, 114903
    518, 115109
    519, 115307
    520, 115510
    521, 115707
    522, 115903
    523, 116092
    524, 116285
    525, 116487
    526, 116694
    527, 116904
    528, 117111
    529, 117320
    530, 117520
    531, 117725
    532, 117924
    533, 118094
    534, 118325
    535, 118519
    536, 118722
    537, 118930
    538, 119141
    539, 119355
    540, 119567
    541, 119773
    542, 119979
    543, 120171
    544, 120367
    545, 120568
    546, 120762
    547, 120971
    548, 121180
    549, 121394
    550, 121600
    551, 121799
    552, 121995
    553, 122190
    554, 122335
    555, 122572
    556, 122765
    557, 122957
    558, 123152
    559, 123364
    560, 123572
    561, 123775
    562, 123975
    563, 124134
    564, 124369
    565, 124564
    566, 124759
    567, 124945
    568, 125089
    569, 125306
    570, 125520
    571, 125726
    572, 125930
    573, 126080
    574, 126287
    575, 126486
    576, 126687
    577, 126876
    578, 127072
    579, 127263
    580, 127469
    581, 127674
    582, 127848
    583, 128071
    584, 128271
    585, 128474
    586, 128673
    587, 128809
    588, 129036
    589, 129227
    590, 129412
    591, 129614
    592, 129817
    593, 130029
    594, 130238
    595, 130439
    596, 130598
    597, 130824
    598, 131018
    599, 131210
    600, 131401
    601, 131598
    602, 131800
    603, 132009
    604, 132206
    605, 132408
    606, 132604
    607, 132800
    608, 132960
    609, 133184
    610, 133383
    611, 133571
    612, 133765
    613, 133966
    614, 134173
    615, 134383
    616, 134583
    617, 134791
    618, 134994
    619, 135186
    620, 135382
    621, 135541
    622, 135755
    623, 135956
    624, 136165
    625, 136374
    626, 136582
    627, 136785
    628, 136981
    629, 137175
    630, 137370
    631, 137569
    632, 137762
    633, 137909
    634, 138133
    635, 138335
    636, 138538
    637, 138744
    638, 138891
    639, 139105
    640, 139309
    641, 139511
    642, 139702
    643, 139894
    644, 140073
    645, 140266
    646, 140462
    647, 140676
    648, 140875
    649, 141079
    650, 141265
    651, 141432
    652, 141647
    653, 141841
    654, 142034
    655, 142221
    656, 142377
    657, 142612
    658, 142823
    659, 143027
    660, 143229
    661, 143431
    662, 143641
    663, 143839
    664, 144022
    665, 144228
    666, 144417
    667, 144618
    668, 144827
    669, 145034
    670, 145247
    671, 145458
    672, 145661
    673, 145863
    674, 146063
    675, 146263
    676, 146467
    677, 146669
    678, 146883
    679, 147107
    680, 147322
    681, 147540
    682, 147756
    683, 147969
    684, 148126
    685, 148384
    686, 148604
    687, 148808
    688, 149025
    689, 149241
    690, 149467
    691, 149696
    692, 149909
    693, 150125
    694, 150288
    695, 150532
    696, 150744
    697, 150943
    698, 151165
    699, 151390
    700, 151621
    701, 151773
    702, 151905
    703, 152037
    704, 152168
    705, 152304
    706, 152438
    707, 152572
    708, 152707
    709, 152839
    710, 152972
    711, 153101
    712, 153234
    713, 153373
    714, 153513
    715, 153656
    716, 153800
    717, 153938
    718, 154075
    719, 154207
    720, 154428
    721, 154648
    722, 154856
    723, 155058
    724, 155254
    725, 155469
    726, 155698
    727, 155856
    728, 155986
    729, 156203
    730, 156424
    731, 156641
    732, 156857
    733, 157076
    734, 157297
    735, 157517
    736, 157744
    737, 157984
    738, 158225
    739, 158461
    740, 158698
    741, 158926
    742, 159129
    743, 159372
    744, 159584
    745, 159818
    746, 160056
    747, 160295
    748, 160535
    749, 160758
    750, 160984
    751, 161207
    752, 161435
    753, 161661
    754, 161885
    755, 162122
    756, 162348
    757, 162598
    758, 162831
    759, 163066
    760, 163302
    761, 163538
    762, 163762
    763, 163983
    764, 164217
    765, 164466
    766, 164715
    767, 164953
    768, 165187
    769, 165418
    770, 165646
    771, 165874
    772, 166095
    773, 166333
    774, 166579
    775, 166819
    776, 167051
    777, 167281
    778, 167519
    779, 167709
    780, 167980
    781, 168199
    782, 168439
    783, 168680
    784, 168918
    785, 169160
    786, 169391
    787, 169620
    788, 169853
    789, 170079
    790, 170298
    791, 170534
    792, 170784
    793, 171030
    794, 171262
    795, 171492
    796, 171727
    797, 171952
    798, 172178
    799, 172407
    800, 172628
    801, 172864
    802, 173101
    803, 173342
    804, 173581
    805, 173814
    806, 173987
    807, 174251
    808, 174485
    809, 174702
    810, 174932
    811, 175172
    812, 175410
    813, 175646
    814, 175875
    815, 176102
    816, 176285
    817, 176548
    818, 176778
    819, 177001
    820, 177229
    821, 177468
    822, 177704
    823, 177931
    824, 178162
    825, 178390
    826, 178622
    827, 178848
    828, 179065
    829, 179302
    830, 179549
    831, 179795
    832, 180032
    833, 180260
    834, 180486
    835, 180707
    836, 180899
    837, 181139
    838, 181367
    839, 181601
    840, 181828
    841, 182057
    842, 182282
    843, 182518
    844, 182687
    845, 182827
    846, 183032
    847, 183303
    848, 183543
    849, 183784
    850, 184018
    851, 184255
    852, 184481
    853, 184708
    854, 184929
    855, 185147
    856, 185364
    857, 185559
    858, 185814
    859, 186052
    860, 186286
    861, 186516
    862, 186720
    863, 186973
    864, 187204
    865, 187433
    866, 187657
    867, 187836
    868, 188119
    869, 188356
    870, 188597
    871, 188832
    872, 189059
    873, 189284
    874, 189508
    875, 189729
    876, 189950
    877, 190185
    878, 190426
    879, 190666
    880, 190893
    881, 191120
    882, 191346
    883, 191574
    884, 191806
    885, 192030
    886, 192267
    887, 192506
    888, 192746
    889, 192986
    890, 193221
    891, 193455
    892, 193688
    893, 193916
    894, 194131
    895, 194361
    896, 194608
    897, 194852
    898, 195086
    899, 195317
    900, 195549
    901, 195755
    902, 195993
    903, 196219
    904, 196443
    905, 196680
    906, 196917
    907, 197152
    908, 197380
    909, 197612
    910, 197844
    911, 198070
    912, 198293
    913, 198506
    914, 198739
    915, 198954
    916, 199221
    917, 199463
    918, 199702
    919, 199935
    920, 200084
    921, 200212
    922, 200353
    923, 200508
    924, 200706
    925, 200876
    926, 201016
    927, 201162
    928, 201302
    929, 201443
    930, 201585
    931, 201718
    932, 201858
    933, 201990
    934, 202128
    935, 202265
    936, 202400
    937, 202539
    938, 202675
    939, 202801
    940, 202939
    941, 203074
    942, 203211
    943, 203353
    944, 203494
    945, 203635
    946, 203780
    947, 203916
    948, 204056
    949, 204193
    950, 204323
    951, 204455
    952, 204585
    953, 204713
    954, 204844
    955, 204965
    956, 205099
    957, 205238
    958, 205377
    959, 205521
    960, 205662
    961, 205799
    962, 205939
    963, 206071
    964, 206203
    965, 206336
    966, 206470
    967, 206604
    968, 206738
    969, 206868
    970, 206998
    971, 207126
    972, 207260
    973, 207398
    974, 207539
    975, 207676
    976, 207818
    977, 207951
    978, 208089
    979, 208226
    980, 208361
    981, 208500
    982, 208634
    983, 208767
    984, 208900
    985, 209034
    986, 209163
    987, 209288
    988, 209423
    989, 209563
    990, 209708
    991, 209846
    992, 209993
    993, 210183
    994, 210401
    995, 210615
    996, 210834
    997, 211044
    998, 211264
    999, 211487
   1000, 211725
   1001, 211970
   1002, 212217
   1003, 212465
   1004, 212715
   1005, 212952
   1006, 213189
   1007, 213416
   1008, 213632
   1009, 213804
   1010, 214086
   1011, 214331
   1012, 214570
   1013, 214793
   1014, 215019
   1015, 215237
   1016, 215458
   1017, 215678
   1018, 215833
   1019, 215966
   1020, 216108
   1021, 216246
   1022, 216381
   1023, 216522
   1024, 216661
   1025, 216799
   1026, 216938
   1027, 217076
   1028, 217215
   1029, 217352
   1030, 217488
   1031, 217629
   1032, 217762
   1033, 217893
   1034, 218030
   1035, 218169
   1036, 218309
   1037, 218450
   1038, 218586
   1039, 218728
   1040, 218866
   1041, 218998
   1042, 219138
   1043, 219272
   1044, 219407
   1045, 219541
   1046, 219670
   1047, 219803
   1048, 219932
   1049, 220053
   1050, 220188
   1051, 220325
   1052, 220464
   1053, 220608
   1054, 220746
   1055, 220885
   1056, 221026
   1057, 221155
   1058, 221284
   1059, 221415
   1060, 221547
   1061, 221682
   1062, 221815
   1063, 221944
   1064, 222073
   1065, 222196
   1066, 222324
   1067, 222465
   1068, 222599
   1069, 222737
   1070, 222881
   1071, 223016
   1072, 223154
   1073, 223293
   1074, 223431
   1075, 223573
   1076, 223748
   1077, 223945
   1078, 224140
   1079, 224327
   1080, 224527
   1081, 224745
   1082, 224974
   1083, 225218
   1084, 225457
   1085, 225703
   1086, 225957
   1087, 226204
   1088, 226450
   1089, 226695
   1090, 226946
   1091, 227197
   1092, 227444
   1093, 227688
   1094, 227926
   1095, 228153
   1096, 228374
   1097, 228599
   1098, 228817
   1099, 229048
   1100, 229285
   1101, 229460
   1102, 229740
   1103, 229967
   1104, 230190
   1105, 230408
   1106, 230627
   1107, 230842
   1108, 231068
   1109, 231302
   1110, 231527
   1111, 231754
   1112, 231983
   1113, 232201
   1114, 232426
   1115, 232609
   1116, 232859
   1117, 233073
   1118, 233295
   1119, 233528
   1120, 233742
   1121, 233994
   1122, 234215
   1123, 234434
   1124, 234651
   1125, 234820
   1126, 235063
   1127, 235284
   1128, 235522
   1129, 235764
   1130, 235997
   1131, 236225
   1132, 236446
   1133, 236673
   1134, 236897
   1135, 237115
   1136, 237328
   1137, 237551
   1138, 237784
   1139, 238000
   1140, 238250
   1141, 238477
   1142, 238709
   1143, 238928
   1144, 239111
   1145, 239358
   1146, 239576
   1147, 239811
   1148, 240041
   1149, 240235
   1150, 240492
   1151, 240715
   1152, 240944
   1153, 241165
   1154, 241388
   1155, 241603
   1156, 241816
   1157, 242041
   1158, 242262
   1159, 242485
   1160, 242708
   1161, 242930
   1162, 243144
   1163, 243357
   1164, 243570
   1165, 243776
   1166, 243995
   1167, 244220
   1168, 244451
   1169, 244687
   1170, 244911
   1171, 245130
   1172, 245346
   1173, 245569
   1174, 245794
   1175, 246005
   1176, 246232
   1177, 246444
   1178, 246690
   1179, 246921
   1180, 247140
   1181, 247366
   1182, 247590
   1183, 247805
   1184, 248024
   1185, 248232
   1186, 248460
   1187, 248697
   1188, 248933
   1189, 249163
   1190, 249381
   1191, 249601
   1192, 249824
   1193, 250039
   1194, 250250
   1195, 250472
   1196, 250706
   1197, 250936
   1198, 251161
   1199, 251383
   1200, 251611
   1201, 251839
   1202, 252055
   1203, 252275
   1204, 252485
   1205, 252700
   1206, 252944
   1207, 253174
   1208, 253409
   1209, 253636
   1210, 253859
   1211, 254080
   1212, 254294
   1213, 254512
   1214, 254690
   1215, 254953
   1216, 255191
   1217, 255416
   1218, 255641
   1219, 255831
   1220, 256077
   1221, 256299
   1222, 256520
   1223, 256734
   1224, 256899
   1225, 257155
   1226, 257392
   1227, 257632
   1228, 257864
   1229, 258086
   1230, 258311
   1231, 258529
   1232, 258745
   1233, 258958
   1234, 259184
   1235, 259419
   1236, 259655
   1237, 259884
   1238, 260109
   1239, 260333
   1240, 260557
   1241, 260787
   1242, 261009
   1243, 261228
   1244, 261458
   1245, 261697
   1246, 261936
   1247, 262162
   1248, 262391
   1249, 262622
   1250, 262848
   1251, 263049
   1252, 263283
   1253, 263517
   1254, 263759
   1255, 263997
   1256, 264164
   1257, 264309
   1258, 264504
   1259, 264674
   1260, 264809
   1261, 264947
   1262, 265079
   1263, 265213
   1264, 265347
   1265, 265476
   1266, 265617
   1267, 265760
   1268, 265902
   1269, 266048
   1270, 266191
   1271, 266331
   1272, 266469
   1273, 266609
   1274, 266750
   1275, 266893
   1276, 267028
   1277, 267162
   1278, 267297
   1279, 267427
   1280, 267551
   1281, 267683
   1282, 267821
   1283, 267960
   1284, 268095
   1285, 268231
   1286, 268373
   1287, 268511
   1288, 268646
   1289, 268782
   1290, 268913
   1291, 269046
   1292, 269176
   1293, 269304
   1294, 269434
   1295, 269560
   1296, 269761
   1297, 269973
   1298, 270184
   1299, 270390
   1300, 270591
   1301, 270791
   1302, 270992
   1303, 271188
   1304, 271388
   1305, 271586
   1306, 271794
   1307, 271919
   1308, 272190
   1309, 272415
   1310, 272653
   1311, 272892
   1312, 273115
   1313, 273341
   1314, 273555
   1315, 273772
   1316, 273988
   1317, 274194
   1318, 274424
   1319, 274653
   1320, 274879
   1321, 275097
   1322, 275309
   1323, 275518
   1324, 275712
   1325, 275940
   1326, 276146
   1327, 276349
   1328, 276556
   1329, 276770
   1330, 276989
   1331, 277203
   1332, 277410
   1333, 277620
   1334, 277831
   1335, 278034
   1336, 278234
   1337, 278427
   1338, 278640
   1339, 278865
   1340, 279082
   1341, 279235
   1342, 279482
   1343, 279696
   1344, 279903
   1345, 280114
   1346, 280275
   1347, 280504
   1348, 280729
   1349, 280963
   1350, 281204
   1351, 281440
   1352, 281672
   1353, 281913
   1354, 282106
   1355, 282366
   1356, 282590
   1357, 282809
   1358, 283045
   1359, 283276
   1360, 283510
   1361, 283744
   1362, 283972
   1363, 284199
   1364, 284418
   1365, 284643
   1366, 284862
   1367, 285016
   1368, 285228
   1369, 285403
   1370, 285549
   1371, 285696
   1372, 285838
   1373, 285974
   1374, 286113
   1375, 286251
   1376, 286394
   1377, 286527
   1378, 286661
   1379, 286796
   1380, 286925
   1381, 287050
   1382, 287184
   1383, 287320
   1384, 287461
   1385, 287601
   1386, 287746
   1387, 287895
   1388, 288036
   1389, 288168
   1390, 288306
   1391, 288432
   1392, 288559
   1393, 288690
   1394, 288902
   1395, 289143
   1396, 289356
   1397, 289574
   1398, 289795
   1399, 290002
   1400, 290222
   1401, 290431
   1402, 290649
   1403, 290874
   1404, 291045
   1405, 291307
   1406, 291404
   1407, 291528
   1408, 291765
   1409, 292002
   1410, 292230
   1411, 292460
   1412, 292692
   1413, 292915
   1414, 293125
   1415, 293356
   1416, 293573
   1417, 293809
   1418, 294047
   1419, 294225
   1420, 294499
   1421, 294730
   1422, 294958
   1423, 295173
   1424, 295397
   1425, 295613
   1426, 295840
   1427, 296068
   1428, 296298
   1429, 296528
   1430, 296757
   1431, 296985
   1432, 297205
   1433, 297427
   1434, 297649
   1435, 297861
   1436, 298092
   1437, 298330
   1438, 298571
   1439, 298810
   1440, 299035
   1441, 299266
   1442, 299487
   1443, 299712
   1444, 299939
   1445, 300166
   1446, 300404
   1447, 300641
   1448, 300880
   1449, 301112
   1450, 301345
   1451, 301574
   1452, 301782
   1453, 302029
   1454, 302252
   1455, 302490
   1456, 302737
   1457, 302983
   1458, 303218
   1459, 303449
   1460, 303681
   1461, 303890
   1462, 304150
   1463, 304378
   1464, 304614
   1465, 304855
   1466, 305086
   1467, 305314
   1468, 305533
   1469, 305763
   1470, 305994
   1471, 306217
   1472, 306430
   1473, 306656
   1474, 306887
   1475, 307107
   1476, 307348
   1477, 307579
   1478, 307813
   1479, 308034
   1480, 308209
   1481, 308462
   1482, 308679
   1483, 308909
   1484, 309142
   1485, 309374
   1486, 309596
   1487, 309812
   1488, 310036
   1489, 310253
   1490, 310404
   1491, 310609
   1492, 310769
   1493, 310904
   1494, 311041
   1495, 311183
   1496, 311321
   1497, 311457
   1498, 311596
   1499, 311739
   1500, 311880
   1501, 312021
   1502, 312155
   1503, 312295
   1504, 312432
   1505, 312565
   1506, 312756
   1507, 313006
   1508, 313227
   1509, 313453
   1510, 313676
   1511, 313898
   1512, 314104
   1513, 314315
   1514, 314521
   1515, 314729
   1516, 314941
   1517, 315143
   1518, 315363
   1519, 315584
   1520, 315811
   1521, 316033
   1522, 316252
   1523, 316471
   1524, 316688
   1525, 316908
   1526, 317102
   1527, 317320
   1528, 317536
   1529, 317764
   1530, 317988
   1531, 318226
   1532, 318449
   1533, 318667
   1534, 318887
   1535, 319090
   1536, 319320
   1537, 319538
   1538, 319767
   1539, 319995
   1540, 320174
   1541, 320436
   1542, 320658
   1543, 320882
   1544, 321066
   1545, 321313
   1546, 321527
   1547, 321738
   1548, 321961
   1549, 322195
   1550, 322422
   1551, 322647
   1552, 322874
   1553, 323090
   1554, 323308
   1555, 323522
   1556, 323734
   1557, 323944
   1558, 324186
   1559, 324419
   1560, 324641
   1561, 324860
   1562, 325056
   1563, 325290
   1564, 325508
   1565, 325720
   1566, 325924
   1567, 326138
   1568, 326361
   1569, 326579
   1570, 326799
   1571, 327019
   1572, 327231
   1573, 327448
   1574, 327644
   1575, 327854
   1576, 328058
   1577, 328272
   1578, 328498
   1579, 328730
   1580, 328961
   1581, 329184
   1582, 329404
   1583, 329623
   1584, 329852
   1585, 330078
   1586, 330292
   1587, 330524
   1588, 330710
   1589, 330984
   1590, 331222
   1591, 331457
   1592, 331685
   1593, 331912
   1594, 332132
   1595, 332348
   1596, 332569
   1597, 332749
   1598, 333034
   1599, 333270
   1600, 333495
   1601, 333715
   1602, 333937
   1603, 334159
   1604, 334374
   1605, 334588
   1606, 334802
   1607, 335047
   1608, 335277
   1609, 335505
   1610, 335728
   1611, 335958
   1612, 336182
   1613, 336408
   1614, 336625
   1615, 336843
   1616, 337082
   1617, 337320
   1618, 337558
   1619, 337788
   1620, 338016
   1621, 338242
   1622, 338455
   1623, 338629
   1624, 338873
   1625, 339106
   1626, 339342
   1627, 339573
   1628, 339804
   1629, 340029
   1630, 340252
   1631, 340474
   1632, 340697
   1633, 340919
   1634, 341128
   1635, 341354
   1636, 341586
   1637, 341826
   1638, 342066
   1639, 342292
   1640, 342506
   1641, 342744
   1642, 342967
   1643, 343186
   1644, 343417
   1645, 343603
   1646, 343898
   1647, 344143
   1648, 344382
   1649, 344611
   1650, 344847
   1651, 345086
   1652, 345312
   1653, 345543
   1654, 345782
   1655, 346021
   1656, 346259
   1657, 346462
   1658, 346707
   1659, 346936
   1660, 347159
   1661, 347387
   1662, 347534
   1663, 347808
   1664, 348066
   1665, 348308
   1666, 348493
   1667, 348745
   1668, 348980
   1669, 349213
   1670, 349434
   1671, 349652
   1672, 349888
   1673, 350129
   1674, 350376
   1675, 350614
   1676, 350851
   1677, 351096
   1678, 351294
   1679, 351554
   1680, 351778
   1681, 352009
   1682, 352249
   1683, 352491
   1684, 352735
   1685, 352977
   1686, 353211
   1687, 353444
   1688, 353669
   1689, 353895
   1690, 354121
   1691, 354354
   1692, 354592
   1693, 354822
   1694, 355052
   1695, 355279
   1696, 355496
   1697, 355688
   1698, 355937
   1699, 356153
   1700, 356385
   1701, 356621
   1702, 356867
   1703, 357115
   1704, 357347
   1705, 357585
   1706, 357814
   1707, 358045
   1708, 358273
   1709, 358500
   1710, 358758
   1711, 359014
   1712, 359259
   1713, 359466
   1714, 359727
   1715, 359968
   1716, 360211
   1717, 360435
   1718, 360612
   1719, 360882
   1720, 361133
   1721, 361372
   1722, 361603
   1723, 361836
   1724, 362067
   1725, 362288
   1726, 362508
   1727, 362724
   1728, 362961
   1729, 363203
   1730, 363437
   1731, 363671
   1732, 363896
   1733, 364122
   1734, 364349
   1735, 364578
   1736, 364796
   1737, 365033
   1738, 365272
   1739, 365515
   1740, 365757
   1741, 365998
   1742, 366239
   1743, 366469
   1744, 366690
   1745, 366886
   1746, 367133
   1747, 367369
   1748, 367611
   1749, 367849
   1750, 368048
   1751, 368303
   1752, 368529
   1753, 368754
   1754, 368982
   1755, 369190
   1756, 369432
   1757, 369669
   1758, 369907
   1759, 370138
   1760, 370363
   1761, 370595
   1762, 370817
   1763, 371039
   1764, 371250
   1765, 371470
   1766, 371697
   1767, 371934
   1768, 372174
   1769, 372402
   1770, 372624
   1771, 372844
   1772, 373064
   1773, 373285
   1774, 373498
   1775, 373731
   1776, 373970
   1777, 374199
   1778, 374428
   1779, 374646
   1780, 374870
   1781, 375091
   1782, 375306
   1783, 375523
   1784, 375728
   1785, 375952
   1786, 376184
   1787, 376413
   1788, 376644
   1789, 376867
   1790, 377090
   1791, 377312
   1792, 377526
   1793, 377744
   1794, 377977
   1795, 378216
   1796, 378452
   1797, 378682
   1798, 378907
   1799, 379132
   1800, 379355
   1801, 379580
   1802, 379779
   1803, 380014
   1804, 380247
   1805, 380482
   1806, 380712
   1807, 380939
   1808, 381174
   1809, 381404
   1810, 381629
   1811, 381847
   1812, 382060
   1813, 382289
   1814, 382521
   1815, 382757
   1816, 382992
   1817, 383213
   1818, 383434
   1819, 383648
   1820, 383869
   1821, 384092
   1822, 384301
   1823, 384525
   1824, 384751
   1825, 384981
   1826, 385211
   1827, 385430
   1828, 385658
   1829, 385882
   1830, 386050
   1831, 386291
   1832, 386508
   1833, 386738
   1834, 386976
   1835, 387214
   1836, 387446
   1837, 387669
   1838, 387892
   1839, 388112
   1840, 388333
   1841, 388548
   1842, 388776
   1843, 389018
   1844, 389253
   1845, 389486
   1846, 389711
   1847, 389940
   1848, 390167
   1849, 390384
   1850, 390604
   1851, 390813
   1852, 391037
   1853, 391269
   1854, 391497
   1855, 391731
   1856, 391959
   1857, 392179
   1858, 392391
   1859, 392615
   1860, 392828
   1861, 393079
   1862, 393324
   1863, 393564
   1864, 393791
   1865, 394014
   1866, 394246
   1867, 394469
   1868, 394692
   1869, 394914
   1870, 395127
   1871, 395328
   1872, 395575
   1873, 395807
   1874, 396039
   1875, 396261
   1876, 396422
   1877, 396676
   1878, 396896
   1879, 397110
   1880, 397323
   1881, 397549
   1882, 397785
   1883, 398020
   1884, 398244
   1885, 398468
   1886, 398687
   1887, 398907
   1888, 399128
   1889, 399340
   1890, 399564
   1891, 399789
   1892, 400024
   1893, 400261
   1894, 400485
   1895, 400717
   1896, 400945
   1897, 401173
   1898, 401395
   1899, 401607
   1900, 401841
   1901, 402084
   1902, 402322
   1903, 402556
   1904, 402778
   1905, 402957
   1906, 403216
   1907, 403441
   1908, 403658
   1909, 403859
   1910, 404116
   1911, 404353
   1912, 404588
   1913, 404816
   1914, 405020
   1915, 405281
   1916, 405505
   1917, 405726
   1918, 405942
   1919, 406173
   1920, 406407
   1921, 406640
   1922, 406870
   1923, 407078
   1924, 407316
   1925, 407536
   1926, 407754
   1927, 407970
   1928, 408199
   1929, 408429
   1930, 408667
   1931, 408897
   1932, 409121
   1933, 409352
   1934, 409580
   1935, 409807
   1936, 410035
   1937, 410238
   1938, 410486
   1939, 410718
   1940, 410957
   1941, 411198
   1942, 411423
   1943, 411650
   1944, 411873
   1945, 412097
   1946, 412313
   1947, 412539
   1948, 412780
   1949, 413024
   1950, 413257
   1951, 413485
   1952, 413712
   1953, 413943
   1954, 414116
   1955, 414371
   1956, 414596
   1957, 414824
   1958, 415056
   1959, 415292
   1960, 415524
   1961, 415750
   1962, 415977
   1963, 416197
   1964, 416363
   1965, 416610
   1966, 416841
   1967, 417082
   1968, 417318
   1969, 417551
   1970, 417771
   1971, 417999
   1972, 418224
   1973, 418442
   1974, 418666
   1975, 418889
   1976, 419122
   1977, 419359
   1978, 419596
   1979, 419834
   1980, 420070
   1981, 420298
   1982, 420528
   1983, 420747
   1984, 420963
   1985, 421195
   1986, 421430
   1987, 421672
   1988, 421910
   1989, 422138
   1990, 422367
   1991, 422586
   1992, 422809
   1993, 422977
   1994, 423232
   1995, 423468
   1996, 423701
   1997, 423938
   1998, 424173
   1999, 424397
   2000, 424629
   2001, 424843
   2002, 425083
   2003, 425297
   2004, 425524
   2005, 425701
   2006, 425974
   2007, 426223
   2008, 426453
   2009, 426680
   2010, 426903
   2011, 427124
   2012, 427346
   2013, 427568
   2014, 427787
   2015, 428042
   2016, 428279
   2017, 428511
   2018, 428703
   2019, 428963
   2020, 429196
   2021, 429417
   2022, 429630
   2023, 429857
   2024, 430088
   2025, 430323
   2026, 430556
   2027, 430784
   2028, 431016
   2029, 431235
   2030, 431458
   2031, 431675
   2032, 431892
   2033, 432130
   2034, 432366
   2035, 432605
   2036, 432780
   2037, 433029
   2038, 433265
   2039, 433487
   2040, 433713
   2041, 433933
   2042, 434163
   2043, 434399
   2044, 434628
   2045, 434867
   2046, 435101
   2047, 435329
   2048, 435553
   2049, 435759
   2050, 435993
   2051, 436212
   2052, 436443
   2053, 436657
   2054, 436920
   2055, 437154
   2056, 437387
   2057, 437614
   2058, 437839
   2059, 438066
   2060, 438285
   2061, 438519
   2062, 438751
   2063, 438974
   2064, 439226
   2065, 439452
   2066, 439685
   2067, 439914
   2068, 440144
   2069, 440364
   2070, 440585
   2071, 440822
   2072, 441008
   2073, 441289
   2074, 441522
   2075, 441747
   2076, 441970
   2077, 442189
   2078, 442405
   2079, 442623
   2080, 442854
   2081, 443032
   2082, 443305
   2083, 443543
   2084, 443767
   2085, 443995
   2086, 444225
   2087, 444446
   2088, 444664
   2089, 444876
   2090, 445105
   2091, 445344
   2092, 445574
   2093, 445797
   2094, 446034
   2095, 446252
   2096, 446470
   2097, 446683
   2098, 446896
   2099, 447128
   2100, 447356
   2101, 447592
   2102, 447819
   2103, 448043
   2104, 448272
   2105, 448491
   2106, 448683
   2107, 448933
   2108, 449147
   2109, 449377
   2110, 449607
   2111, 449839
   2112, 450073
   2113, 450298
   2114, 450523
   2115, 450738
   2116, 450956
   2117, 451167
   2118, 451386
   2119, 451616
   2120, 451851
   2121, 452085
   2122, 452309
   2123, 452532
   2124, 452752
   2125, 452977
   2126, 453199
   2127, 453410
   2128, 453603
   2129, 453860
   2130, 454089
   2131, 454321
   2132, 454546
   2133, 454773
   2134, 454998
   2135, 455217
   2136, 455437
   2137, 455649
   2138, 455880
   2139, 456121
   2140, 456356
   2141, 456587
   2142, 456808
   2143, 457032
   2144, 457252
   2145, 457478
   2146, 457692
   2147, 457926
   2148, 458158
   2149, 458391
   2150, 458621
   2151, 458850
   2152, 459084
   2153, 459303
   2154, 459524
   2155, 459738
   2156, 459950
   2157, 460181
   2158, 460410
   2159, 460643
   2160, 460874
   2161, 461029
   2162, 461262
   2163, 461484
   2164, 461699
   2165, 461916
   2166, 462132
   2167, 462357
   2168, 462586
   2169, 462813
   2170, 463041
   2171, 463269
   2172, 463494
   2173, 463719
   2174, 463946
   2175, 464160
   2176, 464389
   2177, 464623
   2178, 464867
   2179, 465064
   2180, 465331
   2181, 465569
   2182, 465792
   2183, 466014
   2184, 466240
   2185, 466456
   2186, 466692
   2187, 466933
   2188, 467148
   2189, 467396
   2190, 467618
   2191, 467843
   2192, 468070
   2193, 468291
   2194, 468508
   2195, 468736
   2196, 468975
   2197, 469220
   2198, 469453
   2199, 469629
   2200, 469907
   2201, 470136
   2202, 470362
   2203, 470581
   2204, 470803
   2205, 471043
   2206, 471280
   2207, 471519
   2208, 471742
   2209, 471968
   2210, 472198
   2211, 472420
   2212, 472647
   2213, 472868
   2214, 473102
   2215, 473346
   2216, 473582
   2217, 473821
   2218, 474061
   2219, 474258
   2220, 474511
   2221, 474735
   2222, 474954
   2223, 475186
   2224, 475419
   2225, 475663
   2226, 475907
   2227, 476136
   2228, 476367
   2229, 476592
   2230, 476817
   2231, 477046
   2232, 477266
   2233, 477492
   2234, 477729
   2235, 477962
   2236, 478196
   2237, 478421
   2238, 478616
   2239, 478869
   2240, 479098
   2241, 479315
   2242, 479486
   2243, 479760
   2244, 480009
   2245, 480250
   2246, 480475
   2247, 480703
   2248, 480927
   2249, 481150
   2250, 481369
   2251, 481589
   2252, 481824
   2253, 482060
   2254, 482291
   2255, 482519
   2256, 482745
   2257, 482974
   2258, 483201
   2259, 483424
   2260, 483639
   2261, 483866
   2262, 484104
   2263, 484345
   2264, 484585
   2265, 484817
   2266, 485056
   2267, 485287
   2268, 485514
   2269, 485728
   2270, 485963
   2271, 486207
   2272, 486445
   2273, 486684
   2274, 486912
   2275, 487142
   2276, 487368
   2277, 487591
   2278, 487824
   2279, 488048
   2280, 488281
   2281, 488522
   2282, 488762
   2283, 489002
   2284, 489239
   2285, 489471
   2286, 489695
   2287, 489919
   2288, 490137
   2289, 490367
   2290, 490610
   2291, 490850
   2292, 491092
   2293, 491322
   2294, 491549
   2295, 491755
   2296, 492013
   2297, 492236
   2298, 492469
   2299, 492707
   2300, 492947
   2301, 493186
   2302, 493413
   2303, 493651
   2304, 493883
   2305, 494104
   2306, 494330
   2307, 494545
   2308, 494779
   2309, 495024
   2310, 495267
   2311, 495500
   2312, 495724
   2313, 495952
   2314, 496182
   2315, 496403
   2316, 496620
   2317, 496858
   2318, 497097
   2319, 497332
   2320, 497563
   2321, 497789
   2322, 498022
   2323, 498246
   2324, 498469
   2325, 498682
   2326, 498901
   2327, 499135
   2328, 499368
   2329, 499607
   2330, 499840
   2331, 500065
   2332, 500292
   2333, 500513
   2334, 500735
   2335, 500954
   2336, 501186
   2337, 501421
   2338, 501652
   2339, 501885
   2340, 502113
   2341, 502294
   2342, 502553
   2343, 502779
   2344, 502997
   2345, 503214
   2346, 503390
   2347, 503651
   2348, 503897
   2349, 504134
   2350, 504362
   2351, 504589
   2352, 504815
   2353, 505036
   2354, 505251
   2355, 505486
   2356, 505725
   2357, 505965
   2358, 506203
   2359, 506380
   2360, 506639
   2361, 506875
   2362, 507110
   2363, 507330
   2364, 507501
   2365, 507756
   2366, 507998
   2367, 508237
   2368, 508411
   2369, 508667
   2370, 508909
   2371, 509134
   2372, 509357
   2373, 509572
   2374, 509807
   2375, 510053
   2376, 510290
   2377, 510529
   2378, 510754
   2379, 510977
   2380, 511203
   2381, 511427
   2382, 511646
   2383, 511875
   2384, 512108
   2385, 512349
   2386, 512581
   2387, 512811
   2388, 513042
   2389, 513264
   2390, 513489
   2391, 513707
   2392, 513922
   2393, 514157
   2394, 514393
   2395, 514636
   2396, 514878
   2397, 515106
   2398, 515334
   2399, 515557
   2400, 515785
   2401, 516008
   2402, 516237
   2403, 516475
   2404, 516710
   2405, 516946
   2406, 517176
   2407, 517403
   2408, 517632
   2409, 517859
   2410, 518082
   2411, 518298
   2412, 518528
   2413, 518769
   2414, 519015
   2415, 519252
   2416, 519486
   2417, 519713
   2418, 519942
   2419, 520172
   2420, 520388
   2421, 520605
   2422, 520868
   2423, 521105
   2424, 521342
   2425, 521565
   2426, 521795
   2427, 522024
   2428, 522248
   2429, 522466
   2430, 522687
   2431, 522919
   2432, 523161
   2433, 523394
   2434, 523628
   2435, 523860
   2436, 524085
   2437, 524310
   2438, 524527
   2439, 524743
   2440, 524980
   2441, 525218
   2442, 525456
   2443, 525684
   2444, 525909
   2445, 526135
   2446, 526354
   2447, 526580
   2448, 526796
   2449, 526994
   2450, 527250
   2451, 527486
   2452, 527722
   2453, 527953
   2454, 528184
   2455, 528411
   2456, 528631
   2457, 528851
   2458, 529066
   2459, 529298
   2460, 529538
   2461, 529774
   2462, 530011
   2463, 530235
   2464, 530460
   2465, 530681
   2466, 530886
   2467, 531123
   2468, 531350
   2469, 531586
   2470, 531824
   2471, 532058
   2472, 532283
   2473, 532515
   2474, 532744
   2475, 532973
   2476, 533193
   2477, 533408
   2478, 533643
   2479, 533887
   2480, 534129
   2481, 534363
   2482, 534588
   2483, 534812
   2484, 535025
   2485, 535251
   2486, 535466
   2487, 535692
   2488, 535931
   2489, 536164
   2490, 536395
   2491, 536616
   2492, 536845
   2493, 537075
   2494, 537296
   2495, 537518
   2496, 537734
   2497, 537962
   2498, 538199
   2499, 538437
   2500, 538670
   2501, 538900
   2502, 539123
   2503, 539348
   2504, 539571
   2505, 539790
   2506, 540030
   2507, 540269
   2508, 540509
   2509, 540744
   2510, 540940
   2511, 541199
   2512, 541429
   2513, 541653
   2514, 541880
   2515, 542042
   2516, 542315
   2517, 542558
   2518, 542802
   2519, 543039
   2520, 543267
   2521, 543493
   2522, 543716
   2523, 543937
   2524, 544153
   2525, 544388
   2526, 544627
   2527, 544866
   2528, 545098
   2529, 545326
   2530, 545555
   2531, 545734
   2532, 545990
   2533, 546216
   2534, 546446
   2535, 546683
   2536, 546923
   2537, 547164
   2538, 547399
   2539, 547634
   2540, 547869
   2541, 548097
   2542, 548319
   2543, 548536
   2544, 548780
   2545, 549028
   2546, 549267
   2547, 549502
   2548, 549690
   2549, 549955
   2550, 550185
   2551, 550414
   2552, 550565
   2553, 550780
   2554, 550953
   2555, 551104
   2556, 551254
   2557, 551402
   2558, 551549
   2559, 551703
   2560, 551921
   2561, 552210
   2562, 552444
   2563, 552664
   2564, 552880
   2565, 553114
   2566, 553347
   2567, 553578
   2568, 553810
   2569, 554033
   2570, 554256
   2571, 554471
   2572, 554695
   2573, 554916
   2574, 555145
   2575, 555341
   2576, 555611
   2577, 555852
   2578, 556086
   2579, 556317
   2580, 556548
   2581, 556780
   2582, 557001
   2583, 557179
   2584, 557447
   2585, 557690
   2586, 557934
   2587, 558166
   2588, 558396
   2589, 558617
   2590, 558842
   2591, 559053
   2592, 559279
   2593, 559516
   2594, 559761
   2595, 559999
   2596, 560182
   2597, 560442
   2598, 560675
   2599, 560902
   2600, 561097
   2601, 561339
   2602, 561564
   2603, 561801
   2604, 562044
   2605, 562283
   2606, 562521
   2607, 562756
   2608, 562987
   2609, 563220
   2610, 563443
   2611, 563666
   2612, 563912
   2613, 564156
   2614, 564397
   2615, 564626
   2616, 564856
   2617, 565090
   2618, 565270
   2619, 565530
   2620, 565755
   2621, 565987
   2622, 566155
   2623, 566419
   2624, 566664
   2625, 566898
   2626, 567128
   2627, 567357
   2628, 567579
   2629, 567801
   2630, 568021
   2631, 568238
   2632, 568497
   2633, 568736
   2634, 568970
   2635, 569202
   2636, 569426
   2637, 569649
   2638, 569880
   2639, 570102
   2640, 570336
   2641, 570570
   2642, 570807
   2643, 571046
   2644, 571271
   2645, 571506
   2646, 571739
   2647, 571963
   2648, 572176
   2649, 572402
   2650, 572639
   2651, 572865
   2652, 573115
   2653, 573343
   2654, 573568
   2655, 573792
   2656, 574017
   2657, 574239
   2658, 574460
   2659, 574695
   2660, 574876
   2661, 575158
   2662, 575396
   2663, 575625
   2664, 575859
   2665, 576088
   2666, 576313
   2667, 576524
   2668, 576757
   2669, 576955
   2670, 577217
   2671, 577452
   2672, 577678
   2673, 577843
   2674, 578069
   2675, 578289
   2676, 578503
   2677, 578712
   2678, 578940
   2679, 579167
   2680, 579399
   2681, 579625
   2682, 579840
   2683, 580063
   2684, 580277
   2685, 580492
   2686, 580709
   2687, 580917
   2688, 581141
   2689, 581365
   2690, 581569
   2691, 581664
   2692, 581821
   2693, 582046
   2694, 582267
   2695, 582479
   2696, 582655
   2697, 582898
   2698, 583108
   2699, 583338
   2700, 583570
   2701, 583800
   2702, 584023
   2703, 584240
   2704, 584458
   2705, 584675
   2706, 584893
   2707, 585101
   2708, 585318
   2709, 585540
   2710, 585768
   2711, 586000
   2712, 586223
   2713, 586448
   2714, 586672
   2715, 586870
   2716, 587105
   2717, 587311
   2718, 587538
   2719, 587776
   2720, 587982
   2721, 588240
   2722, 588463
   2723, 588690
   2724, 588910
   2725, 589124
   2726, 589343
   2727, 589558
   2728, 589786
   2729, 590012
   2730, 590239
   2731, 590464
   2732, 590685
   2733, 590886
   2734, 591125
   2735, 591344
   2736, 591556
   2737, 591764
   2738, 591975
   2739, 592218
   2740, 592449
   2741, 592676
   2742, 592893
   2743, 593111
   2744, 593321
   2745, 593536
   2746, 593749
   2747, 593969
   2748, 594197
   2749, 594424
   2750, 594657
   2751, 594882
   2752, 595103
   2753, 595325
   2754, 595540
   2755, 595756
   2756, 595954
   2757, 596167
   2758, 596382
   2759, 596605
   2760, 596828
   2761, 597041
   2762, 597256
   2763, 597460
   2764, 597664
   2765, 597870
   2766, 598067
   2767, 598277
   2768, 598490
   2769, 598680
   2770, 598921
   2771, 599139
   2772, 599343
   2773, 599552
   2774, 599763
   2775, 599971
   2776, 600180
   2777, 600382
   2778, 600603
   2779, 600827
   2780, 601054
   2781, 601280
   2782, 601438
   2783, 601684
   2784, 601905
   2785, 602124
   2786, 602333
   2787, 602540
   2788, 602763
   2789, 602994
   2790, 603220
   2791, 603412
   2792, 603644
   2793, 603862
   2794, 604076
   2795, 604231
   2796, 604478
   2797, 604693
   2798, 604913
   2799, 605142
   2800, 605361
   2801, 605588
   2802, 605812
   2803, 605998
   2804, 606245
   2805, 606459
   2806, 606678
   2807, 606890
   2808, 607113
   2809, 607349
   2810, 607579
   2811, 607806
   2812, 608022
   2813, 608239
   2814, 608451
   2815, 608666
   2816, 608868
   2817, 609090
   2818, 609314
   2819, 609531
   2820, 609711
   2821, 609961
   2822, 610180
   2823, 610403
   2824, 610625
   2825, 610846
   2826, 611058
   2827, 611274
   2828, 611502
   2829, 611691
   2830, 611960
   2831, 612183
   2832, 612402
   2833, 612616
   2834, 612827
   2835, 613041
   2836, 613242
   2837, 613453
   2838, 613686
   2839, 613907
   2840, 614130
   2841, 614344
   2842, 614514
   2843, 614757
   2844, 614979
   2845, 615197
   2846, 615400
   2847, 615619
   2848, 615845
   2849, 616075
   2850, 616306
   2851, 616531
   2852, 616762
   2853, 616982
   2854, 617136
   2855, 617344
   2856, 617507
   2857, 617649
   2858, 617799
   2859, 617953
   2860, 618166
   2861, 618351
   2862, 618505
   2863, 618653
   2864, 618864
   2865, 619039
   2866, 619181
   2867, 619325
   2868, 619469
   2869, 619611
   2870, 619743
   2871, 619887
   2872, 620039
   2873, 620191
   2874, 620401
   2875, 620695
   2876, 620930
   2877, 621152
   2878, 621348
   2879, 621569
   2880, 621780
   2881, 621990
   2882, 622161
   2883, 622418
   2884, 622665
   2885, 622896
   2886, 623121
   2887, 623345
   2888, 623574
   2889, 623805
   2890, 624004
   2891, 624247
   2892, 624485
   2893, 624725
   2894, 624965
   2895, 625201
   2896, 625437
   2897, 625670
   2898, 625897
   2899, 626123
   2900, 626347
   2901, 626592
   2902, 626846
   2903, 627038
   2904, 627318
   2905, 627561
   2906, 627803
   2907, 628035
   2908, 628270
   2909, 628501
   2910, 628743
   2911, 628938
   2912, 629220
   2913, 629463
   2914, 629706
   2915, 629941
   2916, 630179
   2917, 630408
   2918, 630634
   2919, 630875
   2920, 631127
   2921, 631374
   2922, 631615
   2923, 631781
   2924, 631986
   2925, 632154
   2926, 632295
   2927, 632437
   2928, 632580
   2929, 632723
   2930, 632939
   2931, 633249
   2932, 633493
   2933, 633729
   2934, 633962
   2935, 634193
   2936, 634425
   2937, 634622
   2938, 634868
   2939, 635104
   2940, 635346
   2941, 635595
   2942, 635839
   2943, 636070
   2944, 636304
   2945, 636518
   2946, 636753
   2947, 636972
   2948, 637208
   2949, 637448
   2950, 637689
   2951, 637928
   2952, 638160
   2953, 638393
   2954, 638626
   2955, 638858
   2956, 639088
   2957, 639309
   2958, 639496
   2959, 639777
   2960, 640024
   2961, 640264
   2962, 640501
   2963, 640735
   2964, 640967
   2965, 641195
   2966, 641423
   2967, 641671
   2968, 641922
   2969, 642174
   2970, 642415
   2971, 642620
   2972, 642881
   2973, 643110
   2974, 643342
   2975, 643571
   2976, 643806
   2977, 644048
   2978, 644280
   2979, 644477
   2980, 644743
   2981, 644972
   2982, 645197
   2983, 645358
   2984, 645606
   2985, 645843
   2986, 646077
   2987, 646322
   2988, 646566
   2989, 646798
   2990, 647037
   2991, 647267
   2992, 647446
   2993, 647719
   2994, 647950
   2995, 648196
   2996, 648437
   2997, 648675
   2998, 648915
   2999, 649151
   3000, 649390
   3001, 649629
   3002, 649860
