      0,   1297
      1,   1586
      2,   1818
      3,   2028
      4,   2249
      5,   2507
      6,   2749
      7,   2986
      8,   3246
      9,   3463
     10,   3674
     11,   3843
     12,   4151
     13,   4380
     14,   4594
     15,   4825
     16,   5124
     17,   5362
     18,   5630
     19,   5827
     20,   6091
     21,   6363
     22,   6740
     23,   6946
     24,   7186
     25,   7413
     26,   7616
     27,   7842
     28,   8116
     29,   8399
     30,   8668
     31,   8875
     32,   9102
     33,   9415
     34,   9678
     35,   9899
     36,  10248
     37,  10498
     38,  10749
     39,  10951
     40,  11070
     41,  11427
     42,  11670
     43,  11923
     44,  12166
     45,  12375
     46,  12789
     47,  13015
     48,  13200
     49,  13452
     50,  13723
     51,  13976
     52,  14196
     53,  14449
     54,  14666
     55,  14953
     56,  15184
     57,  15413
     58,  15641
     59,  15873
     60,  16124
     61,  16350
     62,  16604
     63,  16844
     64,  17010
     65,  17259
     66,  17521
     67,  17786
     68,  18053
     69,  18256
     70,  18513
     71,  18746
     72,  18976
     73,  19100
     74,  19355
     75,  19555
     76,  19766
     77,  20033
     78,  20274
     79,  20509
     80,  20691
     81,  21046
     82,  21246
     83,  21443
     84,  21638
     85,  21839
     86,  22082
     87,  22355
     88,  22617
     89,  22876
     90,  23183
     91,  23439
     92,  23690
     93,  23938
     94,  24193
     95,  24431
     96,  24700
     97,  24968
     98,  25192
     99,  25390
    100,  25526
    101,  25845
    102,  26102
    103,  26308
    104,  26513
    105,  26779
    106,  27111
    107,  27365
    108,  27579
    109,  27825
    110,  28099
    111,  28331
    112,  28618
    113,  28885
    114,  29133
    115,  29413
    116,  29661
    117,  29908
    118,  30204
    119,  30447
    120,  30682
    121,  30954
    122,  31149
    123,  31423
    124,  31636
    125,  31915
    126,  32151
    127,  32339
    128,  32552
    129,  32804
    130,  33082
    131,  33338
    132,  33605
    133,  33870
    134,  34130
    135,  34378
    136,  34605
    137,  34801
    138,  35070
    139,  35227
    140,  35371
    141,  35695
    142,  35913
    143,  36166
    144,  36419
    145,  36643
    146,  36887
    147,  37119
    148,  37328
    149,  37610
    150,  37875
    151,  38133
    152,  38369
    153,  38602
    154,  38850
    155,  39066
    156,  39340
    157,  39555
    158,  39836
    159,  40110
    160,  40327
    161,  40537
    162,  40777
    163,  41046
    164,  41300
    165,  41564
    166,  41815
    167,  42047
    168,  42287
    169,  42487
    170,  42680
    171,  42918
    172,  43114
    173,  43345
    174,  43549
    175,  43798
    176,  44131
    177,  44370
    178,  44604
    179,  44745
    180,  45051
    181,  45206
    182,  45513
    183,  45668
    184,  45981
    185,  46235
    186,  46443
    187,  46666
    188,  46861
    189,  47111
    190,  47356
    191,  47583
    192,  47827
    193,  48100
    194,  48300
    195,  48519
    196,  48837
    197,  49088
    198,  49315
    199,  49517
    200,  49690
    201,  49997
    202,  50288
    203,  50560
    204,  50812
    205,  51058
    206,  51324
    207,  51521
    208,  51814
    209,  52085
    210,  52369
    211,  52612
    212,  52921
    213,  53168
    214,  53421
    215,  53666
    216,  53965
    217,  54246
    218,  54553
    219,  54782
    220,  54998
    221,  55233
    222,  55544
    223,  55795
    224,  56060
    225,  56311
    226,  56599
    227,  56871
    228,  57128
    229,  57372
    230,  57599
    231,  57853
    232,  58093
    233,  58362
    234,  58573
    235,  58839
    236,  59066
    237,  59402
    238,  59610
    239,  59880
    240,  60119
    241,  60361
    242,  60566
    243,  60763
    244,  61017
    245,  61274
    246,  61526
    247,  61791
    248,  62019
    249,  62252
    250,  62475
    251,  62711
    252,  62979
    253,  63210
    254,  63478
    255,  63716
    256,  63945
    257,  64219
    258,  64470
    259,  64771
    260,  64992
    261,  65240
    262,  65521
    263,  65809
    264,  66039
    265,  66303
    266,  66624
    267,  66824
    268,  67081
    269,  67332
    270,  67573
    271,  67838
    272,  68118
    273,  68361
    274,  68565
    275,  68822
    276,  69081
    277,  69304
    278,  69525
    279,  69750
    280,  70016
    281,  70291
    282,  70535
    283,  70792
    284,  71027
    285,  71283
    286,  71507
    287,  71728
    288,  71935
    289,  72062
    290,  72567
    291,  72793
    292,  73017
    293,  73225
    294,  73464
    295,  73712
    296,  73995
    297,  74251
    298,  74469
    299,  74589
    300,  74830
    301,  75070
    302,  75276
    303,  75478
    304,  75956
    305,  76223
    306,  76448
    307,  76686
    308,  76898
    309,  77151
    310,  77349
    311,  77540
    312,  77797
    313,  78035
    314,  78277
    315,  78521
    316,  78766
    317,  78987
    318,  79167
    319,  79477
    320,  79718
    321,  79959
    322,  80212
    323,  80461
    324,  80584
    325,  80903
    326,  81186
    327,  81389
    328,  81647
    329,  81875
    330,  82098
    331,  82389
    332,  82525
    333,  82664
    334,  82784
    335,  82918
    336,  83098
    337,  83393
    338,  83666
    339,  83910
    340,  84045
    341,  84319
    342,  84522
    343,  84788
    344,  85059
    345,  85198
    346,  85324
    347,  85416
    348,  85576
    349,  85815
    350,  86076
    351,  86314
    352,  86537
    353,  86742
    354,  87129
    355,  87401
    356,  87677
    357,  87888
    358,  88148
    359,  88393
    360,  88635
    361,  88856
    362,  89072
    363,  89315
    364,  89599
    365,  89897
    366,  90162
    367,  90367
    368,  90589
    369,  90858
    370,  91120
    371,  91361
    372,  91586
    373,  91838
    374,  92139
    375,  92403
    376,  92813
    377,  93012
    378,  93258
    379,  93382
    380,  93668
    381,  93921
    382,  94186
    383,  94479
    384,  94709
    385,  95049
    386,  95281
    387,  95575
    388,  95840
    389,  96097
    390,  96397
    391,  96622
    392,  97093
    393,  97340
    394,  97578
    395,  97833
    396,  98078
    397,  98387
    398,  98564
    399,  98790
    400,  99071
    401,  99318
    402,  99571
    403,  99831
    404, 100035
    405, 100269
    406, 100557
    407, 100745
    408, 100976
    409, 101239
    410, 101458
    411, 101658
    412, 101909
    413, 102140
    414, 102383
    415, 102646
    416, 102919
    417, 103166
    418, 103442
    419, 103652
    420, 103888
    421, 104138
    422, 104426
    423, 104725
    424, 104956
    425, 105187
    426, 105425
    427, 105705
    428, 105950
    429, 106157
    430, 106383
    431, 106527
    432, 106823
    433, 107089
    434, 107314
    435, 107523
    436, 107734
    437, 107980
    438, 108193
    439, 108307
    440, 108656
    441, 108837
    442, 109059
    443, 109302
    444, 109545
    445, 109766
    446, 110004
    447, 110255
    448, 110510
    449, 110767
    450, 110995
    451, 111261
    452, 111533
    453, 111765
    454, 111999
    455, 112268
    456, 112496
    457, 112704
    458, 112953
    459, 113164
    460, 113373
    461, 113612
    462, 113924
    463, 114183
    464, 114393
    465, 114590
    466, 114768
    467, 115063
    468, 115329
    469, 115561
    470, 115795
    471, 115924
    472, 116226
    473, 116467
    474, 116699
    475, 116910
    476, 117163
    477, 117511
    478, 117761
    479, 117991
    480, 118308
    481, 118543
    482, 118789
    483, 119017
    484, 119266
    485, 119499
    486, 119690
    487, 119979
    488, 120184
    489, 120412
    490, 120752
    491, 121056
    492, 121308
    493, 121559
    494, 121835
    495, 122081
    496, 122364
    497, 122594
    498, 122837
    499, 123070
    500, 123291
    501, 123512
    502, 123820
    503, 124052
    504, 124294
    505, 124528
    506, 124825
    507, 125096
    508, 125309
    509, 125572
    510, 125826
    511, 126122
    512, 126399
    513, 126639
    514, 126887
    515, 127162
    516, 127410
    517, 127645
    518, 127875
    519, 128134
    520, 128421
    521, 128620
    522, 128871
    523, 129009
    524, 129308
    525, 129521
    526, 129756
    527, 130016
    528, 130275
    529, 130551
    530, 130821
    531, 131148
    532, 131505
    533, 131755
    534, 132012
    535, 132274
    536, 132536
    537, 132806
    538, 133046
    539, 133337
    540, 133634
    541, 133889
    542, 134089
    543, 134381
    544, 134642
    545, 134896
    546, 135170
    547, 135401
    548, 135646
    549, 135852
    550, 136092
    551, 136335
    552, 136663
    553, 136904
    554, 137188
    555, 137436
    556, 137681
    557, 137926
    558, 138152
    559, 138412
    560, 138665
    561, 138930
    562, 139285
    563, 139527
    564, 139778
    565, 140032
    566, 140250
    567, 140546
    568, 140829
    569, 141105
    570, 141359
    571, 141649
    572, 141919
    573, 142195
    574, 142385
    575, 142614
    576, 142865
    577, 143104
    578, 143390
    579, 143666
    580, 143938
    581, 144199
    582, 144447
    583, 144671
    584, 144918
    585, 145128
    586, 145415
    587, 145706
    588, 145938
    589, 146196
    590, 146404
    591, 146622
    592, 146836
    593, 147037
    594, 147245
    595, 147574
    596, 147832
    597, 148101
    598, 148336
    599, 148547
    600, 148782
    601, 149016
    602, 149235
    603, 149559
    604, 149828
    605, 150049
    606, 150315
    607, 150572
    608, 150821
    609, 151032
    610, 151246
    611, 151455
    612, 151746
    613, 151938
    614, 152051
    615, 152196
    616, 152338
    617, 152604
    618, 152739
    619, 153062
    620, 153294
    621, 153499
    622, 153756
    623, 154045
    624, 154311
    625, 154552
    626, 154775
    627, 155025
    628, 155397
    629, 155637
    630, 155904
    631, 156159
    632, 156444
    633, 156700
    634, 156936
    635, 157177
    636, 157398
    637, 157609
    638, 157822
    639, 158036
    640, 158309
    641, 158548
    642, 158949
    643, 159210
    644, 159477
    645, 159735
    646, 159935
    647, 160177
    648, 160439
    649, 160722
    650, 160980
    651, 161211
    652, 161478
    653, 161702
    654, 161933
    655, 162165
    656, 162438
    657, 162700
    658, 162841
    659, 163128
    660, 163361
    661, 163594
    662, 163850
    663, 163973
    664, 164223
    665, 164446
    666, 164742
    667, 165015
    668, 165281
    669, 165494
    670, 165695
    671, 165929
    672, 166190
    673, 166470
    674, 166685
    675, 166884
    676, 167128
    677, 167377
    678, 167624
    679, 167895
    680, 168197
    681, 168445
    682, 168685
    683, 168953
    684, 169219
    685, 169450
    686, 169715
    687, 170055
    688, 170237
    689, 170472
    690, 170602
    691, 170857
    692, 171117
    693, 171381
    694, 171592
    695, 171829
    696, 172099
    697, 172360
    698, 172572
    699, 172817
    700, 173042
    701, 173292
    702, 173595
    703, 173844
    704, 174189
    705, 174591
    706, 174842
    707, 175110
    708, 175371
    709, 175604
    710, 175906
    711, 176168
    712, 176404
    713, 176603
    714, 176721
    715, 176964
    716, 177145
    717, 177400
    718, 177705
    719, 177984
    720, 178232
    721, 178493
    722, 178747
    723, 178935
    724, 179275
    725, 179500
    726, 179937
    727, 180189
    728, 180453
    729, 180680
    730, 180966
    731, 181214
    732, 181441
    733, 181642
    734, 181865
    735, 182159
    736, 182454
    737, 182749
    738, 182983
    739, 183195
    740, 183433
    741, 183684
    742, 183947
    743, 184223
    744, 184451
    745, 184719
    746, 184967
    747, 185117
    748, 185459
    749, 185621
    750, 185888
    751, 186185
    752, 186470
    753, 186728
    754, 186972
    755, 187199
    756, 187405
    757, 187645
    758, 187890
    759, 188127
    760, 188385
    761, 188676
    762, 188913
    763, 189195
    764, 189455
    765, 189676
    766, 189970
    767, 190210
    768, 190430
    769, 190678
    770, 190940
    771, 191207
    772, 191491
    773, 191764
    774, 192036
    775, 192276
    776, 192503
    777, 192781
    778, 193066
    779, 193300
    780, 193547
    781, 193764
    782, 193978
    783, 194094
    784, 194428
    785, 194930
    786, 195172
    787, 195397
    788, 195658
    789, 195921
    790, 196137
    791, 196334
    792, 196589
    793, 196846
    794, 197103
    795, 197375
    796, 197603
    797, 198077
    798, 198291
    799, 198452
    800, 198735
    801, 198957
    802, 199206
    803, 199444
    804, 199709
    805, 199940
    806, 200203
    807, 200447
    808, 200692
    809, 200920
    810, 201039
    811, 201290
    812, 201524
    813, 201795
    814, 202037
    815, 202157
    816, 202483
    817, 202700
    818, 202926
    819, 203175
    820, 203397
    821, 203668
    822, 203946
    823, 204186
    824, 204398
    825, 204624
    826, 204874
    827, 205138
    828, 205358
    829, 205577
    830, 205803
    831, 206067
    832, 206318
    833, 206572
    834, 206787
    835, 207031
    836, 207235
    837, 207473
    838, 207789
    839, 208061
    840, 208325
    841, 208599
    842, 208876
    843, 209118
    844, 209339
    845, 209588
    846, 209845
    847, 210172
    848, 210420
    849, 210678
    850, 210948
    851, 211205
    852, 211440
    853, 211783
    854, 212029
    855, 212253
    856, 212502
    857, 212796
    858, 213154
    859, 213467
    860, 213741
    861, 214001
    862, 214221
    863, 214481
    864, 214793
    865, 215058
    866, 215288
    867, 215487
    868, 215717
    869, 216023
    870, 216176
    871, 216417
    872, 216657
    873, 216783
    874, 217080
    875, 217294
    876, 217560
    877, 217846
    878, 218046
    879, 218287
    880, 218412
    881, 218667
    882, 218922
    883, 219162
    884, 219415
    885, 219531
    886, 219873
    887, 220086
    888, 220278
    889, 220446
    890, 220676
    891, 220959
    892, 221238
    893, 221517
    894, 221786
    895, 221995
    896, 222251
    897, 222451
    898, 222665
    899, 222948
    900, 223260
    901, 223512
    902, 223759
    903, 224024
    904, 224263
    905, 224480
    906, 224734
    907, 224998
    908, 225217
    909, 225477
    910, 225732
    911, 226042
    912, 226319
    913, 226564
    914, 226816
    915, 227077
    916, 227370
    917, 227606
    918, 227943
    919, 228153
    920, 228408
    921, 228670
    922, 228898
    923, 229096
    924, 229333
    925, 229588
    926, 229858
    927, 230101
    928, 230309
    929, 230528
    930, 230723
    931, 230977
    932, 231193
    933, 231384
    934, 231529
    935, 231784
    936, 232015
    937, 232242
    938, 232491
    939, 232686
    940, 232880
    941, 233103
    942, 233352
    943, 233611
    944, 233875
    945, 234115
    946, 234377
    947, 234622
    948, 234865
    949, 235059
    950, 235267
    951, 235502
    952, 235860
    953, 236409
    954, 236703
    955, 237001
    956, 237229
    957, 237465
    958, 237714
    959, 237965
    960, 238281
    961, 238560
    962, 238810
    963, 239046
    964, 239281
    965, 239517
    966, 239745
    967, 239934
    968, 240173
    969, 240410
    970, 240644
    971, 240933
    972, 241204
    973, 241435
    974, 241666
    975, 241916
    976, 242117
    977, 242240
    978, 242571
    979, 242846
    980, 243149
    981, 243411
    982, 243634
    983, 243836
    984, 244124
    985, 244382
    986, 244598
    987, 244897
    988, 245134
    989, 245339
    990, 245593
    991, 245818
    992, 246284
    993, 246513
    994, 246783
    995, 247113
    996, 247347
    997, 247669
    998, 247928
    999, 248211
   1000, 248641
   1001, 248886
   1002, 249215
   1003, 249478
   1004, 249695
   1005, 249985
   1006, 250220
   1007, 250458
   1008, 250709
   1009, 250954
   1010, 251206
   1011, 251499
   1012, 251744
   1013, 252002
   1014, 252237
   1015, 252481
   1016, 252720
   1017, 252969
   1018, 253211
   1019, 253456
   1020, 253700
   1021, 253924
   1022, 254186
   1023, 254431
   1024, 254648
   1025, 254912
   1026, 255144
   1027, 255457
   1028, 255735
   1029, 255971
   1030, 256178
   1031, 256454
   1032, 256722
   1033, 256942
   1034, 257172
   1035, 257428
   1036, 257661
   1037, 257907
   1038, 258176
   1039, 258406
   1040, 258648
   1041, 258877
   1042, 259118
   1043, 259376
   1044, 259606
   1045, 259817
   1046, 260065
   1047, 260330
   1048, 260576
   1049, 260802
   1050, 261026
   1051, 261280
   1052, 261531
   1053, 261723
   1054, 261946
   1055, 262158
   1056, 262282
   1057, 262537
   1058, 262690
   1059, 262936
   1060, 263200
   1061, 263415
   1062, 263669
   1063, 263944
   1064, 264225
   1065, 264503
   1066, 264752
   1067, 265015
   1068, 265216
   1069, 265450
   1070, 265667
   1071, 265913
   1072, 266254
   1073, 266509
   1074, 266728
   1075, 266982
   1076, 267224
   1077, 267539
   1078, 267796
   1079, 268120
   1080, 268392
   1081, 268608
   1082, 268895
   1083, 269130
   1084, 269406
   1085, 269627
   1086, 269876
   1087, 270123
   1088, 270363
   1089, 270571
   1090, 270819
   1091, 271139
   1092, 271386
   1093, 271620
   1094, 271846
   1095, 272087
   1096, 272322
   1097, 272556
   1098, 272802
   1099, 273032
   1100, 273328
   1101, 273563
   1102, 273710
   1103, 273939
   1104, 274200
   1105, 274460
   1106, 274754
   1107, 275027
   1108, 275264
   1109, 275564
   1110, 275819
   1111, 276040
   1112, 276257
   1113, 276541
   1114, 276799
   1115, 277059
   1116, 277311
   1117, 277520
   1118, 277851
   1119, 277984
   1120, 278200
   1121, 278422
   1122, 278678
   1123, 278925
   1124, 279167
   1125, 279393
   1126, 279587
   1127, 279825
   1128, 280020
   1129, 280337
   1130, 280501
   1131, 280749
   1132, 280998
   1133, 281256
   1134, 281501
   1135, 281760
   1136, 281989
   1137, 282222
   1138, 282497
   1139, 282705
   1140, 282965
   1141, 283178
   1142, 283398
   1143, 283681
   1144, 283947
   1145, 284237
   1146, 284535
   1147, 284814
   1148, 285068
   1149, 285288
   1150, 285519
   1151, 285770
   1152, 286041
   1153, 286286
   1154, 286559
   1155, 286825
   1156, 287059
   1157, 287208
   1158, 287622
   1159, 287854
   1160, 288091
   1161, 288305
   1162, 288622
   1163, 288754
   1164, 288940
   1165, 289050
   1166, 289382
   1167, 289608
   1168, 289843
   1169, 290126
   1170, 290390
   1171, 290640
   1172, 290843
   1173, 291140
   1174, 291445
   1175, 291676
   1176, 291916
   1177, 292196
   1178, 292443
   1179, 292781
   1180, 293039
   1181, 293285
   1182, 293521
   1183, 293779
   1184, 293994
   1185, 294261
   1186, 294498
   1187, 294753
   1188, 295048
   1189, 295311
   1190, 295570
   1191, 295798
   1192, 296033
   1193, 296284
   1194, 296565
   1195, 296828
   1196, 297107
   1197, 297335
   1198, 297564
   1199, 297761
   1200, 297902
   1201, 298134
   1202, 298329
   1203, 298595
   1204, 298810
   1205, 298978
   1206, 299132
   1207, 299423
   1208, 299689
   1209, 299959
   1210, 300223
   1211, 300463
   1212, 300718
   1213, 300972
   1214, 301176
   1215, 301430
   1216, 301686
   1217, 301949
   1218, 302201
   1219, 302467
   1220, 302696
   1221, 302909
   1222, 303062
   1223, 303150
   1224, 303400
   1225, 303630
   1226, 303961
   1227, 304182
   1228, 304417
   1229, 304657
   1230, 304933
   1231, 305190
   1232, 305413
   1233, 305685
   1234, 305912
   1235, 306132
   1236, 306391
   1237, 306555
   1238, 306776
   1239, 307021
   1240, 307277
   1241, 307540
   1242, 307815
   1243, 308070
   1244, 308319
   1245, 308532
   1246, 308866
   1247, 309087
   1248, 309335
   1249, 309590
   1250, 309827
   1251, 310082
   1252, 310353
   1253, 310607
   1254, 310872
   1255, 311300
   1256, 311631
   1257, 311883
   1258, 312114
   1259, 312367
   1260, 312606
   1261, 312834
   1262, 313080
   1263, 313335
   1264, 313558
   1265, 313831
   1266, 314099
   1267, 314385
   1268, 314621
   1269, 314845
   1270, 315103
   1271, 315327
   1272, 315562
   1273, 315845
   1274, 316015
   1275, 316269
   1276, 316400
   1277, 316666
   1278, 316912
   1279, 317174
   1280, 317476
   1281, 317707
   1282, 317954
   1283, 318163
   1284, 318405
   1285, 318620
   1286, 318885
   1287, 319142
   1288, 319391
   1289, 319638
   1290, 319881
   1291, 320139
   1292, 320386
   1293, 320659
   1294, 320949
   1295, 321127
   1296, 321367
   1297, 321654
   1298, 321878
   1299, 322110
   1300, 322421
   1301, 322695
   1302, 322900
   1303, 323162
   1304, 323482
   1305, 323716
   1306, 323963
   1307, 324195
   1308, 324442
   1309, 324658
   1310, 324900
   1311, 325100
   1312, 325414
   1313, 325651
   1314, 325850
   1315, 326102
   1316, 326302
   1317, 326529
   1318, 326764
   1319, 327014
   1320, 327278
   1321, 327504
   1322, 327759
   1323, 327995
   1324, 328229
   1325, 328493
   1326, 328820
   1327, 329085
   1328, 329322
   1329, 329565
   1330, 329780
   1331, 330000
   1332, 330220
   1333, 330419
   1334, 330664
   1335, 330876
   1336, 331104
   1337, 331384
   1338, 331673
   1339, 331903
   1340, 332158
   1341, 332398
   1342, 332611
   1343, 332889
   1344, 333110
   1345, 333407
   1346, 333584
   1347, 333854
   1348, 334075
   1349, 334306
   1350, 334569
   1351, 334819
   1352, 335190
   1353, 335425
   1354, 335673
   1355, 335966
   1356, 336216
   1357, 336460
   1358, 336746
   1359, 336948
   1360, 337061
   1361, 337350
   1362, 337607
   1363, 337901
   1364, 338156
   1365, 338438
   1366, 338656
   1367, 338879
   1368, 339121
   1369, 339358
   1370, 339478
   1371, 339861
   1372, 340136
   1373, 340355
   1374, 340478
   1375, 340779
   1376, 341004
   1377, 341224
   1378, 341451
   1379, 341636
   1380, 341899
   1381, 342166
   1382, 342413
   1383, 342607
   1384, 342851
   1385, 343095
   1386, 343424
   1387, 343644
   1388, 343882
   1389, 344104
   1390, 344343
   1391, 344573
   1392, 344826
   1393, 345089
   1394, 345349
   1395, 345586
   1396, 345776
   1397, 345986
   1398, 346138
   1399, 346214
   1400, 346512
   1401, 346671
   1402, 346922
   1403, 347167
   1404, 347395
   1405, 347627
   1406, 347808
   1407, 348048
   1408, 348547
   1409, 348794
   1410, 349057
   1411, 349269
   1412, 349898
   1413, 350220
   1414, 350377
   1415, 350658
   1416, 350931
   1417, 351173
   1418, 351374
   1419, 351649
   1420, 351922
   1421, 352126
   1422, 352371
   1423, 352602
   1424, 352907
   1425, 353145
   1426, 353399
   1427, 353665
   1428, 366218
   1429, 366710
   1430, 367203
   1431, 367814
   1432, 368250
   1433, 368950
   1434, 369424
   1435, 369893
   1436, 377244
   1437, 377948
   1438, 389865
   1439, 390505
   1440, 391258
   1441, 391773
   1442, 398481
   1443, 399168
   1444, 400395
   1445, 403562
   1446, 404233
   1447, 405841
   1448, 406044
   1449, 406837
   1450, 407397
   1451, 408023
   1452, 408838
   1453, 409061
   1454, 409587
   1455, 409816
   1456, 410340
   1457, 411358
   1458, 412036
   1459, 412319
   1460, 412526
   1461, 413106
   1462, 413312
   1463, 413538
   1464, 414070
   1465, 414336
   1466, 414579
   1467, 414799
   1468, 415041
   1469, 415251
   1470, 415785
   1471, 415987
   1472, 421442
   1473, 422250
   1474, 423057
   1475, 423344
   1476, 423588
   1477, 424429
   1478, 424614
   1479, 425377
   1480, 425599
   1481, 426195
   1482, 426858
   1483, 427369
   1484, 427607
   1485, 427855
   1486, 429107
   1487, 429309
   1488, 429518
   1489, 429747
   1490, 429930
   1491, 430167
   1492, 430449
   1493, 430718
   1494, 431013
   1495, 431332
   1496, 431562
   1497, 432017
   1498, 432234
   1499, 432554
   1500, 433346
   1501, 434101
   1502, 434351
   1503, 434904
   1504, 436304
   1505, 437662
   1506, 440382
   1507, 441278
   1508, 441775
   1509, 443270
   1510, 443496
   1511, 444273
   1512, 444526
   1513, 444973
   1514, 445173
   1515, 446797
   1516, 447499
   1517, 448528
   1518, 449313
   1519, 450098
   1520, 450594
   1521, 451720
   1522, 452474
   1523, 452745
   1524, 452972
   1525, 453699
   1526, 454257
   1527, 454970
   1528, 455504
   1529, 456986
   1530, 457216
   1531, 457427
   1532, 457632
   1533, 458354
   1534, 458569
   1535, 458809
   1536, 459044
   1537, 459730
   1538, 459927
   1539, 460765
   1540, 464481
   1541, 465305
   1542, 466088
   1543, 468391
   1544, 469453
   1545, 469993
   1546, 470251
   1547, 470679
   1548, 471896
   1549, 472200
   1550, 472439
   1551, 472627
   1552, 473770
   1553, 474046
   1554, 474283
   1555, 475681
   1556, 475930
   1557, 476423
   1558, 476628
   1559, 477943
   1560, 478491
   1561, 479894
   1562, 480414
   1563, 483580
   1564, 486804
   1565, 488790
   1566, 489008
   1567, 489504
   1568, 490052
   1569, 490285
   1570, 491026
   1571, 492424
   1572, 493072
   1573, 493816
   1574, 494073
   1575, 494294
   1576, 494533
   1577, 495004
   1578, 495214
   1579, 496464
   1580, 496670
   1581, 497364
   1582, 497867
   1583, 498454
   1584, 498973
   1585, 499212
   1586, 499443
   1587, 500112
   1588, 500882
   1589, 501585
   1590, 503217
   1591, 504120
   1592, 505417
   1593, 505701
   1594, 505913
   1595, 506135
   1596, 506621
   1597, 506844
   1598, 507832
   1599, 508071
   1600, 508278
   1601, 508802
   1602, 509133
   1603, 509369
   1604, 509592
   1605, 509808
   1606, 510289
   1607, 510538
   1608, 510806
   1609, 511074
   1610, 511321
   1611, 511551
   1612, 512190
   1613, 512829
   1614, 513079
   1615, 513619
   1616, 513876
   1617, 514458
   1618, 514729
   1619, 514974
   1620, 515458
   1621, 516267
   1622, 516474
   1623, 518962
   1624, 519694
   1625, 520451
   1626, 522193
   1627, 522401
   1628, 523664
   1629, 524468
   1630, 524656
   1631, 524856
   1632, 525409
   1633, 525669
   1634, 526188
   1635, 526435
   1636, 526661
   1637, 526887
   1638, 527140
   1639, 527369
   1640, 527580
   1641, 527877
   1642, 528129
   1643, 528392
   1644, 528585
   1645, 528839
   1646, 529095
   1647, 529319
   1648, 529567
   1649, 529762
   1650, 530039
   1651, 530268
   1652, 530520
   1653, 530718
   1654, 531236
   1655, 531442
   1656, 531660
   1657, 532187
   1658, 532428
   1659, 532728
   1660, 534199
   1661, 534765
   1662, 534995
   1663, 535593
   1664, 536263
   1665, 539587
   1666, 540112
   1667, 540799
   1668, 541057
   1669, 541615
   1670, 541825
   1671, 542058
   1672, 542268
   1673, 543159
   1674, 543620
   1675, 544696
   1676, 544909
   1677, 545663
   1678, 545885
   1679, 547237
   1680, 547786
   1681, 549247
   1682, 551258
   1683, 551535
   1684, 552093
   1685, 553127
   1686, 553853
   1687, 554419
   1688, 567237
   1689, 567453
   1690, 567652
   1691, 569146
   1692, 569880
   1693, 570143
   1694, 570388
   1695, 570620
   1696, 571165
   1697, 571410
   1698, 571630
   1699, 572494
   1700, 573188
   1701, 574904
   1702, 575106
   1703, 576129
   1704, 576334
   1705, 576542
   1706, 576784
   1707, 577046
   1708, 577259
   1709, 577558
   1710, 577860
   1711, 578117
   1712, 578347
   1713, 578608
   1714, 579084
   1715, 579277
   1716, 580246
   1717, 580740
   1718, 580939
   1719, 581175
   1720, 581935
   1721, 582895
   1722, 583161
   1723, 589037
   1724, 594639
   1725, 594892
   1726, 599180
   1727, 599690
   1728, 599875
   1729, 600710
   1730, 601444
   1731, 601912
   1732, 603960
   1733, 604187
   1734, 605026
   1735, 605243
   1736, 605450
   1737, 606457
   1738, 606998
   1739, 608192
   1740, 609034
   1741, 610465
   1742, 610702
   1743, 615302
   1744, 620633
   1745, 625586
   1746, 632856
   1747, 633147
   1748, 634901
   1749, 644998
   1750, 646999
   1751, 648957
