      0,   1179
      1,   1451
      2,   1716
      3,   1963
      4,   2201
      5,   2407
      6,   2614
      7,   2836
      8,   3059
      9,   3285
     10,   3553
     11,   3794
     12,   4039
     13,   4289
     14,   4524
     15,   4762
     16,   4981
     17,   5204
     18,   5443
     19,   5685
     20,   5922
     21,   6165
     22,   6407
     23,   6634
     24,   6859
     25,   7095
     26,   7341
     27,   7575
     28,   7817
     29,   8073
     30,   8336
     31,   8576
     32,   8811
     33,   9054
     34,   9284
     35,   9511
     36,   9746
     37,  10002
     38,  10242
     39,  10488
     40,  10725
     41,  10948
     42,  11179
     43,  11412
     44,  11647
     45,  11877
     46,  12107
     47,  12345
     48,  12583
     49,  12813
     50,  13049
     51,  13284
     52,  13504
     53,  13739
     54,  13977
     55,  14230
     56,  14471
     57,  14737
     58,  14986
     59,  15233
     60,  15462
     61,  15704
     62,  15949
     63,  16186
     64,  16425
     65,  16679
     66,  16935
     67,  17175
     68,  17424
     69,  17671
     70,  17909
     71,  18123
     72,  18350
     73,  18602
     74,  18847
     75,  19090
     76,  19312
     77,  19526
     78,  19739
     79,  19945
     80,  20154
     81,  20391
     82,  20639
     83,  20890
     84,  21131
     85,  21368
     86,  21613
     87,  21840
     88,  22057
     89,  22268
     90,  22504
     91,  22765
     92,  23028
     93,  23279
     94,  23524
     95,  23774
     96,  24016
     97,  24259
     98,  24492
     99,  24722
    100,  24970
    101,  25235
    102,  25485
    103,  25730
    104,  25981
    105,  26227
    106,  26457
    107,  26695
    108,  26944
    109,  27192
    110,  27439
    111,  27694
    112,  27943
    113,  28182
    114,  28419
    115,  28654
    116,  28889
    117,  29123
    118,  29355
    119,  29594
    120,  29835
    121,  30083
    122,  30318
    123,  30546
    124,  30776
    125,  30999
    126,  31227
    127,  31468
    128,  31725
    129,  31975
    130,  32207
    131,  32431
    132,  32650
    133,  32874
    134,  33093
    135,  33316
    136,  33549
    137,  33789
    138,  34023
    139,  34265
    140,  34504
    141,  34734
    142,  34961
    143,  35193
    144,  35430
    145,  35662
    146,  35903
    147,  36157
    148,  36407
    149,  36630
    150,  36853
    151,  37072
    152,  37300
    153,  37536
    154,  37768
    155,  38015
    156,  38241
    157,  38461
    158,  38691
    159,  38917
    160,  39137
    161,  39353
    162,  39571
    163,  39811
    164,  40077
    165,  40349
    166,  40624
    167,  40888
    168,  41120
    169,  41343
    170,  41558
    171,  41776
    172,  42010
    173,  42273
    174,  42531
    175,  42804
    176,  43029
    177,  43254
    178,  43484
    179,  43712
    180,  43941
    181,  44200
    182,  44430
    183,  44682
    184,  44932
    185,  45172
    186,  45409
    187,  45631
    188,  45849
    189,  46067
    190,  46307
    191,  46541
    192,  46780
    193,  47018
    194,  47257
    195,  47465
    196,  47686
    197,  47916
    198,  48165
    199,  48405
    200,  48651
    201,  48896
    202,  49134
    203,  49369
    204,  49598
    205,  49814
    206,  50027
    207,  50241
    208,  50473
    209,  50722
    210,  50966
    211,  51209
    212,  51454
    213,  51698
    214,  51926
    215,  52158
    216,  52396
    217,  52614
    218,  52836
    219,  53064
    220,  53302
    221,  53536
    222,  53761
    223,  53988
    224,  54205
    225,  54415
    226,  54627
    227,  54849
    228,  55084
    229,  55313
    230,  55528
    231,  55753
    232,  55972
    233,  56180
    234,  56387
    235,  56590
    236,  56795
    237,  56991
    238,  57197
    239,  57406
    240,  57619
    241,  57839
    242,  58070
    243,  58288
    244,  58495
    245,  58700
    246,  58921
    247,  59144
    248,  59374
    249,  59600
    250,  59819
    251,  60045
    252,  60275
    253,  60491
    254,  60707
    255,  60914
    256,  61126
    257,  61350
    258,  61575
    259,  61807
    260,  62040
    261,  62274
    262,  62501
    263,  62722
    264,  62940
    265,  63160
    266,  63379
    267,  63608
    268,  63838
    269,  64068
    270,  64307
    271,  64537
    272,  64762
    273,  64985
    274,  65201
    275,  65417
    276,  65626
    277,  65848
    278,  66089
    279,  66328
    280,  66564
    281,  66797
    282,  67023
    283,  67241
    284,  67456
    285,  67691
    286,  67938
    287,  68185
    288,  68425
    289,  68672
    290,  68920
    291,  69156
    292,  69395
    293,  69643
    294,  69874
    295,  70109
    296,  70363
    297,  70616
    298,  70862
    299,  71110
    300,  71351
    301,  71589
    302,  71816
    303,  72055
    304,  72292
    305,  72530
    306,  72773
    307,  73023
    308,  73265
    309,  73503
    310,  73733
    311,  73955
    312,  74175
    313,  74395
    314,  74625
    315,  74864
    316,  75105
    317,  75353
    318,  75596
    319,  75822
    320,  76055
    321,  76274
    322,  76508
    323,  76755
    324,  76991
    325,  77223
    326,  77468
    327,  77706
    328,  77927
    329,  78153
    330,  78382
    331,  78605
    332,  78825
    333,  79063
    334,  79312
    335,  79553
    336,  79784
    337,  80017
    338,  80244
    339,  80471
    340,  80699
    341,  80926
    342,  81161
    343,  81397
    344,  81625
    345,  81858
    346,  82086
    347,  82307
    348,  82534
    349,  82754
    350,  82988
    351,  83218
    352,  83457
    353,  83717
    354,  83979
    355,  84220
    356,  84446
    357,  84677
    358,  84893
    359,  85111
    360,  85337
    361,  85571
    362,  85808
    363,  86040
    364,  86266
    365,  86500
    366,  86728
    367,  86957
    368,  87185
    369,  87423
    370,  87675
    371,  87920
    372,  88168
    373,  88410
    374,  88653
    375,  88874
    376,  89096
    377,  89317
    378,  89547
    379,  89783
    380,  90026
    381,  90267
    382,  90517
    383,  90753
    384,  90982
    385,  91216
    386,  91444
    387,  91680
    388,  91915
    389,  92157
    390,  92403
    391,  92651
    392,  92880
    393,  93108
    394,  93340
    395,  93568
    396,  93791
    397,  94025
    398,  94263
    399,  94505
    400,  94734
    401,  94965
    402,  95194
    403,  95413
    404,  95626
    405,  95856
    406,  96088
    407,  96328
    408,  96563
    409,  96803
    410,  97037
    411,  97274
    412,  97491
    413,  97700
    414,  97918
    415,  98133
    416,  98359
    417,  98590
    418,  98816
    419,  99061
    420,  99298
    421,  99521
    422,  99745
    423,  99973
    424, 100196
    425, 100415
    426, 100645
    427, 100886
    428, 101127
    429, 101351
    430, 101572
    431, 101789
    432, 102004
    433, 102222
    434, 102445
    435, 102668
    436, 102888
    437, 103106
    438, 103339
    439, 103565
    440, 103776
    441, 103992
    442, 104199
    443, 104420
    444, 104650
    445, 104881
    446, 105113
    447, 105345
    448, 105571
    449, 105780
    450, 105997
    451, 106220
    452, 106437
    453, 106659
    454, 106892
    455, 107120
    456, 107349
    457, 107574
    458, 107813
    459, 108027
    460, 108239
    461, 108465
    462, 108682
    463, 108900
    464, 109124
    465, 109357
    466, 109590
    467, 109823
    468, 110056
    469, 110294
    470, 110516
    471, 110749
    472, 110976
    473, 111214
    474, 111444
    475, 111687
    476, 111938
    477, 112199
    478, 112451
    479, 112691
    480, 112926
    481, 113150
    482, 113372
    483, 113603
    484, 113841
    485, 114076
    486, 114316
    487, 114554
    488, 114790
    489, 115017
    490, 115247
    491, 115485
    492, 115729
    493, 115972
    494, 116217
    495, 116462
    496, 116691
    497, 116914
    498, 117142
    499, 117375
    500, 117617
    501, 117859
    502, 118104
    503, 118346
    504, 118541
    505, 118812
    506, 119034
    507, 119250
    508, 119463
    509, 119679
    510, 119889
    511, 120165
    512, 120413
    513, 120652
    514, 120881
    515, 121113
    516, 121336
    517, 121557
    518, 121774
    519, 121998
    520, 122234
    521, 122459
    522, 122689
    523, 122928
    524, 123136
    525, 123259
    526, 123380
    527, 123588
    528, 123817
    529, 124052
    530, 124278
    531, 124517
    532, 124624
    533, 124758
    534, 124951
    535, 125212
    536, 125420
    537, 125634
    538, 125838
    539, 125952
    540, 126044
    541, 126268
    542, 126502
    543, 126743
    544, 126985
    545, 127087
    546, 127215
    547, 127438
    548, 127655
    549, 127868
    550, 127958
    551, 128084
    552, 128298
    553, 128527
    554, 128630
    555, 128770
    556, 129008
    557, 129246
    558, 129475
    559, 129693
    560, 129911
    561, 130125
    562, 130345
    563, 130569
    564, 130802
    565, 131042
    566, 131284
    567, 131530
    568, 131773
    569, 131875
    570, 132016
    571, 132241
    572, 132462
    573, 132577
    574, 132687
    575, 132792
    576, 132915
    577, 133152
    578, 133392
    579, 133626
    580, 133740
    581, 133860
    582, 134086
    583, 134310
    584, 134537
    585, 134781
    586, 135036
    587, 135278
    588, 135515
    589, 135745
    590, 135979
    591, 136200
    592, 136420
    593, 136635
    594, 136846
    595, 137066
    596, 137311
    597, 137561
    598, 137804
    599, 138045
    600, 138144
    601, 138283
    602, 138509
    603, 138733
    604, 138836
    605, 138952
    606, 139187
    607, 139423
    608, 139525
    609, 139656
    610, 139896
    611, 140017
    612, 140147
    613, 140250
    614, 140383
    615, 140604
    616, 140703
    617, 140825
    618, 141059
    619, 141292
    620, 141522
    621, 141772
    622, 141877
    623, 142024
    624, 142126
    625, 142265
    626, 142388
    627, 142504
    628, 142603
    629, 142753
    630, 142993
    631, 143219
    632, 143448
    633, 143681
    634, 143781
    635, 143880
    636, 144119
    637, 144397
    638, 144501
    639, 144624
    640, 144846
    641, 144947
    642, 145074
    643, 145191
    644, 145306
    645, 145525
    646, 145766
    647, 146028
    648, 146275
    649, 146516
    650, 146757
    651, 146848
    652, 146989
    653, 147204
    654, 147313
    655, 147425
    656, 147651
    657, 147755
    658, 147894
    659, 148132
    660, 148233
    661, 148371
    662, 148469
    663, 148610
    664, 148853
    665, 149076
    666, 149295
    667, 149466
    668, 149707
    669, 149919
    670, 150136
    671, 150367
    672, 150597
    673, 150819
    674, 151045
    675, 151264
    676, 151476
    677, 151690
    678, 151781
    679, 151904
    680, 152119
    681, 152323
    682, 152545
    683, 152771
    684, 152997
    685, 153220
    686, 153314
    687, 153432
    688, 153528
    689, 153643
    690, 153826
    691, 154058
    692, 154264
    693, 154483
    694, 154599
    695, 154723
    696, 154966
    697, 155209
    698, 155441
    699, 155656
    700, 155865
    701, 156071
    702, 156274
    703, 156370
    704, 156486
    705, 156694
    706, 156913
    707, 157132
    708, 157362
    709, 157593
    710, 157813
    711, 158033
    712, 158244
    713, 158339
    714, 158461
    715, 158687
    716, 158914
    717, 159022
    718, 159148
    719, 159267
    720, 159380
    721, 159476
    722, 159612
    723, 159838
    724, 160050
    725, 160262
    726, 160367
    727, 160477
    728, 160691
    729, 160917
    730, 161133
    731, 161367
    732, 161463
    733, 161600
    734, 161826
    735, 162048
    736, 162266
    737, 162481
    738, 162701
    739, 162915
    740, 163137
    741, 163369
    742, 163600
    743, 163829
    744, 164045
    745, 164265
    746, 164482
    747, 164697
    748, 164916
    749, 165142
    750, 165375
    751, 165495
    752, 165615
    753, 165841
    754, 166071
    755, 166303
    756, 166522
    757, 166736
    758, 166837
    759, 166952
    760, 167176
    761, 167407
    762, 167634
    763, 167746
    764, 167878
    765, 168121
    766, 168350
    767, 168580
    768, 168804
    769, 168894
    770, 169025
    771, 169248
    772, 169347
    773, 169436
    774, 169719
    775, 169825
    776, 169963
    777, 170167
    778, 170446
    779, 170680
    780, 170898
    781, 171111
    782, 171319
    783, 171537
    784, 171750
    785, 171986
    786, 172249
    787, 172518
    788, 172704
    789, 172965
    790, 173177
    791, 173273
    792, 173347
    793, 173600
    794, 173820
    795, 174062
    796, 174267
    797, 174542
    798, 174787
    799, 175036
    800, 175266
    801, 175488
    802, 175712
    803, 175938
    804, 176176
    805, 176417
    806, 176659
    807, 176893
    808, 177144
    809, 177378
    810, 177610
    811, 177842
    812, 177932
    813, 178068
    814, 178311
    815, 178546
    816, 178774
    817, 179010
    818, 179245
    819, 179466
    820, 179567
    821, 179691
    822, 179921
    823, 180155
    824, 180401
    825, 180506
    826, 180655
    827, 180766
    828, 180894
    829, 181129
    830, 181235
    831, 181356
    832, 181577
    833, 181795
    834, 182005
    835, 182221
    836, 182448
    837, 182679
    838, 182907
    839, 183156
    840, 183405
    841, 183643
    842, 183874
    843, 184086
    844, 184295
    845, 184506
    846, 184716
    847, 184932
    848, 185150
    849, 185378
    850, 185602
    851, 185827
    852, 186070
    853, 186321
    854, 186563
    855, 186813
    856, 187063
    857, 187297
    858, 187539
    859, 187790
    860, 188024
    861, 188259
    862, 188480
    863, 188715
    864, 188979
    865, 189256
    866, 189511
    867, 189772
    868, 190022
    869, 190281
    870, 190503
    871, 190760
    872, 190992
    873, 191224
    874, 191466
    875, 191704
    876, 191809
    877, 191950
    878, 192203
    879, 192454
    880, 192699
    881, 192930
    882, 193165
    883, 193370
    884, 193656
    885, 193895
    886, 194128
    887, 194363
    888, 194602
    889, 194850
    890, 195099
    891, 195338
    892, 195575
    893, 195800
    894, 196036
    895, 196267
    896, 196492
    897, 196718
    898, 196951
    899, 197173
    900, 197398
    901, 197637
    902, 197893
    903, 198145
    904, 198392
    905, 198507
    906, 198631
    907, 198849
    908, 199060
    909, 199161
    910, 199270
    911, 199486
    912, 199709
    913, 199935
    914, 200160
    915, 200404
    916, 200651
    917, 200898
    918, 201129
    919, 201358
    920, 201567
    921, 201775
    922, 201988
    923, 202202
    924, 202428
    925, 202656
    926, 202879
    927, 203094
    928, 203319
    929, 203549
    930, 203784
    931, 204018
    932, 204258
    933, 204498
    934, 204741
    935, 204976
    936, 205204
    937, 205430
    938, 205650
    939, 205861
    940, 206091
    941, 206323
    942, 206571
    943, 206818
    944, 207051
    945, 207277
    946, 207489
    947, 207695
    948, 207904
    949, 208112
    950, 208328
    951, 208554
    952, 208782
    953, 208878
    954, 209023
    955, 209262
    956, 209511
    957, 209744
    958, 209963
    959, 210063
    960, 210178
    961, 210273
    962, 210398
    963, 210625
    964, 210853
    965, 210953
    966, 211091
    967, 211326
    968, 211554
    969, 211772
    970, 211981
    971, 212198
    972, 212419
    973, 212636
    974, 212857
    975, 213095
    976, 213335
    977, 213569
    978, 213795
    979, 214020
    980, 214231
    981, 214455
    982, 214556
    983, 214659
    984, 214932
    985, 215165
    986, 215398
    987, 215620
    988, 215846
    989, 216061
    990, 216276
    991, 216501
    992, 216734
    993, 216968
    994, 217207
    995, 217444
    996, 217676
    997, 217908
    998, 218143
    999, 218364
   1000, 218585
   1001, 218802
   1002, 219031
   1003, 219260
   1004, 219498
   1005, 219744
   1006, 219843
   1007, 219992
   1008, 220226
   1009, 220455
   1010, 220677
   1011, 220900
   1012, 221117
   1013, 221345
   1014, 221587
   1015, 221830
   1016, 222073
   1017, 222309
   1018, 222542
   1019, 222782
   1020, 222878
   1021, 223010
   1022, 223108
   1023, 223233
   1024, 223454
   1025, 223709
   1026, 223965
   1027, 224205
   1028, 224440
   1029, 224665
   1030, 224882
   1031, 225102
   1032, 225333
   1033, 225431
   1034, 225523
   1035, 225797
   1036, 226028
   1037, 226258
   1038, 226493
   1039, 226726
   1040, 226949
   1041, 227163
   1042, 227280
   1043, 227381
   1044, 227616
   1045, 227848
   1046, 228077
   1047, 228311
   1048, 228545
   1049, 228766
   1050, 228985
   1051, 229192
   1052, 229398
   1053, 229493
   1054, 229612
   1055, 229839
   1056, 230081
   1057, 230313
   1058, 230418
   1059, 230541
   1060, 230795
   1061, 231040
   1062, 231275
   1063, 231499
   1064, 231711
   1065, 231920
   1066, 232044
   1067, 232133
   1068, 232255
   1069, 232351
   1070, 232571
   1071, 232780
   1072, 232988
   1073, 233185
   1074, 233382
   1075, 233587
   1076, 233794
   1077, 234013
   1078, 234230
   1079, 234461
   1080, 234697
   1081, 234930
   1082, 235162
   1083, 235394
   1084, 235620
   1085, 235834
   1086, 236052
   1087, 236294
   1088, 236534
   1089, 236768
   1090, 237004
   1091, 237251
   1092, 237485
   1093, 237712
   1094, 237932
   1095, 238154
   1096, 238384
   1097, 238617
   1098, 238849
   1099, 239092
   1100, 239341
   1101, 239587
   1102, 239811
   1103, 240032
   1104, 240257
   1105, 240473
   1106, 240692
   1107, 240913
   1108, 241144
   1109, 241381
   1110, 241611
   1111, 241842
   1112, 242063
   1113, 242281
   1114, 242504
   1115, 242588
   1116, 242686
   1117, 242822
   1118, 242953
   1119, 243201
   1120, 243460
   1121, 243705
   1122, 243939
   1123, 244163
   1124, 244377
   1125, 244582
   1126, 244785
   1127, 244991
   1128, 245208
   1129, 245438
   1130, 245677
   1131, 245920
   1132, 246031
   1133, 246157
   1134, 246389
   1135, 246622
   1136, 246713
   1137, 246858
   1138, 247098
   1139, 247339
   1140, 247576
   1141, 247806
   1142, 248039
   1143, 248267
   1144, 248485
   1145, 248670
   1146, 248935
   1147, 249150
   1148, 249382
   1149, 249626
   1150, 249872
   1151, 250112
   1152, 250338
   1153, 250556
   1154, 250762
   1155, 250960
   1156, 251162
   1157, 251368
   1158, 251589
   1159, 251851
   1160, 252117
   1161, 252333
   1162, 252486
   1163, 252578
   1164, 252846
   1165, 253073
   1166, 253297
   1167, 253508
   1168, 253731
   1169, 253969
   1170, 254216
   1171, 254458
   1172, 254710
   1173, 254959
   1174, 255220
   1175, 255468
   1176, 255720
   1177, 255969
   1178, 256213
   1179, 256448
   1180, 256689
   1181, 256930
   1182, 257161
   1183, 257384
   1184, 257621
   1185, 257861
   1186, 258099
   1187, 258340
   1188, 258588
   1189, 258836
   1190, 259073
   1191, 259299
   1192, 259519
   1193, 259735
   1194, 259951
   1195, 260177
   1196, 260416
   1197, 260646
   1198, 260876
   1199, 261108
   1200, 261348
   1201, 261601
   1202, 261832
   1203, 262056
   1204, 262284
   1205, 262527
   1206, 262789
   1207, 263060
   1208, 263314
   1209, 263542
   1210, 263767
   1211, 263992
   1212, 264215
   1213, 264437
   1214, 264655
   1215, 264884
   1216, 265111
   1217, 265336
   1218, 265556
   1219, 265775
   1220, 265987
   1221, 266195
   1222, 266408
   1223, 266630
   1224, 266870
   1225, 267119
   1226, 267358
   1227, 267595
   1228, 267814
   1229, 268021
   1230, 268234
   1231, 268441
   1232, 268662
   1233, 268880
   1234, 269098
   1235, 269320
   1236, 269541
   1237, 269764
   1238, 269991
   1239, 270207
   1240, 270414
   1241, 270623
   1242, 270839
   1243, 271059
   1244, 271284
   1245, 271532
   1246, 271767
   1247, 272004
   1248, 272231
   1249, 272440
   1250, 272645
   1251, 272851
   1252, 273061
   1253, 273270
   1254, 273484
   1255, 273690
   1256, 273899
   1257, 274115
   1258, 274325
   1259, 274557
   1260, 274810
   1261, 275063
   1262, 275299
   1263, 275534
   1264, 275776
   1265, 276018
   1266, 276250
   1267, 276467
   1268, 276686
   1269, 276904
   1270, 277123
   1271, 277346
   1272, 277589
   1273, 277863
   1274, 278128
   1275, 278384
   1276, 278635
   1277, 278856
   1278, 279067
   1279, 279282
   1280, 279496
   1281, 279715
   1282, 279943
   1283, 280189
   1284, 280458
   1285, 280722
   1286, 280965
   1287, 281209
   1288, 281451
   1289, 281690
   1290, 281936
   1291, 282189
   1292, 282443
   1293, 282680
   1294, 282923
   1295, 283165
   1296, 283402
   1297, 283633
   1298, 283868
   1299, 284105
   1300, 284345
   1301, 284594
   1302, 284841
   1303, 285082
   1304, 285302
   1305, 285530
   1306, 285763
   1307, 285992
   1308, 286225
   1309, 286468
   1310, 286702
   1311, 286940
   1312, 287166
   1313, 287399
   1314, 287636
   1315, 287868
   1316, 288091
   1317, 288310
   1318, 288539
   1319, 288771
   1320, 289007
   1321, 289241
   1322, 289479
   1323, 289724
   1324, 289952
   1325, 290176
   1326, 290414
   1327, 290652
   1328, 290891
   1329, 291120
   1330, 291353
   1331, 291579
   1332, 291800
   1333, 292011
   1334, 292218
   1335, 292419
   1336, 292627
   1337, 292838
   1338, 293065
   1339, 293298
   1340, 293523
   1341, 293746
   1342, 293958
   1343, 294176
   1344, 294392
   1345, 294611
   1346, 294838
   1347, 295067
   1348, 295295
   1349, 295533
   1350, 295766
   1351, 295987
   1352, 296218
   1353, 296448
   1354, 296667
   1355, 296881
   1356, 297116
   1357, 297353
   1358, 297594
   1359, 297828
   1360, 298052
   1361, 298282
   1362, 298505
   1363, 298724
   1364, 298951
   1365, 299194
   1366, 299438
   1367, 299667
   1368, 299902
   1369, 300134
   1370, 300362
   1371, 300582
   1372, 300806
   1373, 301026
   1374, 301253
   1375, 301482
   1376, 301720
   1377, 301957
   1378, 302191
   1379, 302415
   1380, 302625
   1381, 302846
   1382, 303064
   1383, 303282
   1384, 303535
   1385, 303791
   1386, 304047
   1387, 304285
   1388, 304513
   1389, 304733
   1390, 304948
   1391, 305164
   1392, 305383
   1393, 305619
   1394, 305873
   1395, 306136
   1396, 306392
   1397, 306639
   1398, 306885
   1399, 307118
   1400, 307348
   1401, 307581
   1402, 307816
   1403, 308057
   1404, 308300
   1405, 308539
   1406, 308779
   1407, 309013
   1408, 309250
   1409, 309479
   1410, 309707
   1411, 309938
   1412, 310181
   1413, 310425
   1414, 310665
   1415, 310898
   1416, 311125
   1417, 311357
   1418, 311583
   1419, 311806
   1420, 312034
   1421, 312271
   1422, 312503
   1423, 312734
   1424, 312967
   1425, 313199
   1426, 313422
   1427, 313640
   1428, 313860
   1429, 314090
   1430, 314319
   1431, 314545
   1432, 314799
   1433, 315048
   1434, 315286
   1435, 315507
   1436, 315720
   1437, 315937
   1438, 316162
   1439, 316386
   1440, 316621
   1441, 316851
   1442, 317102
   1443, 317366
   1444, 317607
   1445, 317845
   1446, 318076
   1447, 318296
   1448, 318515
   1449, 318737
   1450, 318970
   1451, 319221
   1452, 319465
   1453, 319695
   1454, 319912
   1455, 320130
   1456, 320354
   1457, 320600
   1458, 320854
   1459, 321112
   1460, 321365
   1461, 321601
   1462, 321830
   1463, 322063
   1464, 322303
   1465, 322550
   1466, 322787
   1467, 323031
   1468, 323270
   1469, 323504
   1470, 323735
   1471, 323967
   1472, 324198
   1473, 324421
   1474, 324638
   1475, 324859
   1476, 325103
   1477, 325360
   1478, 325618
   1479, 325860
   1480, 326093
   1481, 326316
   1482, 326539
   1483, 326768
   1484, 327003
   1485, 327249
   1486, 327489
   1487, 327743
   1488, 328005
   1489, 328252
   1490, 328489
   1491, 328711
   1492, 328931
   1493, 329154
   1494, 329398
   1495, 329658
   1496, 329914
   1497, 330162
   1498, 330399
   1499, 330632
   1500, 330860
   1501, 331079
   1502, 331297
   1503, 331525
   1504, 331773
   1505, 332028
   1506, 332290
   1507, 332546
   1508, 332775
   1509, 333005
   1510, 333235
   1511, 333466
   1512, 333711
   1513, 333949
   1514, 334179
   1515, 334413
   1516, 334647
   1517, 334871
   1518, 335102
   1519, 335334
   1520, 335562
   1521, 335787
   1522, 336031
   1523, 336290
   1524, 336554
   1525, 336808
   1526, 337040
   1527, 337261
   1528, 337486
   1529, 337701
   1530, 337923
   1531, 338147
   1532, 338371
   1533, 338601
   1534, 338837
   1535, 339092
   1536, 339345
   1537, 339588
   1538, 339819
   1539, 340050
   1540, 340287
   1541, 340523
   1542, 340779
   1543, 341030
   1544, 341277
   1545, 341501
   1546, 341716
   1547, 341937
   1548, 342176
   1549, 342422
   1550, 342673
   1551, 342918
   1552, 343168
   1553, 343410
   1554, 343660
   1555, 343896
   1556, 344133
   1557, 344356
   1558, 344576
   1559, 344810
   1560, 345062
   1561, 345306
   1562, 345558
   1563, 345795
   1564, 346025
   1565, 346262
   1566, 346511
   1567, 346762
   1568, 346997
   1569, 347236
   1570, 347471
   1571, 347709
   1572, 347939
   1573, 348153
   1574, 348381
   1575, 348628
   1576, 348891
   1577, 349159
   1578, 349418
   1579, 349668
   1580, 349907
   1581, 350143
   1582, 350367
   1583, 350593
   1584, 350834
   1585, 351096
   1586, 351368
   1587, 351650
   1588, 351901
   1589, 352148
   1590, 352393
   1591, 352637
   1592, 352861
   1593, 353083
   1594, 353318
   1595, 353563
   1596, 353818
   1597, 354063
   1598, 354309
   1599, 354577
   1600, 354849
   1601, 355111
   1602, 355357
   1603, 355601
   1604, 355840
   1605, 356073
   1606, 356311
   1607, 356544
   1608, 356773
   1609, 357020
   1610, 357280
   1611, 357548
   1612, 357803
   1613, 358072
   1614, 358345
   1615, 358601
   1616, 358848
   1617, 359070
   1618, 359295
   1619, 359535
   1620, 359776
   1621, 360019
   1622, 360259
   1623, 360504
   1624, 360745
   1625, 360989
   1626, 361221
   1627, 361461
   1628, 361717
   1629, 361969
   1630, 362220
   1631, 362486
   1632, 362742
   1633, 362976
   1634, 363201
   1635, 363440
   1636, 363676
   1637, 363911
   1638, 364148
   1639, 364388
   1640, 364636
   1641, 364870
   1642, 365101
   1643, 365330
   1644, 365566
   1645, 365811
   1646, 366048
   1647, 366280
   1648, 366514
   1649, 366755
   1650, 366982
   1651, 367201
   1652, 367403
   1653, 367602
   1654, 367811
   1655, 368039
   1656, 368276
   1657, 368521
   1658, 368764
   1659, 369002
   1660, 369235
   1661, 369452
   1662, 369679
   1663, 369887
   1664, 370095
   1665, 370326
   1666, 370556
   1667, 370799
   1668, 371056
   1669, 371305
   1670, 371547
   1671, 371768
   1672, 372003
   1673, 372251
   1674, 372502
   1675, 372757
   1676, 373010
   1677, 373248
   1678, 373470
   1679, 373688
   1680, 373899
   1681, 374106
   1682, 374309
   1683, 374530
   1684, 374771
   1685, 375018
   1686, 375256
   1687, 375491
   1688, 375705
   1689, 375969
   1690, 376194
   1691, 376413
   1692, 376631
   1693, 376851
   1694, 377077
   1695, 377303
   1696, 377536
   1697, 377767
   1698, 377999
   1699, 378232
   1700, 378463
   1701, 378688
   1702, 378917
   1703, 379147
   1704, 379387
   1705, 379637
   1706, 379877
   1707, 380115
   1708, 380344
   1709, 380566
   1710, 380784
   1711, 380998
   1712, 381231
   1713, 381471
   1714, 381702
   1715, 381930
   1716, 382158
   1717, 382387
   1718, 382606
   1719, 382816
   1720, 383025
   1721, 383248
   1722, 383484
   1723, 383714
   1724, 383947
   1725, 384191
   1726, 384429
   1727, 384670
   1728, 384911
   1729, 385138
   1730, 385356
   1731, 385570
   1732, 385788
   1733, 386000
   1734, 386212
   1735, 386438
   1736, 386660
   1737, 386882
   1738, 387107
   1739, 387334
   1740, 387569
   1741, 387798
   1742, 388033
   1743, 388277
   1744, 388518
   1745, 388748
   1746, 388969
   1747, 389186
   1748, 389407
   1749, 389627
   1750, 389851
   1751, 390084
   1752, 390319
   1753, 390551
   1754, 390781
   1755, 391011
   1756, 391234
   1757, 391456
   1758, 391669
   1759, 391897
   1760, 392131
   1761, 392359
   1762, 392595
   1763, 392822
   1764, 393036
   1765, 393248
   1766, 393463
   1767, 393678
   1768, 393900
   1769, 394127
   1770, 394363
   1771, 394592
   1772, 394833
   1773, 395084
   1774, 395324
   1775, 395558
   1776, 395804
   1777, 396051
   1778, 396299
   1779, 396549
   1780, 396809
   1781, 397056
   1782, 397320
   1783, 397567
   1784, 397812
   1785, 398044
   1786, 398274
   1787, 398521
   1788, 398790
   1789, 399056
   1790, 399306
   1791, 399547
   1792, 399791
   1793, 400028
   1794, 400226
   1795, 400330
   1796, 400424
   1797, 400498
   1798, 400709
   1799, 400949
   1800, 401200
   1801, 401448
   1802, 401705
   1803, 401955
   1804, 402191
   1805, 402420
   1806, 402657
   1807, 402897
   1808, 403143
   1809, 403377
   1810, 403618
   1811, 403864
   1812, 404105
   1813, 404340
   1814, 404580
   1815, 404812
   1816, 404926
   1817, 405042
   1818, 405281
   1819, 405456
   1820, 405529
   1821, 405769
   1822, 406005
   1823, 406233
   1824, 406459
   1825, 406686
   1826, 406917
   1827, 407163
   1828, 407419
   1829, 407664
   1830, 407911
   1831, 408157
   1832, 408407
   1833, 408646
   1834, 408878
   1835, 409102
   1836, 409332
   1837, 409571
   1838, 409805
   1839, 410047
   1840, 410284
   1841, 410512
   1842, 410748
   1843, 410982
   1844, 411221
   1845, 411475
   1846, 411729
   1847, 411973
   1848, 412218
   1849, 412457
   1850, 412684
   1851, 412910
   1852, 413140
   1853, 413368
   1854, 413601
   1855, 413841
   1856, 414096
   1857, 414358
   1858, 414603
   1859, 414840
   1860, 415077
   1861, 415309
   1862, 415538
   1863, 415775
   1864, 416025
   1865, 416270
   1866, 416518
   1867, 416760
   1868, 417008
   1869, 417244
   1870, 417479
   1871, 417714
   1872, 417958
   1873, 418215
   1874, 418317
   1875, 418469
   1876, 418707
   1877, 418939
   1878, 419161
   1879, 419380
   1880, 419587
   1881, 419808
   1882, 420032
   1883, 420264
   1884, 420502
   1885, 420751
   1886, 421001
   1887, 421234
   1888, 421471
   1889, 421708
   1890, 421929
   1891, 422144
   1892, 422366
   1893, 422606
   1894, 422846
   1895, 423078
   1896, 423305
   1897, 423527
   1898, 423753
   1899, 423973
   1900, 424210
   1901, 424457
   1902, 424695
   1903, 424944
   1904, 425188
   1905, 425434
   1906, 425664
   1907, 425895
   1908, 426114
   1909, 426340
   1910, 426569
   1911, 426805
   1912, 427060
   1913, 427308
   1914, 427554
   1915, 427796
   1916, 428035
   1917, 428268
   1918, 428506
   1919, 428738
   1920, 428985
   1921, 429227
   1922, 429472
   1923, 429720
   1924, 429957
   1925, 430201
   1926, 430442
   1927, 430682
   1928, 430920
   1929, 431175
   1930, 431438
   1931, 431679
   1932, 431913
   1933, 432128
   1934, 432342
   1935, 432557
   1936, 432785
   1937, 433011
   1938, 433262
   1939, 433511
   1940, 433751
   1941, 434002
   1942, 434241
   1943, 434462
   1944, 434679
   1945, 434903
   1946, 435132
   1947, 435367
   1948, 435604
   1949, 435848
   1950, 436105
   1951, 436340
   1952, 436566
   1953, 436804
   1954, 437053
   1955, 437288
   1956, 437542
   1957, 437802
   1958, 438050
   1959, 438305
   1960, 438555
   1961, 438795
   1962, 439029
   1963, 439262
   1964, 439499
   1965, 439738
   1966, 439995
   1967, 440255
   1968, 440513
   1969, 440741
   1970, 440982
   1971, 441221
   1972, 441453
   1973, 441692
   1974, 441953
   1975, 442201
   1976, 442438
   1977, 442693
   1978, 442932
   1979, 443170
   1980, 443397
   1981, 443631
   1982, 443882
   1983, 444131
   1984, 444378
   1985, 444637
   1986, 444896
   1987, 445127
   1988, 445357
   1989, 445583
   1990, 445814
   1991, 446034
   1992, 446261
   1993, 446479
   1994, 446713
   1995, 446958
   1996, 447186
   1997, 447408
   1998, 447639
   1999, 447866
   2000, 448096
   2001, 448329
   2002, 448578
   2003, 448835
   2004, 449082
   2005, 449316
   2006, 449552
   2007, 449793
   2008, 450021
   2009, 450256
   2010, 450500
   2011, 450741
   2012, 450982
   2013, 451222
   2014, 451464
   2015, 451703
   2016, 451935
   2017, 452174
   2018, 452411
   2019, 452646
   2020, 452885
   2021, 453137
   2022, 453379
   2023, 453606
   2024, 453831
   2025, 454060
   2026, 454286
   2027, 454525
   2028, 454769
   2029, 455013
   2030, 455256
   2031, 455505
   2032, 455751
   2033, 455982
   2034, 456214
   2035, 456442
   2036, 456676
   2037, 456912
   2038, 457160
   2039, 457410
   2040, 457647
   2041, 457884
   2042, 458124
   2043, 458361
   2044, 458578
   2045, 458815
   2046, 459062
   2047, 459295
   2048, 459540
   2049, 459777
   2050, 460017
   2051, 460249
   2052, 460467
   2053, 460693
   2054, 460927
   2055, 461174
   2056, 461411
   2057, 461653
   2058, 461897
   2059, 462128
   2060, 462355
   2061, 462576
   2062, 462804
   2063, 463037
   2064, 463267
   2065, 463513
   2066, 463760
   2067, 464001
   2068, 464251
   2069, 464496
   2070, 464722
   2071, 464949
   2072, 465180
   2073, 465415
   2074, 465666
   2075, 465926
   2076, 466180
   2077, 466427
   2078, 466653
   2079, 466880
   2080, 467106
   2081, 467332
   2082, 467563
   2083, 467801
   2084, 468055
   2085, 468301
   2086, 468551
   2087, 468802
   2088, 469043
   2089, 469274
   2090, 469508
   2091, 469754
   2092, 469994
   2093, 470235
   2094, 470490
   2095, 470741
   2096, 470982
   2097, 471214
   2098, 471453
   2099, 471700
   2100, 471945
   2101, 472194
   2102, 472459
   2103, 472704
   2104, 472946
   2105, 473194
   2106, 473436
   2107, 473661
   2108, 473902
   2109, 474142
   2110, 474395
   2111, 474638
   2112, 474891
   2113, 475140
   2114, 475378
   2115, 475620
   2116, 475869
   2117, 476109
   2118, 476351
   2119, 476612
   2120, 476864
   2121, 477104
   2122, 477357
   2123, 477600
   2124, 477831
   2125, 478051
   2126, 478290
   2127, 478543
   2128, 478790
   2129, 479042
   2130, 479298
   2131, 479548
   2132, 479773
   2133, 480005
   2134, 480245
   2135, 480489
   2136, 480740
   2137, 480995
   2138, 481255
   2139, 481497
   2140, 481737
   2141, 481982
   2142, 482230
   2143, 482473
   2144, 482718
   2145, 482964
   2146, 483234
   2147, 483493
   2148, 483743
   2149, 483978
   2150, 484218
   2151, 484454
   2152, 484692
   2153, 484942
   2154, 485212
   2155, 485487
   2156, 485742
   2157, 486007
   2158, 486267
   2159, 486512
   2160, 486750
   2161, 487001
   2162, 487265
   2163, 487522
   2164, 487781
   2165, 488039
   2166, 488291
   2167, 488530
   2168, 488776
   2169, 489035
   2170, 489292
   2171, 489543
   2172, 489785
   2173, 490032
   2174, 490279
   2175, 490527
   2176, 490766
   2177, 491011
   2178, 491272
   2179, 491537
   2180, 491799
   2181, 492072
   2182, 492327
   2183, 492563
   2184, 492796
   2185, 493031
   2186, 493264
   2187, 493501
   2188, 493749
   2189, 494004
   2190, 494257
   2191, 494505
   2192, 494749
   2193, 494979
   2194, 495206
   2195, 495429
   2196, 495655
   2197, 495899
   2198, 496145
   2199, 496385
   2200, 496623
   2201, 496855
   2202, 497078
   2203, 497300
   2204, 497532
   2205, 497772
   2206, 498019
   2207, 498260
   2208, 498508
   2209, 498761
   2210, 499000
   2211, 499231
   2212, 499468
   2213, 499713
   2214, 499943
   2215, 500188
   2216, 500452
   2217, 500708
   2218, 500958
   2219, 501205
   2220, 501448
   2221, 501680
   2222, 501917
   2223, 502169
   2224, 502425
   2225, 502636
   2226, 502741
   2227, 502817
   2228, 502925
   2229, 503189
   2230, 503285
   2231, 503424
   2232, 503670
   2233, 503842
   2234, 503922
   2235, 504187
   2236, 504418
   2237, 504656
   2238, 504894
   2239, 505122
   2240, 505344
   2241, 505568
   2242, 505791
   2243, 506013
   2244, 506239
   2245, 506473
   2246, 506699
   2247, 506936
   2248, 507186
   2249, 507430
   2250, 507677
   2251, 507916
   2252, 508142
   2253, 508367
   2254, 508588
   2255, 508815
   2256, 509044
   2257, 509263
   2258, 509478
   2259, 509688
   2260, 509898
   2261, 510109
   2262, 510323
   2263, 510561
   2264, 510808
   2265, 511048
   2266, 511291
   2267, 511548
   2268, 511805
   2269, 512039
   2270, 512272
   2271, 512500
   2272, 512729
   2273, 512967
   2274, 513202
   2275, 513438
   2276, 513686
   2277, 513938
   2278, 514182
   2279, 514411
   2280, 514651
   2281, 514897
   2282, 515154
   2283, 515401
   2284, 515660
   2285, 515921
   2286, 516172
   2287, 516409
   2288, 516643
   2289, 516882
   2290, 517118
   2291, 517363
   2292, 517626
   2293, 517893
   2294, 518160
   2295, 518411
   2296, 518660
   2297, 518908
   2298, 519149
   2299, 519392
   2300, 519644
   2301, 519906
   2302, 520156
   2303, 520403
   2304, 520658
   2305, 520901
   2306, 521127
   2307, 521360
   2308, 521604
   2309, 521858
   2310, 522119
   2311, 522394
   2312, 522657
   2313, 522900
   2314, 523138
   2315, 523372
   2316, 523601
   2317, 523833
   2318, 524068
   2319, 524308
   2320, 524555
   2321, 524796
   2322, 525041
   2323, 525281
   2324, 525506
   2325, 525745
   2326, 525990
   2327, 526242
   2328, 526503
   2329, 526766
   2330, 527018
   2331, 527258
   2332, 527512
   2333, 527778
   2334, 528057
   2335, 528344
   2336, 528608
   2337, 528855
   2338, 529109
   2339, 529358
   2340, 529593
   2341, 529822
   2342, 530075
   2343, 530360
   2344, 530637
   2345, 530907
   2346, 531187
   2347, 531455
   2348, 531697
   2349, 531935
   2350, 532179
   2351, 532472
   2352, 532810
   2353, 533164
   2354, 533497
   2355, 533800
   2356, 534071
   2357, 534318
   2358, 534565
   2359, 534813
   2360, 535060
   2361, 535310
   2362, 535567
   2363, 535819
   2364, 536083
   2365, 536355
   2366, 536624
   2367, 536880
   2368, 537145
   2369, 537410
   2370, 537670
   2371, 537914
   2372, 538158
   2373, 538394
   2374, 538626
   2375, 538856
   2376, 539084
   2377, 539319
   2378, 539565
   2379, 539803
   2380, 540030
   2381, 540247
   2382, 540472
   2383, 540700
   2384, 540925
   2385, 541161
   2386, 541421
   2387, 541678
   2388, 541920
   2389, 542157
   2390, 542390
   2391, 542615
   2392, 542839
   2393, 543064
   2394, 543300
   2395, 543560
   2396, 543811
   2397, 544054
   2398, 544304
   2399, 544537
   2400, 544763
   2401, 544991
   2402, 545226
   2403, 545462
   2404, 545702
   2405, 545943
   2406, 546197
   2407, 546443
   2408, 546678
   2409, 546913
   2410, 547152
   2411, 547390
   2412, 547634
   2413, 547886
   2414, 548141
   2415, 548385
   2416, 548626
   2417, 548870
   2418, 549111
   2419, 549362
   2420, 549620
   2421, 549873
   2422, 550133
   2423, 550400
   2424, 550661
   2425, 550906
   2426, 551146
   2427, 551381
   2428, 551613
   2429, 551865
   2430, 552134
   2431, 552391
   2432, 552640
   2433, 552886
   2434, 553122
   2435, 553347
   2436, 553575
   2437, 553817
   2438, 554059
   2439, 554308
   2440, 554562
   2441, 554829
   2442, 555079
   2443, 555320
   2444, 555556
   2445, 555801
   2446, 556048
   2447, 556298
   2448, 556559
   2449, 556810
   2450, 557055
   2451, 557303
   2452, 557540
   2453, 557777
   2454, 558014
   2455, 558258
   2456, 558506
   2457, 558756
   2458, 559010
   2459, 559263
   2460, 559505
   2461, 559746
   2462, 559987
   2463, 560220
   2464, 560459
   2465, 560716
   2466, 560969
   2467, 561212
   2468, 561450
   2469, 561681
   2470, 561903
   2471, 562119
   2472, 562343
   2473, 562578
   2474, 562818
   2475, 563069
   2476, 563318
   2477, 563572
   2478, 563822
   2479, 564067
   2480, 564299
   2481, 564536
   2482, 564783
   2483, 565030
   2484, 565283
   2485, 565540
   2486, 565792
   2487, 566028
   2488, 566263
   2489, 566512
   2490, 566761
   2491, 567007
   2492, 567260
   2493, 567524
   2494, 567779
   2495, 568035
   2496, 568290
   2497, 568538
   2498, 568774
   2499, 569014
   2500, 569270
   2501, 569531
   2502, 569786
   2503, 570040
   2504, 570282
   2505, 570518
   2506, 570751
   2507, 570994
   2508, 571255
   2509, 571526
   2510, 571778
   2511, 572037
   2512, 572306
   2513, 572555
   2514, 572785
   2515, 573019
   2516, 573261
   2517, 573519
   2518, 573774
   2519, 574024
   2520, 574274
   2521, 574525
   2522, 574757
   2523, 575001
   2524, 575265
   2525, 575537
   2526, 575814
   2527, 576064
   2528, 576319
   2529, 576567
   2530, 576804
   2531, 577030
   2532, 577257
   2533, 577487
   2534, 577736
   2535, 578015
   2536, 578299
   2537, 578572
   2538, 578820
   2539, 579067
   2540, 579323
   2541, 579605
   2542, 579875
   2543, 580136
   2544, 580388
   2545, 580635
   2546, 580886
   2547, 581032
   2548, 581118
   2549, 581345
   2550, 581580
   2551, 581832
   2552, 582084
   2553, 582340
   2554, 582617
   2555, 582886
   2556, 583142
   2557, 583405
   2558, 583664
   2559, 583910
   2560, 584153
   2561, 584409
   2562, 584676
   2563, 584935
   2564, 585183
   2565, 585425
   2566, 585661
   2567, 585898
   2568, 586126
   2569, 586365
   2570, 586616
   2571, 586877
   2572, 587124
   2573, 587377
   2574, 587624
   2575, 587871
   2576, 588109
   2577, 588353
   2578, 588602
   2579, 588850
   2580, 589095
   2581, 589347
   2582, 589589
   2583, 589823
   2584, 590047
   2585, 590279
   2586, 590525
   2587, 590773
   2588, 591024
   2589, 591286
   2590, 591542
   2591, 591772
   2592, 592002
   2593, 592239
   2594, 592471
   2595, 592694
   2596, 592926
   2597, 593172
   2598, 593444
   2599, 593718
   2600, 594012
   2601, 594278
   2602, 594524
   2603, 594773
   2604, 595030
   2605, 595279
   2606, 595525
   2607, 595766
   2608, 596001
   2609, 596227
   2610, 596452
   2611, 596682
   2612, 596921
   2613, 597176
   2614, 597445
   2615, 597703
   2616, 597976
   2617, 598246
   2618, 598507
   2619, 598742
   2620, 598987
   2621, 599233
   2622, 599486
   2623, 599738
   2624, 599996
   2625, 600253
   2626, 600509
   2627, 600745
   2628, 600992
   2629, 601238
   2630, 601486
   2631, 601733
   2632, 601992
   2633, 602249
   2634, 602502
   2635, 602743
   2636, 602977
   2637, 603214
   2638, 603452
   2639, 603694
   2640, 603950
   2641, 604210
   2642, 604461
   2643, 604705
   2644, 604949
   2645, 605187
   2646, 605421
   2647, 605656
   2648, 605899
   2649, 606152
   2650, 606399
   2651, 606653
   2652, 606908
   2653, 607154
   2654, 607383
   2655, 607617
   2656, 607863
   2657, 608110
   2658, 608361
   2659, 608617
   2660, 608867
   2661, 609117
   2662, 609357
   2663, 609596
   2664, 609839
   2665, 610094
   2666, 610338
   2667, 610602
   2668, 610872
   2669, 611136
   2670, 611378
   2671, 611614
   2672, 611853
   2673, 612085
   2674, 612325
   2675, 612588
   2676, 612853
   2677, 613101
   2678, 613349
   2679, 613600
   2680, 613835
   2681, 614070
   2682, 614313
   2683, 614555
   2684, 614796
   2685, 615040
   2686, 615303
   2687, 615553
   2688, 615787
   2689, 616016
   2690, 616249
   2691, 616488
   2692, 616727
   2693, 616978
   2694, 617240
   2695, 617501
   2696, 617735
   2697, 617966
   2698, 618202
   2699, 618435
   2700, 618671
   2701, 618911
   2702, 619161
   2703, 619411
   2704, 619659
   2705, 619902
   2706, 620140
   2707, 620383
   2708, 620625
   2709, 620877
   2710, 621125
   2711, 621375
   2712, 621626
   2713, 621887
   2714, 622127
   2715, 622355
   2716, 622585
   2717, 622826
   2718, 623059
   2719, 623282
   2720, 623510
   2721, 623747
   2722, 623985
   2723, 624234
   2724, 624480
   2725, 624718
   2726, 624941
   2727, 625163
   2728, 625400
   2729, 625643
   2730, 625874
   2731, 626106
   2732, 626339
   2733, 626583
   2734, 626815
   2735, 627034
   2736, 627271
   2737, 627516
   2738, 627769
   2739, 628007
   2740, 628250
   2741, 628491
   2742, 628717
   2743, 628937
   2744, 629152
   2745, 629386
   2746, 629621
   2747, 629862
   2748, 630110
   2749, 630368
   2750, 630623
   2751, 630850
   2752, 631077
   2753, 631263
   2754, 631525
   2755, 631746
   2756, 631956
   2757, 632187
   2758, 632435
   2759, 632683
   2760, 632922
   2761, 633158
   2762, 633410
   2763, 633656
   2764, 633903
   2765, 634165
   2766, 634428
   2767, 634686
   2768, 634928
   2769, 635173
   2770, 635418
   2771, 635650
   2772, 635840
   2773, 635969
   2774, 636122
   2775, 636383
   2776, 636633
   2777, 636892
   2778, 637145
   2779, 637376
   2780, 637601
   2781, 637817
   2782, 638097
   2783, 638397
   2784, 638699
   2785, 638987
   2786, 639255
   2787, 639499
   2788, 639731
   2789, 639972
   2790, 640214
   2791, 640476
   2792, 640744
   2793, 641024
   2794, 641310
   2795, 641595
   2796, 641852
   2797, 642108
   2798, 642369
   2799, 642624
   2800, 642885
   2801, 643163
   2802, 643431
   2803, 643675
   2804, 643933
   2805, 644188
   2806, 644437
   2807, 644670
   2808, 644926
   2809, 645191
   2810, 645442
   2811, 645712
   2812, 645981
   2813, 646233
   2814, 646456
   2815, 646699
   2816, 646950
   2817, 647204
   2818, 647459
   2819, 647689
   2820, 647921
   2821, 648148
   2822, 648373
   2823, 648607
   2824, 648867
   2825, 649145
   2826, 649423
   2827, 649682
   2828, 649949
