      0,   1273
      1,   1468
      2,   1656
      3,   1851
      4,   2048
      5,   2238
      6,   2435
      7,   2632
      8,   2834
      9,   3023
     10,   3220
     11,   3409
     12,   3604
     13,   3807
     14,   4008
     15,   4202
     16,   4402
     17,   4593
     18,   4786
     19,   4977
     20,   5174
     21,   5375
     22,   5572
     23,   5773
     24,   5964
     25,   6158
     26,   6349
     27,   6545
     28,   6743
     29,   6943
     30,   7136
     31,   7335
     32,   7523
     33,   7716
     34,   7915
     35,   8108
     36,   8303
     37,   8498
     38,   8701
     39,   8900
     40,   9096
     41,   9286
     42,   9482
     43,   9683
     44,   9883
     45,  10076
     46,  10275
     47,  10464
     48,  10657
     49,  10851
     50,  11044
     51,  11237
     52,  11434
     53,  11637
     54,  11828
     55,  12023
     56,  12215
     57,  12411
     58,  12608
     59,  12810
     60,  13007
     61,  13204
     62,  13393
     63,  13586
     64,  13782
     65,  13979
     66,  14174
     67,  14370
     68,  14569
     69,  14764
     70,  14958
     71,  15147
     72,  15340
     73,  15536
     74,  15737
     75,  15930
     76,  16128
     77,  16322
     78,  16514
     79,  16707
     80,  16907
     81,  17096
     82,  17298
     83,  17500
     84,  17696
     85,  17888
     86,  18082
     87,  18274
     88,  18473
     89,  18672
     90,  18867
     91,  19062
     92,  19255
     93,  19447
     94,  19637
     95,  19835
     96,  20027
     97,  20224
     98,  20420
     99,  20617
    100,  20810
    101,  21005
    102,  21194
    103,  21389
    104,  21592
    105,  21792
    106,  21991
    107,  22186
    108,  22376
    109,  22573
    110,  22729
    111,  22954
    112,  23155
    113,  23352
    114,  23556
    115,  23745
    116,  23938
    117,  24129
    118,  24329
    119,  24527
    120,  24727
    121,  24922
    122,  25117
    123,  25306
    124,  25499
    125,  25698
    126,  25895
    127,  26093
    128,  26289
    129,  26488
    130,  26682
    131,  26883
    132,  27071
    133,  27264
    134,  27463
    135,  27663
    136,  27856
    137,  28052
    138,  28242
    139,  28436
    140,  28631
    141,  28826
    142,  29022
    143,  29218
    144,  29419
    145,  29619
    146,  29814
    147,  30007
    148,  30208
    149,  30407
    150,  30611
    151,  30804
    152,  31005
    153,  31195
    154,  31391
    155,  31588
    156,  31783
    157,  31978
    158,  32179
    159,  32379
    160,  32571
    161,  32766
    162,  32962
    163,  33154
    164,  33350
    165,  33551
    166,  33750
    167,  33947
    168,  34137
    169,  34336
    170,  34532
    171,  34730
    172,  34929
    173,  35124
    174,  35324
    175,  35524
    176,  35722
    177,  35914
    178,  36107
    179,  36305
    180,  36508
    181,  36699
    182,  36900
    183,  37089
    184,  37284
    185,  37479
    186,  37678
    187,  37873
    188,  38070
    189,  38270
    190,  38468
    191,  38662
    192,  38858
    193,  39051
    194,  39250
    195,  39448
    196,  39644
    197,  39845
    198,  40038
    199,  40232
    200,  40422
    201,  40623
    202,  40812
    203,  41008
    204,  41207
    205,  41404
    206,  41596
    207,  41793
    208,  41982
    209,  42179
    210,  42382
    211,  42584
    212,  42778
    213,  42965
    214,  43167
    215,  43357
    216,  43562
    217,  43739
    218,  43955
    219,  44153
    220,  44357
    221,  44548
    222,  44749
    223,  44940
    224,  45136
    225,  45334
    226,  45531
    227,  45729
    228,  45923
    229,  46123
    230,  46307
    231,  46508
    232,  46703
    233,  46905
    234,  47102
    235,  47296
    236,  47491
    237,  47682
    238,  47878
    239,  48073
    240,  48271
    241,  48468
    242,  48668
    243,  48861
    244,  49053
    245,  49242
    246,  49446
    247,  49626
    248,  49833
    249,  50012
    250,  50233
    251,  50417
    252,  50620
    253,  50813
    254,  51012
    255,  51209
    256,  51410
    257,  51606
    258,  51801
    259,  51996
    260,  52190
    261,  52386
    262,  52577
    263,  52778
    264,  52975
    265,  53173
    266,  53364
    267,  53559
    268,  53752
    269,  53931
    270,  54143
    271,  54326
    272,  54536
    273,  54717
    274,  54924
    275,  55113
    276,  55311
    277,  55506
    278,  55702
    279,  55895
    280,  56100
    281,  56291
    282,  56486
    283,  56675
    284,  56872
    285,  57067
    286,  57270
    287,  57441
    288,  57660
    289,  57846
    290,  58042
    291,  58239
    292,  58428
    293,  58626
    294,  58823
    295,  59026
    296,  59214
    297,  59409
    298,  59604
    299,  59795
    300,  59996
    301,  60178
    302,  60397
    303,  60579
    304,  60786
    305,  60975
    306,  61177
    307,  61373
    308,  61571
    309,  61768
    310,  61967
    311,  62159
    312,  62357
    313,  62550
    314,  62743
    315,  62936
    316,  63143
    317,  63315
    318,  63538
    319,  63728
    320,  63923
    321,  64119
    322,  64312
    323,  64504
    324,  64707
    325,  64904
    326,  65103
    327,  65288
    328,  65488
    329,  65675
    330,  65885
    331,  66085
    332,  66281
    333,  66480
    334,  66667
    335,  66862
    336,  67052
    337,  67243
    338,  67439
    339,  67627
    340,  67834
    341,  68018
    342,  68231
    343,  68422
    344,  68616
    345,  68814
    346,  69020
    347,  69216
    348,  69412
    349,  69603
    350,  69805
    351,  70000
    352,  70196
    353,  70390
    354,  70592
    355,  70788
    356,  70988
    357,  71174
    358,  71372
    359,  71548
    360,  71766
    361,  71964
    362,  72163
    363,  72362
    364,  72557
    365,  72747
    366,  72944
    367,  73140
    368,  73552
    369,  73752
    370,  73935
    371,  74133
    372,  74332
    373,  74540
    374,  74724
    375,  74926
    376,  75124
    377,  75326
    378,  75512
    379,  75716
    380,  75886
    381,  76102
    382,  76294
    383,  76702
    384,  76886
    385,  77077
    386,  77276
    387,  77465
    388,  77663
    389,  77851
    390,  78065
    391,  78251
    392,  78458
    393,  78653
    394,  78847
    395,  79044
    396,  79240
    397,  79437
    398,  79634
    399,  79831
    400,  80023
    401,  80217
    402,  80412
    403,  80606
    404,  80804
    405,  81000
    406,  81204
    407,  81395
    408,  81586
    409,  81781
    410,  81983
    411,  82178
    412,  82384
    413,  82577
    414,  82781
    415,  82974
    416,  83172
    417,  83358
    418,  83561
    419,  83760
    420,  83959
    421,  84153
    422,  84352
    423,  84537
    424,  84736
    425,  84932
    426,  85124
    427,  85318
    428,  85525
    429,  85723
    430,  85916
    431,  86114
    432,  86307
    433,  86505
    434,  86708
    435,  86908
    436,  87102
    437,  87287
    438,  87443
    439,  87676
    440,  87885
    441,  88079
    442,  88276
    443,  88469
    444,  88669
    445,  88861
    446,  89053
    447,  89241
    448,  89439
    449,  89634
    450,  89840
    451,  90017
    452,  90233
    453,  90425
    454,  90622
    455,  90823
    456,  91012
    457,  91212
    458,  91411
    459,  91616
    460,  91808
    461,  92001
    462,  92202
    463,  92396
    464,  92592
    465,  92785
    466,  92984
    467,  93167
    468,  93381
    469,  93572
    470,  93770
    471,  93966
    472,  94169
    473,  94363
    474,  94563
    475,  94754
    476,  94955
    477,  95147
    478,  95342
    479,  95538
    480,  95736
    481,  95921
    482,  96128
    483,  96300
    484,  96510
    485,  96684
    486,  96901
    487,  97095
    488,  97288
    489,  97493
    490,  97683
    491,  97875
    492,  98070
    493,  98265
    494,  98465
    495,  98665
    496,  98860
    497,  99060
    498,  99252
    499,  99443
    500,  99647
    501,  99820
    502, 100037
    503, 100237
    504, 100438
    505, 100638
    506, 100835
    507, 101026
    508, 101221
    509, 101420
    510, 101619
    511, 101809
    512, 102011
    513, 102182
    514, 102399
    515, 102597
    516, 102794
    517, 102994
    518, 103191
    519, 103393
    520, 103589
    521, 103791
    522, 103979
    523, 104174
    524, 104374
    525, 104584
    526, 104777
    527, 104976
    528, 105169
    529, 105367
    530, 105559
    531, 105747
    532, 105951
    533, 106128
    534, 106352
    535, 106523
    536, 106743
    537, 106941
    538, 107134
    539, 107331
    540, 107535
    541, 107732
    542, 107931
    543, 108120
    544, 108319
    545, 108503
    546, 108709
    547, 108896
    548, 109104
    549, 109304
    550, 109500
    551, 109697
    552, 109886
    553, 110078
    554, 110280
    555, 110482
    556, 110674
    557, 110874
    558, 111063
    559, 111258
    560, 111453
    561, 111626
    562, 111847
    563, 112025
    564, 112252
    565, 112450
    566, 112648
    567, 112847
    568, 113038
    569, 113236
    570, 113439
    571, 113633
    572, 113829
    573, 114020
    574, 114213
    575, 114403
    576, 114599
    577, 114791
    578, 114995
    579, 115176
    580, 115392
    581, 115578
    582, 115784
    583, 115975
    584, 116176
    585, 116378
    586, 116576
    587, 116776
    588, 116969
    589, 117158
    590, 117354
    591, 117533
    592, 117747
    593, 117938
    594, 118149
    595, 118345
    596, 118538
    597, 118732
    598, 118925
    599, 119121
    600, 119321
    601, 119518
    602, 119719
    603, 119910
    604, 120103
    605, 120296
    606, 120500
    607, 120676
    608, 120899
    609, 121098
    610, 121301
    611, 121494
    612, 121688
    613, 121885
    614, 122084
    615, 122284
    616, 122483
    617, 122683
    618, 122874
    619, 123067
    620, 123217
    621, 123457
    622, 123650
    623, 123851
    624, 124055
    625, 124252
    626, 124446
    627, 124642
    628, 124835
    629, 124999
    630, 125238
    631, 125441
    632, 125636
    633, 125831
    634, 126026
    635, 126225
    636, 126422
    637, 126616
    638, 126819
    639, 127021
    640, 127214
    641, 127407
    642, 127605
    643, 127795
    644, 127992
    645, 128198
    646, 128398
    647, 128594
    648, 128786
    649, 128983
    650, 129182
    651, 129379
    652, 129521
    653, 129765
    654, 129972
    655, 130168
    656, 130363
    657, 130559
    658, 130750
    659, 130950
    660, 131155
    661, 131351
    662, 131545
    663, 131736
    664, 131933
    665, 132124
    666, 132323
    667, 132519
    668, 132716
    669, 132918
    670, 133115
    671, 133308
    672, 133504
    673, 133699
    674, 133903
    675, 134103
    676, 134299
    677, 134454
    678, 134690
    679, 134889
    680, 135084
    681, 135284
    682, 135477
    683, 135626
    684, 135870
    685, 136067
    686, 136262
    687, 136455
    688, 136650
    689, 136852
    690, 137051
    691, 137247
    692, 137445
    693, 137639
    694, 137833
    695, 138026
    696, 138226
    697, 138419
    698, 138618
    699, 138823
    700, 139018
    701, 139212
    702, 139404
    703, 139601
    704, 139806
    705, 140005
    706, 140200
    707, 140401
    708, 140593
    709, 140788
    710, 140983
    711, 141183
    712, 141375
    713, 141576
    714, 141777
    715, 141971
    716, 142170
    717, 142369
    718, 142562
    719, 142761
    720, 142925
    721, 143163
    722, 143364
    723, 143559
    724, 143754
    725, 143950
    726, 144149
    727, 144345
    728, 144540
    729, 144738
    730, 144938
    731, 145135
    732, 145324
    733, 145517
    734, 145716
    735, 145924
    736, 146118
    737, 146316
    738, 146504
    739, 146712
    740, 146905
    741, 147102
    742, 147300
    743, 147501
    744, 147698
    745, 147893
    746, 148089
    747, 148290
    748, 148480
    749, 148677
    750, 148881
    751, 149077
    752, 149281
    753, 149468
    754, 149661
    755, 149858
    756, 150055
    757, 150247
    758, 150444
    759, 150646
    760, 150840
    761, 151037
    762, 151234
    763, 151430
    764, 151629
    765, 151832
    766, 152031
    767, 152229
    768, 152419
    769, 152617
    770, 152814
    771, 153008
    772, 153201
    773, 153400
    774, 153600
    775, 153795
    776, 153989
    777, 154189
    778, 154380
    779, 154576
    780, 154781
    781, 154981
    782, 155176
    783, 155371
    784, 155570
    785, 155762
    786, 155958
    787, 156156
    788, 156358
    789, 156557
    790, 156755
    791, 156953
    792, 157149
    793, 157335
    794, 157532
    795, 157733
    796, 157935
    797, 158127
    798, 158291
    799, 158512
    800, 158712
    801, 158908
    802, 159097
    803, 159295
    804, 159495
    805, 159671
    806, 159892
    807, 160088
    808, 160283
    809, 160480
    810, 160679
    811, 160879
    812, 161076
    813, 161269
    814, 161461
    815, 161654
    816, 161851
    817, 162038
    818, 162242
    819, 162425
    820, 162637
    821, 162819
    822, 163028
    823, 163220
    824, 163416
    825, 163611
    826, 163820
    827, 164016
    828, 164214
    829, 164403
    830, 164609
    831, 164801
    832, 164998
    833, 165186
    834, 165398
    835, 165584
    836, 165797
    837, 165991
    838, 166181
    839, 166375
    840, 166587
    841, 166780
    842, 166983
    843, 167164
    844, 167374
    845, 167544
    846, 167765
    847, 167947
    848, 168162
    849, 168356
    850, 168565
    851, 168759
    852, 168952
    853, 169143
    854, 169340
    855, 169549
    856, 169751
    857, 169938
    858, 170141
    859, 170334
    860, 170529
    861, 170709
    862, 170925
    863, 171109
    864, 171323
    865, 171508
    866, 171723
    867, 171915
    868, 172105
    869, 172305
    870, 172517
    871, 172715
    872, 172914
    873, 173104
    874, 173307
    875, 173482
    876, 173702
    877, 173883
    878, 174097
    879, 174283
    880, 174499
    881, 174692
    882, 174884
    883, 175081
    884, 175285
    885, 175483
    886, 175685
    887, 175884
    888, 176076
    889, 176273
    890, 176465
    891, 176648
    892, 176865
    893, 177042
    894, 177269
    895, 177448
    896, 177668
    897, 177859
    898, 178054
    899, 178254
    900, 178460
    901, 178657
    902, 178851
    903, 179041
    904, 179238
    905, 179431
    906, 179627
    907, 179809
    908, 180021
    909, 180207
    910, 180417
    911, 180607
    912, 180810
    913, 181006
    914, 181206
    915, 181409
    916, 181604
    917, 181808
    918, 181998
    919, 182182
    920, 182388
    921, 182565
    922, 182786
    923, 182985
    924, 183184
    925, 183376
    926, 183571
    927, 183763
    928, 183960
    929, 184155
    930, 184358
    931, 184539
    932, 184752
    933, 184916
    934, 185141
    935, 185338
    936, 185532
    937, 185739
    938, 185929
    939, 186131
    940, 186327
    941, 186511
    942, 186718
    943, 186911
    944, 187110
    945, 187317
    946, 187508
    947, 187705
    948, 187896
    949, 188079
    950, 188284
    951, 188468
    952, 188678
    953, 188874
    954, 189073
    955, 189266
    956, 189462
    957, 189654
    958, 189853
    959, 190050
    960, 190259
    961, 190447
    962, 190665
    963, 190853
    964, 191049
    965, 191244
    966, 191445
    967, 191636
    968, 191830
    969, 192042
    970, 192230
    971, 192422
    972, 192615
    973, 192820
    974, 193012
    975, 193212
    976, 193406
    977, 193600
    978, 193796
    979, 193991
    980, 194186
    981, 194385
    982, 194579
    983, 194769
    984, 194985
    985, 195179
    986, 195379
    987, 195573
    988, 195774
    989, 195974
    990, 196173
    991, 196368
    992, 196569
    993, 196763
    994, 196957
    995, 197147
    996, 197353
    997, 197555
    998, 197742
    999, 197927
   1000, 198145
   1001, 198341
   1002, 198536
   1003, 198734
   1004, 198932
   1005, 199137
   1006, 199304
   1007, 199534
   1008, 199726
   1009, 199922
   1010, 200120
   1011, 200312
   1012, 200506
   1013, 200687
   1014, 200909
   1015, 201104
   1016, 201297
   1017, 201494
   1018, 201690
   1019, 201885
   1020, 202087
   1021, 202284
   1022, 202485
   1023, 202677
   1024, 202872
   1025, 203072
   1026, 203274
   1027, 203468
   1028, 203668
   1029, 203851
   1030, 204065
   1031, 204237
   1032, 204460
   1033, 204660
   1034, 204858
   1035, 205059
   1036, 205253
   1037, 205456
   1038, 205647
   1039, 205841
   1040, 206018
   1041, 206235
   1042, 206428
   1043, 206627
   1044, 206814
   1045, 207030
   1046, 207223
   1047, 207419
   1048, 207618
   1049, 207816
   1050, 208017
   1051, 208216
   1052, 208417
   1053, 208608
   1054, 208800
   1055, 208999
   1056, 209194
   1057, 209391
   1058, 209586
   1059, 209791
   1060, 209985
   1061, 210179
   1062, 210374
   1063, 210570
   1064, 210769
   1065, 210971
   1066, 211169
   1067, 211373
   1068, 211561
   1069, 211760
   1070, 211953
   1071, 212155
   1072, 212353
   1073, 212528
   1074, 212754
   1075, 212952
   1076, 213153
   1077, 213342
   1078, 213535
   1079, 213738
   1080, 213940
   1081, 214134
   1082, 214328
   1083, 214523
   1084, 214720
   1085, 214919
   1086, 215111
   1087, 215311
   1088, 215513
   1089, 215719
   1090, 215912
   1091, 216112
   1092, 216308
   1093, 216508
   1094, 216705
   1095, 216906
   1096, 217098
   1097, 217309
   1098, 217502
   1099, 217692
   1100, 217888
   1101, 218084
   1102, 218287
   1103, 218485
   1104, 218688
   1105, 218881
   1106, 219086
   1107, 219276
   1108, 219484
   1109, 219678
   1110, 219870
   1111, 220073
   1112, 220254
   1113, 220473
   1114, 220668
   1115, 220870
   1116, 221060
   1117, 221262
   1118, 221463
   1119, 221661
   1120, 221852
   1121, 222051
   1122, 222242
   1123, 222438
   1124, 222625
   1125, 222840
   1126, 223035
   1127, 223233
   1128, 223431
   1129, 223621
   1130, 223820
   1131, 224013
   1132, 224221
   1133, 224416
   1134, 224614
   1135, 224812
   1136, 224992
   1137, 225210
   1138, 225383
   1139, 225609
   1140, 225791
   1141, 226017
   1142, 226210
   1143, 226402
   1144, 226597
   1145, 226802
   1146, 226988
   1147, 227187
   1148, 227387
   1149, 227594
   1150, 227782
   1151, 227979
   1152, 228153
   1153, 228375
   1154, 228567
   1155, 228782
   1156, 228981
   1157, 229138
   1158, 229374
   1159, 229568
   1160, 229771
   1161, 229967
   1162, 230167
   1163, 230367
   1164, 230570
   1165, 230763
   1166, 230944
   1167, 231154
   1168, 231350
   1169, 231559
   1170, 231759
   1171, 231910
   1172, 232145
   1173, 232345
   1174, 232538
   1175, 232744
   1176, 232940
   1177, 233138
   1178, 233341
   1179, 233544
   1180, 233711
   1181, 233932
   1182, 234131
   1183, 234332
   1184, 234536
   1185, 234734
   1186, 234935
   1187, 235125
   1188, 235323
   1189, 235518
   1190, 235720
   1191, 235913
   1192, 236112
   1193, 236317
   1194, 236517
   1195, 236713
   1196, 236909
   1197, 237110
   1198, 237310
   1199, 237511
   1200, 237709
   1201, 237910
   1202, 238105
   1203, 238309
   1204, 238506
   1205, 238705
   1206, 238901
   1207, 239109
   1208, 239311
   1209, 239507
   1210, 239704
   1211, 239902
   1212, 240096
   1213, 240295
   1214, 240502
   1215, 240699
   1216, 240897
   1217, 241088
   1218, 241286
   1219, 241488
   1220, 241686
   1221, 241883
   1222, 242084
   1223, 242290
   1224, 242487
   1225, 242684
   1226, 242878
   1227, 243081
   1228, 243281
   1229, 243484
   1230, 243680
   1231, 243883
   1232, 244073
   1233, 244268
   1234, 244471
   1235, 244666
   1236, 244865
   1237, 245065
   1238, 245272
   1239, 245465
   1240, 245662
   1241, 245858
   1242, 246056
   1243, 246258
   1244, 246464
   1245, 246665
   1246, 246862
   1247, 247054
   1248, 247254
   1249, 247454
   1250, 247647
   1251, 247852
   1252, 248049
   1253, 248251
   1254, 248445
   1255, 248646
   1256, 248836
   1257, 249034
   1258, 249240
   1259, 249442
   1260, 249639
   1261, 249839
   1262, 250034
   1263, 250228
   1264, 250427
   1265, 250624
   1266, 250834
   1267, 251032
   1268, 251231
   1269, 251430
   1270, 251632
   1271, 251824
   1272, 252022
   1273, 252230
   1274, 252432
   1275, 252628
   1276, 252821
   1277, 253019
   1278, 253212
   1279, 253412
   1280, 253608
   1281, 253807
   1282, 254005
   1283, 254205
   1284, 254403
   1285, 254598
   1286, 254793
   1287, 254999
   1288, 255205
   1289, 255403
   1290, 255604
   1291, 255799
   1292, 255997
   1293, 256190
   1294, 256392
   1295, 256585
   1296, 256786
   1297, 256992
   1298, 257185
   1299, 257382
   1300, 257580
   1301, 257775
   1302, 257974
   1303, 258177
   1304, 258380
   1305, 258578
   1306, 258771
   1307, 258972
   1308, 259167
   1309, 259367
   1310, 259569
   1311, 259769
   1312, 259977
   1313, 260176
   1314, 260374
   1315, 260571
   1316, 260768
   1317, 260969
   1318, 261176
   1319, 261368
   1320, 261566
   1321, 261762
   1322, 261955
   1323, 262155
   1324, 262351
   1325, 262541
   1326, 262752
   1327, 262961
   1328, 263158
   1329, 263355
   1330, 263554
   1331, 263752
   1332, 263956
   1333, 264162
   1334, 264358
   1335, 264557
   1336, 264753
   1337, 264947
   1338, 265150
   1339, 265345
   1340, 265551
   1341, 265745
   1342, 265949
   1343, 266142
   1344, 266338
   1345, 266533
   1346, 266731
   1347, 266942
   1348, 267142
   1349, 267338
   1350, 267539
   1351, 267743
   1352, 267940
   1353, 268142
   1354, 268340
   1355, 268539
   1356, 268741
   1357, 268945
   1358, 269140
   1359, 269335
   1360, 269531
   1361, 269732
   1362, 269934
   1363, 270134
   1364, 270337
   1365, 270530
   1366, 270727
   1367, 270924
   1368, 271120
   1369, 271317
   1370, 271522
   1371, 271727
   1372, 271923
   1373, 272123
   1374, 272321
   1375, 272512
   1376, 272720
   1377, 272927
   1378, 273125
   1379, 273327
   1380, 273521
   1381, 273718
   1382, 273913
   1383, 274114
   1384, 274312
   1385, 274508
   1386, 274712
   1387, 274908
   1388, 275109
   1389, 275300
   1390, 275500
   1391, 275699
   1392, 275912
   1393, 276098
   1394, 276312
   1395, 276505
   1396, 276706
   1397, 276910
   1398, 277103
   1399, 277304
   1400, 277511
   1401, 277712
   1402, 277908
   1403, 278096
   1404, 278302
   1405, 278492
   1406, 278702
   1407, 278902
   1408, 279101
   1409, 279285
   1410, 279499
   1411, 279684
   1412, 279895
   1413, 280085
   1414, 280296
   1415, 280492
   1416, 280700
   1417, 280901
   1418, 281101
   1419, 281292
   1420, 281493
   1421, 281714
   1422, 281904
   1423, 282094
   1424, 282296
   1425, 282474
   1426, 282689
   1427, 282875
   1428, 283080
   1429, 283298
   1430, 283483
   1431, 283683
   1432, 283878
   1433, 284081
   1434, 284273
   1435, 284471
   1436, 284676
   1437, 284880
   1438, 285080
   1439, 285276
   1440, 285472
   1441, 285656
   1442, 285877
   1443, 286057
   1444, 286271
   1445, 286452
   1446, 286676
   1447, 286859
   1448, 287067
   1449, 287252
   1450, 287464
   1451, 287665
   1452, 287861
   1453, 288063
   1454, 288258
   1455, 288453
   1456, 288647
   1457, 288849
   1458, 289039
   1459, 289236
   1460, 289444
   1461, 289625
   1462, 289844
   1463, 290041
   1464, 290239
   1465, 290436
   1466, 290638
   1467, 290837
   1468, 291043
   1469, 291232
   1470, 291427
   1471, 291602
   1472, 291819
   1473, 292014
   1474, 292214
   1475, 292431
   1476, 292612
   1477, 292820
   1478, 293007
   1479, 293201
   1480, 293401
   1481, 293605
   1482, 293808
   1483, 294010
   1484, 294198
   1485, 294394
   1486, 294594
   1487, 294787
   1488, 294984
   1489, 295167
   1490, 295387
   1491, 295563
   1492, 295789
   1493, 295970
   1494, 296178
   1495, 296386
   1496, 296585
   1497, 296780
   1498, 296979
   1499, 297176
   1500, 297377
   1501, 297570
   1502, 297768
   1503, 297982
   1504, 298178
   1505, 298365
   1506, 298577
   1507, 298787
   1508, 298973
   1509, 299175
   1510, 299376
   1511, 299580
   1512, 299777
   1513, 299981
   1514, 300172
   1515, 300357
   1516, 300570
   1517, 300755
   1518, 300966
   1519, 301164
   1520, 301376
   1521, 301578
   1522, 301771
   1523, 301964
   1524, 302170
   1525, 302380
   1526, 302581
   1527, 302777
   1528, 302975
   1529, 303176
   1530, 303370
   1531, 303568
   1532, 303768
   1533, 303975
   1534, 304174
   1535, 304364
   1536, 304571
   1537, 304771
   1538, 304967
   1539, 305168
   1540, 305378
   1541, 305528
   1542, 305771
   1543, 305949
   1544, 306167
   1545, 306370
   1546, 306566
   1547, 306768
   1548, 306970
   1549, 307180
   1550, 307376
   1551, 307574
   1552, 307773
   1553, 307972
   1554, 308172
   1555, 308363
   1556, 308579
   1557, 308758
   1558, 308971
   1559, 309153
   1560, 309376
   1561, 309570
   1562, 309775
   1563, 309972
   1564, 310179
   1565, 310378
   1566, 310575
   1567, 310767
   1568, 310969
   1569, 311192
   1570, 311386
   1571, 311569
   1572, 311786
   1573, 311975
   1574, 312180
   1575, 312382
   1576, 312580
   1577, 312782
   1578, 312980
   1579, 313181
   1580, 313379
   1581, 313574
   1582, 313766
   1583, 313969
   1584, 314176
   1585, 314377
   1586, 314575
   1587, 314766
   1588, 314966
   1589, 315139
   1590, 315365
   1591, 315568
   1592, 315773
   1593, 315975
   1594, 316175
   1595, 316368
   1596, 316576
   1597, 316769
   1598, 316971
   1599, 317177
   1600, 317373
   1601, 317573
   1602, 317767
   1603, 317969
   1604, 318171
   1605, 318314
   1606, 318437
   1607, 318753
   1608, 318967
   1609, 319161
   1610, 319361
   1611, 319554
   1612, 319758
   1613, 319967
   1614, 320165
   1615, 320360
   1616, 320558
   1617, 320751
   1618, 320953
   1619, 321148
   1620, 321343
   1621, 321543
   1622, 321737
   1623, 321948
   1624, 322134
   1625, 322316
   1626, 322722
   1627, 322930
   1628, 323134
   1629, 323328
   1630, 323529
   1631, 323726
   1632, 323923
   1633, 324122
   1634, 324320
   1635, 324521
   1636, 324698
   1637, 324924
   1638, 325124
   1639, 325318
   1640, 325514
   1641, 325715
   1642, 325916
   1643, 326117
   1644, 326311
   1645, 326518
   1646, 326709
   1647, 326897
   1648, 327092
   1649, 327306
   1650, 327519
   1651, 327706
   1652, 327918
   1653, 328112
   1654, 328312
   1655, 328512
   1656, 328709
   1657, 328915
   1658, 329123
   1659, 329322
   1660, 329507
   1661, 329718
   1662, 329930
   1663, 330120
   1664, 330314
   1665, 330520
   1666, 330720
   1667, 330925
   1668, 331120
   1669, 331319
   1670, 331516
   1671, 331720
   1672, 331882
   1673, 332123
   1674, 332306
   1675, 332527
   1676, 332728
   1677, 332869
   1678, 333112
   1679, 333318
   1680, 333525
   1681, 333728
   1682, 333926
   1683, 334130
   1684, 334323
   1685, 334520
   1686, 334725
   1687, 334928
   1688, 335130
   1689, 335333
   1690, 335521
   1691, 335722
   1692, 335926
   1693, 336124
   1694, 336323
   1695, 336525
   1696, 336737
   1697, 336933
   1698, 337133
   1699, 337330
   1700, 337534
   1701, 337738
   1702, 337943
   1703, 338140
   1704, 338336
   1705, 338536
   1706, 338736
   1707, 338939
   1708, 339130
   1709, 339334
   1710, 339540
   1711, 339739
   1712, 339897
   1713, 340135
   1714, 340335
   1715, 340535
   1716, 340741
   1717, 340948
   1718, 341148
   1719, 341346
   1720, 341550
   1721, 341746
   1722, 341949
   1723, 342149
   1724, 342348
   1725, 342554
   1726, 342757
   1727, 342955
   1728, 343148
   1729, 343347
   1730, 343549
   1731, 343755
   1732, 343953
   1733, 344155
   1734, 344345
   1735, 344543
   1736, 344746
   1737, 344941
   1738, 345141
   1739, 345345
   1740, 345553
   1741, 345749
   1742, 345951
   1743, 346149
   1744, 346346
   1745, 346550
   1746, 346758
   1747, 346956
   1748, 347156
   1749, 347350
   1750, 347547
   1751, 347748
   1752, 347943
   1753, 348147
   1754, 348351
   1755, 348550
   1756, 348743
   1757, 348940
   1758, 349133
   1759, 349329
   1760, 349539
   1761, 349748
   1762, 349946
   1763, 350142
   1764, 350339
   1765, 350537
   1766, 350741
   1767, 350941
   1768, 351143
   1769, 351343
   1770, 351543
   1771, 351739
   1772, 351934
   1773, 352125
   1774, 352321
   1775, 352527
   1776, 352724
   1777, 352921
   1778, 353115
   1779, 353315
   1780, 353507
   1781, 353704
   1782, 353900
   1783, 354105
   1784, 354307
   1785, 354503
   1786, 354705
   1787, 354901
   1788, 355093
   1789, 355294
   1790, 355499
   1791, 355696
   1792, 355896
   1793, 356088
   1794, 356283
   1795, 356476
   1796, 356676
   1797, 356872
   1798, 357073
   1799, 357278
   1800, 357476
   1801, 357676
   1802, 357866
   1803, 358063
   1804, 358267
   1805, 358475
   1806, 358670
   1807, 358874
   1808, 359064
   1809, 359260
   1810, 359453
   1811, 359648
   1812, 359845
   1813, 360044
   1814, 360246
   1815, 360396
   1816, 360629
   1817, 360821
   1818, 361014
   1819, 361210
   1820, 361416
   1821, 361614
   1822, 361812
   1823, 362002
   1824, 362195
   1825, 362390
   1826, 362592
   1827, 362784
   1828, 362984
   1829, 363188
   1830, 363391
   1831, 363588
   1832, 363782
   1833, 363982
   1834, 364185
   1835, 364391
   1836, 364590
   1837, 364792
   1838, 364987
   1839, 365182
   1840, 365382
   1841, 365583
   1842, 365782
   1843, 365985
   1844, 366190
   1845, 366394
   1846, 366593
   1847, 366789
   1848, 366994
   1849, 367204
   1850, 367409
   1851, 367608
   1852, 367815
   1853, 368012
   1854, 368209
   1855, 368412
   1856, 368616
   1857, 368821
   1858, 369019
   1859, 369225
   1860, 369426
   1861, 369624
   1862, 369819
   1863, 370022
   1864, 370233
   1865, 370435
   1866, 370636
   1867, 370837
   1868, 371036
   1869, 371236
   1870, 371442
   1871, 371643
   1872, 371846
   1873, 372054
   1874, 372259
   1875, 372459
   1876, 372655
   1877, 372856
   1878, 373066
   1879, 373272
   1880, 373471
   1881, 373680
   1882, 373872
   1883, 374071
   1884, 374274
   1885, 374476
   1886, 374678
   1887, 374880
   1888, 375090
   1889, 375287
   1890, 375484
   1891, 375686
   1892, 375892
   1893, 376114
   1894, 376283
   1895, 376509
   1896, 376688
   1897, 376911
   1898, 377086
   1899, 377315
   1900, 377492
   1901, 377719
   1902, 377919
   1903, 378119
   1904, 378318
   1905, 378517
   1906, 378720
   1907, 378914
   1908, 379120
   1909, 379899
   1910, 380128
   1911, 380305
   1912, 380528
   1913, 380736
   1914, 380935
   1915, 381121
   1916, 381332
   1917, 381511
   1918, 381733
   1919, 381918
   1920, 382135
   1921, 382310
   1922, 382486
   1923, 382717
   1924, 382916
   1925, 383122
   1926, 383316
   1927, 383515
   1928, 383720
   1929, 383911
   1930, 384131
   1931, 384323
   1932, 384524
   1933, 384712
   1934, 384935
   1935, 385149
   1936, 385340
   1937, 385535
   1938, 385733
   1939, 385919
   1940, 386136
   1941, 386338
   1942, 386529
   1943, 386722
   1944, 386933
   1945, 387121
   1946, 387329
   1947, 387521
   1948, 387730
   1949, 387948
   1950, 388139
   1951, 388335
   1952, 388533
   1953, 388727
   1954, 388878
   1955, 389006
   1956, 389327
   1957, 389538
   1958, 389740
   1959, 389943
   1960, 390130
   1961, 390339
   1962, 390539
   1963, 390737
   1964, 390943
   1965, 391143
   1966, 391347
   1967, 391535
   1968, 391735
   1969, 391941
   1970, 392138
   1971, 392339
   1972, 392540
   1973, 392750
   1974, 392925
   1975, 393144
   1976, 393349
   1977, 393547
   1978, 393754
   1979, 393959
   1980, 394161
   1981, 394357
   1982, 394557
   1983, 394757
   1984, 394955
   1985, 395151
   1986, 395356
   1987, 395558
   1988, 395760
   1989, 395960
   1990, 396144
   1991, 396356
   1992, 396536
   1993, 396772
   1994, 396967
   1995, 397177
   1996, 397371
   1997, 397574
   1998, 397770
   1999, 397975
   2000, 398177
   2001, 398375
   2002, 398581
   2003, 398780
   2004, 398979
   2005, 399172
   2006, 399371
   2007, 399578
   2008, 399790
   2009, 399975
   2010, 400181
   2011, 400378
   2012, 400575
   2013, 400776
   2014, 400975
   2015, 401175
   2016, 401377
   2017, 401587
   2018, 401787
   2019, 401987
   2020, 402178
   2021, 402390
   2022, 402569
   2023, 402797
   2024, 402982
   2025, 403197
   2026, 403393
   2027, 403593
   2028, 403796
   2029, 403991
   2030, 404196
   2031, 404402
   2032, 404602
   2033, 404802
   2034, 405003
   2035, 405197
   2036, 405381
   2037, 405608
   2038, 405809
   2039, 406010
   2040, 406199
   2041, 406410
   2042, 406608
   2043, 406812
   2044, 407011
   2045, 407219
   2046, 407420
   2047, 407621
   2048, 407827
   2049, 408018
   2050, 408216
   2051, 408422
   2052, 408625
   2053, 408824
   2054, 409017
   2055, 409224
   2056, 409420
   2057, 409628
   2058, 409823
   2059, 410028
   2060, 410230
   2061, 410440
   2062, 410641
   2063, 410838
   2064, 411036
   2065, 411241
   2066, 411448
   2067, 411651
   2068, 411852
   2069, 412054
   2070, 412226
   2071, 412453
   2072, 412658
   2073, 412854
   2074, 413061
   2075, 413259
   2076, 413463
   2077, 413667
   2078, 413863
   2079, 414057
   2080, 414264
   2081, 414476
   2082, 414659
   2083, 414876
   2084, 415079
   2085, 415280
   2086, 415475
   2087, 415675
   2088, 415884
   2089, 416084
   2090, 416295
   2091, 416491
   2092, 416691
   2093, 416888
   2094, 417090
   2095, 417295
   2096, 417480
   2097, 417702
   2098, 417906
   2099, 418096
   2100, 418296
   2101, 418502
   2102, 418650
   2103, 418900
   2104, 419106
   2105, 419312
   2106, 419507
   2107, 419709
   2108, 419904
   2109, 420108
   2110, 420313
   2111, 420519
   2112, 420721
   2113, 420912
   2114, 421113
   2115, 421311
   2116, 421507
   2117, 421707
   2118, 421923
   2119, 422117
   2120, 422313
   2121, 422517
   2122, 422713
   2123, 422908
   2124, 423114
   2125, 423324
   2126, 423521
   2127, 423726
   2128, 423924
   2129, 424121
   2130, 424303
   2131, 424526
   2132, 424729
   2133, 424932
   2134, 425139
   2135, 425330
   2136, 425535
   2137, 425716
   2138, 425925
   2139, 426135
   2140, 426324
   2141, 426545
   2142, 426739
   2143, 426936
   2144, 427135
   2145, 427346
   2146, 427537
   2147, 427741
   2148, 427951
   2149, 428155
   2150, 428353
   2151, 428551
   2152, 428731
   2153, 428960
   2154, 429166
   2155, 429369
   2156, 429573
   2157, 429764
   2158, 429964
   2159, 430165
   2160, 430367
   2161, 430567
   2162, 430770
   2163, 430978
   2164, 431170
   2165, 431375
   2166, 431574
   2167, 431783
   2168, 431986
   2169, 432195
   2170, 432399
   2171, 432606
   2172, 432800
   2173, 432996
   2174, 433206
   2175, 433401
   2176, 433605
   2177, 433808
   2178, 434017
   2179, 434212
   2180, 434410
   2181, 434609
   2182, 434814
   2183, 435020
   2184, 435225
   2185, 435431
   2186, 435627
   2187, 435826
   2188, 436027
   2189, 436229
   2190, 436428
   2191, 436635
   2192, 436848
   2193, 437044
   2194, 437242
   2195, 437445
   2196, 437649
   2197, 437852
   2198, 438061
   2199, 438263
   2200, 438464
   2201, 438656
   2202, 438858
   2203, 439063
   2204, 439258
   2205, 439465
   2206, 439668
   2207, 439870
   2208, 440068
   2209, 440271
   2210, 440475
   2211, 440676
   2212, 440885
   2213, 441092
   2214, 441302
   2215, 441495
   2216, 441700
   2217, 441903
   2218, 442108
   2219, 442303
   2220, 442508
   2221, 442719
   2222, 442916
   2223, 443113
   2224, 443315
   2225, 443520
   2226, 443723
   2227, 443929
   2228, 444134
   2229, 444340
   2230, 444534
   2231, 444736
   2232, 444942
   2233, 445146
   2234, 445350
   2235, 445556
   2236, 445767
   2237, 445962
   2238, 446169
   2239, 446369
   2240, 446575
   2241, 446775
   2242, 446981
   2243, 447187
   2244, 447388
   2245, 447581
   2246, 447779
   2247, 447991
   2248, 448190
   2249, 448392
   2250, 448598
   2251, 448807
   2252, 449008
   2253, 449205
   2254, 449406
   2255, 449618
   2256, 449833
   2257, 450031
   2258, 450233
   2259, 450433
   2260, 450638
   2261, 450837
   2262, 451034
   2263, 451242
   2264, 451451
   2265, 451653
   2266, 451850
   2267, 452058
   2268, 452260
   2269, 452463
   2270, 452665
   2271, 452873
   2272, 453080
   2273, 453281
   2274, 453481
   2275, 453690
   2276, 453894
   2277, 454090
   2278, 454299
   2279, 454511
   2280, 454719
   2281, 454917
   2282, 455114
   2283, 455319
   2284, 455529
   2285, 455736
   2286, 455933
   2287, 456140
   2288, 456342
   2289, 456544
   2290, 456745
   2291, 456946
   2292, 457158
   2293, 457360
   2294, 457566
   2295, 457763
   2296, 457974
   2297, 458177
   2298, 458379
   2299, 458593
   2300, 458799
   2301, 458998
   2302, 459197
   2303, 459396
   2304, 459604
   2305, 459808
   2306, 460006
   2307, 460207
   2308, 460420
   2309, 460624
   2310, 460825
   2311, 461023
   2312, 461230
   2313, 461438
   2314, 461644
   2315, 461845
   2316, 462057
   2317, 462258
   2318, 462458
   2319, 462662
   2320, 462869
   2321, 463075
   2322, 463278
   2323, 463490
   2324, 463692
   2325, 463891
   2326, 464089
   2327, 464301
   2328, 464511
   2329, 464707
   2330, 464914
   2331, 465117
   2332, 465319
   2333, 465518
   2334, 465721
   2335, 465931
   2336, 466132
   2337, 466340
   2338, 466540
   2339, 466753
   2340, 466952
   2341, 467152
   2342, 467356
   2343, 467572
   2344, 467779
   2345, 467978
   2346, 468181
   2347, 468375
   2348, 468583
   2349, 468784
   2350, 468984
   2351, 469191
   2352, 469397
   2353, 469604
   2354, 469798
   2355, 469997
   2356, 470206
   2357, 470423
   2358, 470622
   2359, 470824
   2360, 471023
   2361, 471235
   2362, 471441
   2363, 471636
   2364, 471843
   2365, 472056
   2366, 472261
   2367, 472460
   2368, 472666
   2369, 472867
   2370, 473068
   2371, 473270
   2372, 473478
   2373, 473687
   2374, 473885
   2375, 474077
   2376, 474287
   2377, 474493
   2378, 474693
   2379, 474900
   2380, 475113
   2381, 475315
   2382, 475515
   2383, 475712
   2384, 475921
   2385, 476131
   2386, 476340
   2387, 476540
   2388, 476751
   2389, 476951
   2390, 477147
   2391, 477351
   2392, 477540
   2393, 477762
   2394, 477958
   2395, 478170
   2396, 478373
   2397, 478578
   2398, 478774
   2399, 478978
   2400, 479192
   2401, 479400
   2402, 479602
   2403, 479800
   2404, 480003
   2405, 480210
   2406, 480408
   2407, 480615
   2408, 480799
   2409, 481034
   2410, 481232
   2411, 481438
   2412, 481637
   2413, 481831
   2414, 482048
   2415, 482249
   2416, 482443
   2417, 482654
   2418, 482836
   2419, 483048
   2420, 483235
   2421, 483461
   2422, 483651
   2423, 483867
   2424, 484067
   2425, 484285
   2426, 484480
   2427, 484681
   2428, 484877
   2429, 485100
   2430, 485295
   2431, 485500
   2432, 485689
   2433, 485905
   2434, 486095
   2435, 486296
   2436, 486479
   2437, 486711
   2438, 486912
   2439, 487115
   2440, 487309
   2441, 487519
   2442, 487715
   2443, 487922
   2444, 488135
   2445, 488339
   2446, 488538
   2447, 488737
   2448, 488940
   2449, 489141
   2450, 489351
   2451, 489550
   2452, 489742
   2453, 489948
   2454, 490151
   2455, 490362
   2456, 490557
   2457, 490758
   2458, 490965
   2459, 491174
   2460, 491372
   2461, 491569
   2462, 491774
   2463, 491978
   2464, 492166
   2465, 492379
   2466, 492591
   2467, 492801
   2468, 492999
   2469, 493202
   2470, 493403
   2471, 493602
   2472, 493806
   2473, 494018
   2474, 494223
   2475, 494422
   2476, 494616
   2477, 494815
   2478, 495024
   2479, 495219
   2480, 495419
   2481, 495626
   2482, 495809
   2483, 496033
   2484, 496234
   2485, 496431
   2486, 496627
   2487, 496846
   2488, 497039
   2489, 497258
   2490, 497449
   2491, 497657
   2492, 497857
   2493, 498064
   2494, 498265
   2495, 498467
   2496, 498677
   2497, 498881
   2498, 499074
   2499, 499270
   2500, 499477
   2501, 499679
   2502, 499899
   2503, 500091
   2504, 500277
   2505, 500492
   2506, 500673
   2507, 500899
   2508, 501094
   2509, 501312
   2510, 501514
   2511, 501719
   2512, 501923
   2513, 502126
   2514, 502322
   2515, 502524
   2516, 502739
   2517, 502944
   2518, 503142
   2519, 503337
   2520, 503538
   2521, 503744
   2522, 503928
   2523, 504318
   2524, 504561
   2525, 504763
   2526, 505165
   2527, 505368
   2528, 505573
   2529, 505782
   2530, 505985
   2531, 506190
   2532, 506379
   2533, 506589
   2534, 506781
   2535, 506990
   2536, 507197
   2537, 507404
   2538, 507614
   2539, 507806
   2540, 508007
   2541, 508208
   2542, 508417
   2543, 508625
   2544, 508822
   2545, 509029
   2546, 509203
   2547, 509430
   2548, 509630
   2549, 509838
   2550, 510047
   2551, 510243
   2552, 510448
   2553, 510652
   2554, 510873
   2555, 511053
   2556, 511251
   2557, 511463
   2558, 511658
   2559, 511869
   2560, 512070
   2561, 512278
   2562, 512473
   2563, 512680
   2564, 513076
   2565, 513285
   2566, 513492
   2567, 513688
   2568, 514071
   2569, 514303
   2570, 514519
   2571, 514712
   2572, 514922
   2573, 515114
   2574, 515317
   2575, 515519
   2576, 515723
   2577, 515925
   2578, 516127
   2579, 516337
   2580, 516531
   2581, 516737
   2582, 516935
   2583, 517134
   2584, 517337
   2585, 517551
   2586, 517754
   2587, 517952
   2588, 518141
   2589, 518294
   2590, 518544
   2591, 518745
   2592, 518959
   2593, 519170
   2594, 519371
   2595, 519569
   2596, 519771
   2597, 519972
   2598, 520174
   2599, 520384
   2600, 520564
   2601, 520792
   2602, 520988
   2603, 521190
   2604, 521396
   2605, 521594
   2606, 521796
   2607, 522004
   2608, 522210
   2609, 522406
   2610, 522612
   2611, 522819
   2612, 523020
   2613, 523225
   2614, 523428
   2615, 523637
   2616, 523841
   2617, 524041
   2618, 524246
   2619, 524450
   2620, 524647
   2621, 524856
   2622, 525003
   2623, 525254
   2624, 525448
   2625, 525665
   2626, 525866
   2627, 526066
   2628, 526280
   2629, 526488
   2630, 526688
   2631, 526885
   2632, 527094
   2633, 527301
   2634, 527496
   2635, 527700
   2636, 527909
   2637, 528121
   2638, 528319
   2639, 528525
   2640, 528730
   2641, 528927
   2642, 529120
   2643, 529341
   2644, 529548
   2645, 529751
   2646, 529943
   2647, 530140
   2648, 530346
   2649, 530555
   2650, 530765
   2651, 530965
   2652, 531171
   2653, 531377
   2654, 531586
   2655, 531782
   2656, 531984
   2657, 532201
   2658, 532410
   2659, 532614
   2660, 532800
   2661, 533016
   2662, 533224
   2663, 533420
   2664, 533620
   2665, 533828
   2666, 534042
   2667, 534234
   2668, 534438
   2669, 534640
   2670, 534849
   2671, 535053
   2672, 535254
   2673, 535462
   2674, 535641
   2675, 535874
   2676, 536013
   2677, 536146
   2678, 536470
   2679, 536686
   2680, 536888
   2681, 537092
   2682, 537300
   2683, 537496
   2684, 537691
   2685, 537898
   2686, 538109
   2687, 538308
   2688, 538510
   2689, 538709
   2690, 538911
   2691, 539112
   2692, 539311
   2693, 539519
   2694, 539726
   2695, 539934
   2696, 540135
   2697, 540342
   2698, 540539
   2699, 540748
   2700, 540963
   2701, 541164
   2702, 541368
   2703, 541574
   2704, 541774
   2705, 541971
   2706, 542178
   2707, 542377
   2708, 542581
   2709, 542789
   2710, 542990
   2711, 543196
   2712, 543390
   2713, 543594
   2714, 543803
   2715, 544011
   2716, 544218
   2717, 544423
   2718, 544623
   2719, 544829
   2720, 545036
   2721, 545232
   2722, 545440
   2723, 545651
   2724, 545856
   2725, 546058
   2726, 546261
   2727, 546462
   2728, 546663
   2729, 546875
   2730, 547082
   2731, 547284
   2732, 547480
   2733, 547686
   2734, 547894
   2735, 548089
   2736, 548296
   2737, 548509
   2738, 548721
   2739, 548920
   2740, 549126
   2741, 549333
   2742, 549536
   2743, 549743
   2744, 549953
   2745, 550163
   2746, 550363
   2747, 550559
   2748, 550756
   2749, 550966
   2750, 551172
   2751, 551373
   2752, 551579
   2753, 551785
   2754, 551994
   2755, 552189
   2756, 552387
   2757, 552594
   2758, 552812
   2759, 553019
   2760, 553220
   2761, 553416
   2762, 553619
   2763, 553835
   2764, 554037
   2765, 554241
   2766, 554445
   2767, 554657
   2768, 554863
   2769, 555062
   2770, 555258
   2771, 555469
   2772, 555683
   2773, 555880
   2774, 556084
   2775, 556285
   2776, 556494
   2777, 556692
   2778, 556896
   2779, 557105
   2780, 557308
   2781, 557523
   2782, 557728
   2783, 557929
   2784, 558126
   2785, 558333
   2786, 558549
   2787, 558754
   2788, 558959
   2789, 559160
   2790, 559365
   2791, 559565
   2792, 559767
   2793, 559967
   2794, 560175
   2795, 560388
   2796, 560586
   2797, 560787
   2798, 560988
   2799, 561197
   2800, 561409
   2801, 561618
   2802, 561824
   2803, 562033
   2804, 562229
   2805, 562428
   2806, 562633
   2807, 562840
   2808, 563049
   2809, 563198
   2810, 563336
   2811, 563560
   2812, 563801
   2813, 563997
   2814, 564203
   2815, 564416
   2816, 564626
   2817, 564828
   2818, 565025
   2819, 565223
   2820, 565424
   2821, 565637
   2822, 565838
   2823, 566040
   2824, 566246
   2825, 566456
   2826, 566655
   2827, 566858
   2828, 567056
   2829, 567268
   2830, 567485
   2831, 567685
   2832, 567885
   2833, 568086
   2834, 568289
   2835, 568490
   2836, 568691
   2837, 568900
   2838, 569101
   2839, 569310
   2840, 569514
   2841, 569721
   2842, 569918
   2843, 570119
   2844, 570333
   2845, 570547
   2846, 570748
   2847, 570947
   2848, 571150
   2849, 571357
   2850, 571559
   2851, 571762
   2852, 571974
   2853, 572168
   2854, 572377
   2855, 572581
   2856, 572789
   2857, 572988
   2858, 573190
   2859, 573399
   2860, 573605
   2861, 573816
   2862, 574014
   2863, 574213
   2864, 574418
   2865, 574625
   2866, 574838
   2867, 575038
   2868, 575246
   2869, 575444
   2870, 575649
   2871, 575856
   2872, 576062
   2873, 576268
   2874, 576468
   2875, 576680
   2876, 576884
   2877, 577083
   2878, 577277
   2879, 577487
   2880, 577686
   2881, 577902
   2882, 578089
   2883, 578307
   2884, 578493
   2885, 578724
   2886, 578924
   2887, 579131
   2888, 579345
   2889, 579556
   2890, 579764
   2891, 579950
   2892, 580145
   2893, 580367
   2894, 580575
   2895, 580767
   2896, 580960
   2897, 581183
   2898, 581401
   2899, 581583
   2900, 581781
   2901, 582000
   2902, 582211
   2903, 582410
   2904, 582603
   2905, 582817
   2906, 583008
   2907, 583226
   2908, 583424
   2909, 583630
   2910, 583851
   2911, 584051
   2912, 584243
   2913, 584445
   2914, 584628
   2915, 584778
   2916, 585071
   2917, 585273
   2918, 585476
   2919, 585680
   2920, 585885
   2921, 586080
   2922, 586293
   2923, 586497
   2924, 586700
   2925, 586905
   2926, 587100
   2927, 587317
   2928, 587515
   2929, 587717
   2930, 587930
   2931, 588140
   2932, 588339
   2933, 588537
   2934, 588736
   2935, 588931
   2936, 589151
   2937, 589343
   2938, 589545
   2939, 589749
   2940, 589965
   2941, 590172
   2942, 590365
   2943, 590566
   2944, 590779
   2945, 590988
   2946, 591156
   2947, 591390
   2948, 591593
   2949, 591790
   2950, 591992
   2951, 592194
   2952, 592406
   2953, 592586
   2954, 592813
   2955, 593018
   2956, 593214
   2957, 593414
   2958, 593621
   2959, 593827
   2960, 594027
   2961, 594232
   2962, 594431
   2963, 594629
   2964, 594830
   2965, 595040
   2966, 595236
   2967, 595438
   2968, 595632
   2969, 595854
   2970, 596054
   2971, 596252
   2972, 596441
   2973, 596668
   2974, 596874
   2975, 597075
   2976, 597275
   2977, 597482
   2978, 597685
   2979, 597887
   2980, 598083
   2981, 598296
   2982, 598503
   2983, 598703
   2984, 598854
   2985, 599096
   2986, 599293
   2987, 599503
   2988, 599719
   2989, 599924
   2990, 600126
   2991, 600327
   2992, 600535
   2993, 600736
   2994, 600938
   2995, 601140
   2996, 601351
   2997, 601562
   2998, 601761
   2999, 601966
   3000, 602171
   3001, 602367
   3002, 602557
   3003, 602784
   3004, 602989
   3005, 603190
   3006, 603361
   3007, 603581
   3008, 603788
   3009, 603996
   3010, 604204
   3011, 604402
   3012, 604608
   3013, 604811
   3014, 605021
   3015, 605223
   3016, 605427
   3017, 605640
   3018, 605849
   3019, 606052
   3020, 606230
   3021, 606460
   3022, 606639
   3023, 606861
   3024, 607074
   3025, 607275
   3026, 607480
   3027, 607682
   3028, 607892
   3029, 608087
   3030, 608292
   3031, 608503
   3032, 608705
   3033, 608912
   3034, 609112
   3035, 609324
   3036, 609523
   3037, 609732
   3038, 609908
   3039, 610139
   3040, 610346
   3041, 610552
   3042, 610761
   3043, 610953
   3044, 611152
   3045, 611364
   3046, 611576
   3047, 611770
   3048, 611974
   3049, 612174
   3050, 612382
   3051, 612581
   3052, 612758
   3053, 612989
   3054, 613203
   3055, 613412
   3056, 613594
   3057, 613792
   3058, 614023
   3059, 614226
   3060, 614436
   3061, 614645
   3062, 614846
   3063, 615049
   3064, 615253
   3065, 615448
   3066, 615653
   3067, 615856
   3068, 616061
   3069, 616264
   3070, 616448
   3071, 616674
   3072, 616859
   3073, 617074
   3074, 617282
   3075, 617498
   3076, 617697
   3077, 617904
   3078, 618107
   3079, 618304
   3080, 618510
   3081, 618712
   3082, 618923
   3083, 619123
   3084, 619329
   3085, 619535
   3086, 619731
   3087, 619932
   3088, 620119
   3089, 620354
   3090, 620556
   3091, 620760
   3092, 620963
   3093, 621168
   3094, 621369
   3095, 621566
   3096, 621774
   3097, 621985
   3098, 622193
   3099, 622391
   3100, 622607
   3101, 622801
   3102, 622983
   3103, 623213
   3104, 623432
   3105, 623627
   3106, 623834
   3107, 624030
   3108, 624227
   3109, 624435
   3110, 624638
   3111, 624840
   3112, 625045
   3113, 625251
   3114, 625452
   3115, 625652
   3116, 625853
   3117, 626062
   3118, 626277
   3119, 626476
   3120, 626680
   3121, 626886
   3122, 627089
   3123, 627293
   3124, 627502
   3125, 627708
   3126, 627915
   3127, 628121
   3128, 628326
   3129, 628526
   3130, 628726
   3131, 628935
   3132, 629142
   3133, 629349
   3134, 629559
   3135, 629752
   3136, 629959
   3137, 630162
   3138, 630317
   3139, 630564
   3140, 630777
   3141, 630984
   3142, 631184
   3143, 631395
   3144, 631595
   3145, 631797
   3146, 632008
   3147, 632218
   3148, 632420
   3149, 632624
   3150, 632818
   3151, 633026
   3152, 633217
   3153, 633441
   3154, 633647
   3155, 633854
   3156, 634059
   3157, 634266
   3158, 634460
   3159, 634663
   3160, 634872
   3161, 635080
   3162, 635285
   3163, 635498
   3164, 635685
   3165, 635896
   3166, 636082
   3167, 636308
   3168, 636521
   3169, 636724
   3170, 636927
   3171, 637133
   3172, 637333
   3173, 637528
   3174, 637734
   3175, 637947
   3176, 638151
   3177, 638354
   3178, 638541
   3179, 638761
   3180, 638965
   3181, 639164
   3182, 639362
   3183, 639586
   3184, 639795
   3185, 639996
   3186, 640200
   3187, 640403
   3188, 640606
   3189, 640815
   3190, 641028
   3191, 641234
   3192, 641431
   3193, 641634
   3194, 641836
   3195, 642037
   3196, 642236
   3197, 642447
   3198, 642659
   3199, 642857
   3200, 643069
   3201, 643259
   3202, 643446
   3203, 643671
   3204, 643882
   3205, 644089
   3206, 644297
   3207, 644491
   3208, 644690
   3209, 644903
   3210, 645107
   3211, 645313
   3212, 645515
   3213, 645724
   3214, 645926
   3215, 646121
   3216, 646320
   3217, 646530
   3218, 646742
   3219, 646941
   3220, 647149
   3221, 647348
   3222, 647546
   3223, 647750
   3224, 647955
   3225, 648164
   3226, 648367
   3227, 648520
   3228, 648764
   3229, 648976
   3230, 649176
   3231, 649375
   3232, 649578
   3233, 649792
   3234, 649994
