      0,   1289
      1,   1607
      2,   1904
      3,   2146
      4,   2477
      5,   2755
      6,   3072
      7,   3246
      8,   3692
      9,   3972
     10,   4231
     11,   4494
     12,   4766
     13,   5042
     14,   5322
     15,   5635
     16,   5959
     17,   6230
     18,   6490
     19,   6750
     20,   7031
     21,   7326
     22,   7620
     23,   7909
     24,   8211
     25,   8487
     26,   8744
     27,   9011
     28,   9293
     29,   9591
     30,   9901
     31,  10197
     32,  10475
     33,  10751
     34,  11019
     35,  11291
     36,  11572
     37,  11865
     38,  12168
     39,  12465
     40,  12663
     41,  13004
     42,  13276
     43,  13556
     44,  13841
     45,  14132
     46,  14428
     47,  14716
     48,  14993
     49,  15263
     50,  15530
     51,  15823
     52,  16131
     53,  16433
     54,  16733
     55,  17009
     56,  17280
     57,  17542
     58,  17810
     59,  18086
     60,  18389
     61,  18694
     62,  18989
     63,  19271
     64,  19543
     65,  19829
     66,  20119
     67,  20410
     68,  20708
     69,  21015
     70,  21289
     71,  21551
     72,  21812
     73,  22079
     74,  22373
     75,  22679
     76,  22980
     77,  23262
     78,  23533
     79,  23793
     80,  24044
     81,  24313
     82,  24591
     83,  24898
     84,  25261
     85,  25544
     86,  25810
     87,  26083
     88,  26359
     89,  26630
     90,  26913
     91,  27205
     92,  27498
     93,  28038
     94,  28204
     95,  28574
     96,  28859
     97,  29092
     98,  29437
     99,  29716
    100,  29877
    101,  30236
    102,  30478
    103,  30658
    104,  31003
    105,  31305
    106,  31499
    107,  31845
    108,  32094
    109,  32346
    110,  32569
    111,  32815
    112,  33068
    113,  33329
    114,  33550
    115,  33956
    116,  34219
    117,  34479
    118,  34743
    119,  35022
    120,  35306
    121,  35596
    122,  35879
    123,  36172
    124,  36455
    125,  36716
    126,  36976
    127,  37239
    128,  37525
    129,  37813
    130,  38097
    131,  38361
    132,  38628
    133,  38876
    134,  39126
    135,  39382
    136,  39651
    137,  39938
    138,  40247
    139,  40409
    140,  40814
    141,  41084
    142,  41364
    143,  41645
    144,  41930
    145,  42235
    146,  42400
    147,  42867
    148,  43140
    149,  43410
    150,  43710
    151,  44007
    152,  44315
    153,  44624
    154,  44789
    155,  45214
    156,  45485
    157,  45760
    158,  45908
    159,  46373
    160,  46682
    161,  46988
    162,  47143
    163,  47536
    164,  47808
    165,  48083
    166,  48367
    167,  48657
    168,  48975
    169,  49256
    170,  49510
    171,  49756
    172,  50019
    173,  50291
    174,  50593
    175,  50884
    176,  51180
    177,  51475
    178,  51624
    179,  52014
    180,  52277
    181,  52539
    182,  52828
    183,  53118
    184,  53679
    185,  53928
    186,  54189
    187,  54441
    188,  54708
    189,  55002
    190,  55294
    191,  55585
    192,  55882
    193,  56014
    194,  56435
    195,  56724
    196,  56940
    197,  57343
    198,  57643
    199,  57939
    200,  58092
    201,  58256
    202,  58699
    203,  58992
    204,  59286
    205,  59572
    206,  59859
    207,  60128
    208,  60391
    209,  60660
    210,  60825
    211,  61248
    212,  61548
    213,  61876
    214,  62110
    215,  62465
    216,  62723
    217,  62921
    218,  63299
    219,  63582
    220,  63894
    221,  64219
    222,  64489
    223,  64767
    224,  65049
    225,  65332
    226,  65640
    227,  65952
    228,  66290
    229,  66595
    230,  67595
    231,  68063
    232,  68367
    233,  68656
    234,  68939
    235,  69203
    236,  69351
    237,  69733
    238,  70022
    239,  70311
    240,  70854
    241,  71105
    242,  71354
    243,  71865
    244,  72122
    245,  72393
    246,  72662
    247,  72938
    248,  73100
    249,  73412
    250,  73648
    251,  73911
    252,  74150
    253,  74411
    254,  74662
    255,  74937
    256,  79517
    257,  79868
    258,  80123
    259,  80400
    260,  80694
    261,  80839
    262,  81263
    263,  81562
    264,  81835
    265,  82092
    266,  82350
    267,  82505
    268,  82909
    269,  83212
    270,  83505
    271,  83793
    272,  84328
    273,  84597
    274,  84875
    275,  85170
    276,  85487
    277,  85819
    278,  86105
    279,  86252
    280,  86424
    281,  86923
    282,  87218
    283,  87525
    284,  87818
    285,  91259
    286,  92075
    287,  92843
    288,  93623
    289,  96517
    290,  97728
    291,  98181
    292,  98492
    293,  99248
    294,  99669
    295,  99961
    296, 100248
    297, 100547
    298, 100881
    299, 101165
    300, 101442
    301, 101728
    302, 102023
    303, 102323
    304, 102638
    305, 103246
    306, 103527
    307, 103784
    308, 104052
    309, 104354
    310, 104636
    311, 104941
    312, 105257
    313, 105541
    314, 105818
    315, 106109
    316, 106385
    317, 106576
    318, 106763
    319, 107310
    320, 107612
    321, 108177
    322, 108450
    323, 108722
    324, 109301
    325, 109587
    326, 109859
    327, 110110
    328, 110371
    329, 110651
    330, 110934
    331, 111864
    332, 112159
    333, 112437
    334, 112587
    335, 113051
    336, 114079
    337, 114362
    338, 114649
    339, 114956
    340, 115288
    341, 115431
    342, 115896
    343, 116200
    344, 116485
    345, 116632
    346, 117031
    347, 117325
    348, 117616
    349, 117910
    350, 118196
    351, 118479
    352, 118757
    353, 119028
    354, 119306
    355, 119490
    356, 119911
    357, 120209
    358, 120510
    359, 120777
    360, 121048
    361, 121325
    362, 121615
    363, 121914
    364, 122209
    365, 122525
    366, 122828
    367, 123101
    368, 123245
    369, 123422
    370, 123541
    371, 124086
    372, 124391
    373, 124676
    374, 124958
    375, 125225
    376, 125388
    377, 125752
    378, 126627
    379, 126913
    380, 127090
    381, 127428
    382, 127962
    383, 128208
    384, 128485
    385, 128761
    386, 129337
    387, 129601
    388, 129726
    389, 130144
    390, 130431
    391, 130714
    392, 131016
    393, 131302
    394, 131858
    395, 132138
    396, 132434
    397, 132767
    398, 133099
    399, 133406
    400, 133706
    401, 133986
    402, 134137
    403, 134621
    404, 135280
    405, 135603
    406, 135875
    407, 136143
    408, 136409
    409, 136684
    410, 136964
    411, 137253
    412, 137538
    413, 137835
    414, 138099
    415, 138347
    416, 138617
    417, 138881
    418, 139192
    419, 139495
    420, 139802
    421, 140101
    422, 140394
    423, 140544
    424, 140975
    425, 141284
    426, 141611
    427, 141826
    428, 142251
    429, 142551
    430, 142838
    431, 143135
    432, 143440
    433, 143751
    434, 144081
    435, 144399
    436, 144684
    437, 144821
    438, 145286
    439, 145601
    440, 145917
    441, 146229
    442, 146529
    443, 146818
    444, 147092
    445, 147375
    446, 147583
    447, 148017
    448, 148329
    449, 148627
    450, 148792
    451, 149185
    452, 149471
    453, 149752
    454, 150045
    455, 150377
    456, 150681
    457, 150969
    458, 151252
    459, 151554
    460, 151850
    461, 152167
    462, 152471
    463, 152802
    464, 153244
    465, 155114
    466, 155872
    467, 156048
    468, 156386
    469, 156646
    470, 157709
    471, 158258
    472, 159626
    473, 160677
    474, 162141
    475, 162405
    476, 162673
    477, 162886
    478, 163316
    479, 164510
    480, 164967
    481, 165425
    482, 165754
    483, 166047
    484, 166570
    485, 166737
    486, 167142
    487, 167455
    488, 167749
    489, 168739
    490, 170015
    491, 170782
    492, 171307
    493, 171498
    494, 171861
    495, 172154
    496, 172438
    497, 172688
    498, 172831
    499, 173234
    500, 173521
    501, 173813
    502, 174112
    503, 174412
    504, 174704
    505, 174977
    506, 175233
    507, 175537
    508, 175856
    509, 176484
    510, 176789
    511, 177081
    512, 177378
    513, 177690
    514, 178168
    515, 178658
    516, 178866
    517, 179233
    518, 179502
    519, 179782
    520, 180356
    521, 180653
    522, 181360
    523, 181734
    524, 182018
    525, 182586
    526, 183399
    527, 183638
    528, 184061
    529, 184404
    530, 185213
    531, 185734
    532, 186242
    533, 189932
    534, 190677
    535, 190971
    536, 191528
    537, 191799
    538, 191968
    539, 192305
    540, 192569
    541, 193105
    542, 193397
    543, 193593
    544, 193989
    545, 194258
    546, 194527
    547, 194804
    548, 195093
    549, 195684
    550, 196003
    551, 196191
    552, 196545
    553, 196809
    554, 196986
    555, 197346
    556, 197639
    557, 197835
    558, 198717
    559, 199737
    560, 200019
    561, 200287
    562, 200526
    563, 200777
    564, 200952
    565, 201269
    566, 201525
    567, 201791
    568, 202045
    569, 202327
    570, 202520
    571, 202865
    572, 203111
    573, 203258
    574, 204240
    575, 210907
    576, 211454
    577, 211699
    578, 211960
    579, 212227
    580, 212412
    581, 212827
    582, 213108
    583, 213414
    584, 213692
    585, 213954
    586, 214223
    587, 214503
    588, 214806
    589, 215117
    590, 215413
    591, 215693
    592, 215972
    593, 216245
    594, 216519
    595, 216801
    596, 217106
    597, 217391
    598, 217696
    599, 217969
    600, 218229
    601, 218722
    602, 219100
    603, 219677
    604, 219971
    605, 220240
    606, 220505
    607, 220780
    608, 221081
    609, 221403
    610, 221699
    611, 222584
    612, 223477
    613, 223640
    614, 224120
    615, 224417
    616, 224693
    617, 225282
    618, 225440
    619, 226248
    620, 226542
    621, 226676
    622, 227096
    623, 227380
    624, 227694
    625, 227999
    626, 228312
    627, 228619
    628, 228901
    629, 229184
    630, 229467
    631, 229768
    632, 230083
    633, 230406
    634, 230992
    635, 231285
    636, 231430
    637, 231874
    638, 232181
    639, 232473
    640, 232645
    641, 233057
    642, 233315
    643, 233519
    644, 233872
    645, 234158
    646, 234356
    647, 234746
    648, 235035
    649, 235209
    650, 235561
    651, 235815
    652, 235995
    653, 236379
    654, 236677
    655, 237243
    656, 238038
    657, 238293
    658, 238592
    659, 238792
    660, 239217
    661, 239494
    662, 240340
    663, 241287
    664, 241603
    665, 242026
    666, 242495
    667, 242824
    668, 243162
    669, 244390
    670, 244700
    671, 244843
    672, 245359
    673, 245676
    674, 246232
    675, 246506
    676, 247090
    677, 247252
    678, 247723
    679, 248016
    680, 248297
    681, 248576
    682, 248859
    683, 249039
    684, 249453
    685, 249745
    686, 250313
    687, 250576
    688, 250834
    689, 251107
    690, 251415
    691, 251729
    692, 252011
    693, 252314
    694, 252592
    695, 252878
    696, 253026
    697, 253452
    698, 254083
    699, 254257
    700, 254666
    701, 255758
    702, 255910
    703, 256331
    704, 256619
    705, 256878
    706, 257132
    707, 257391
    708, 257664
    709, 257966
    710, 258258
    711, 258537
    712, 258703
    713, 259126
    714, 259397
    715, 259672
    716, 259958
    717, 260269
    718, 260580
    719, 260873
    720, 261155
    721, 261452
    722, 261717
    723, 262003
    724, 262298
    725, 262611
    726, 262925
    727, 263207
    728, 263475
    729, 263739
    730, 263894
    731, 264324
    732, 264601
    733, 264892
    734, 265194
    735, 265475
    736, 265730
    737, 266272
    738, 266905
    739, 267209
    740, 267514
    741, 267795
    742, 268068
    743, 268372
    744, 268664
    745, 269320
    746, 269624
    747, 270205
    748, 271155
    749, 271817
    750, 272402
    751, 272717
    752, 273391
    753, 273697
    754, 274025
    755, 274460
    756, 274875
    757, 275173
    758, 275475
    759, 275792
    760, 276069
    761, 276334
    762, 276608
    763, 276883
    764, 277149
    765, 277454
    766, 277735
    767, 277905
    768, 278328
    769, 278591
    770, 278851
    771, 279135
    772, 279429
    773, 280011
    774, 280306
    775, 280587
    776, 280734
    777, 281135
    778, 281433
    779, 281623
    780, 282046
    781, 282351
    782, 282630
    783, 282911
    784, 283185
    785, 283470
    786, 283619
    787, 284096
    788, 284424
    789, 284719
    790, 285003
    791, 285283
    792, 285463
    793, 285881
    794, 286189
    795, 286520
    796, 286822
    797, 287114
    798, 287393
    799, 287678
    800, 287869
    801, 288321
    802, 288633
    803, 288951
    804, 289249
    805, 289530
    806, 289817
    807, 290096
    808, 290262
    809, 290727
    810, 291311
    811, 291591
    812, 291856
    813, 292008
    814, 292395
    815, 292686
    816, 293245
    817, 293512
    818, 293765
    819, 294039
    820, 294305
    821, 294582
    822, 294869
    823, 295164
    824, 295463
    825, 295759
    826, 295905
    827, 296342
    828, 296644
    829, 296945
    830, 297255
    831, 298147
    832, 298430
    833, 298716
    834, 299033
    835, 299198
    836, 299665
    837, 299949
    838, 300231
    839, 300513
    840, 300803
    841, 301099
    842, 301569
    843, 301786
    844, 301923
    845, 302406
    846, 302674
    847, 302951
    848, 303253
    849, 303537
    850, 304108
    851, 304889
    852, 305143
    853, 305424
    854, 305716
    855, 306294
    856, 306562
    857, 306717
    858, 306877
    859, 307344
    860, 307641
    861, 308268
    862, 308823
    863, 309010
    864, 310051
    865, 310523
    866, 312526
    867, 313709
    868, 313862
    869, 314951
    870, 315210
    871, 315769
    872, 316040
    873, 316657
    874, 316965
    875, 317501
    876, 318036
    877, 318308
    878, 318876
    879, 319186
    880, 319450
    881, 319717
    882, 319852
    883, 320823
    884, 321414
    885, 321704
    886, 322279
    887, 322583
    888, 322912
    889, 323240
    890, 323564
    891, 324506
    892, 325354
    893, 325827
    894, 326120
    895, 326404
    896, 326723
    897, 327661
    898, 327818
    899, 328264
    900, 328534
    901, 328811
    902, 328973
    903, 329435
    904, 329728
    905, 330293
    906, 330569
    907, 330856
    908, 331392
    909, 331695
    910, 331975
    911, 332249
    912, 332509
    913, 332765
    914, 333026
    915, 333317
    916, 333610
    917, 333761
    918, 334203
    919, 334500
    920, 334775
    921, 335336
    922, 335963
    923, 336873
    924, 337161
    925, 338624
    926, 339074
    927, 339386
    928, 339714
    929, 340012
    930, 341008
    931, 341297
    932, 341592
    933, 341882
    934, 342806
    935, 343097
    936, 343670
    937, 343947
    938, 344574
    939, 345435
    940, 346243
    941, 346537
    942, 348112
    943, 349744
    944, 350010
    945, 350590
    946, 351062
    947, 354163
    948, 354606
    949, 354901
    950, 355354
    951, 355543
    952, 356058
    953, 356336
    954, 356601
    955, 356881
    956, 357428
    957, 357695
    958, 357987
    959, 358272
    960, 358521
    961, 359052
    962, 359331
    963, 359921
    964, 360774
    965, 361803
    966, 362280
    967, 362576
    968, 362869
    969, 363138
    970, 363440
    971, 364052
    972, 364383
    973, 365851
    974, 366477
    975, 366779
    976, 367350
    977, 367617
    978, 368194
    979, 368662
    980, 369099
    981, 369386
    982, 369662
    983, 369933
    984, 370219
    985, 370802
    986, 371110
    987, 371371
    988, 371623
    989, 372171
    990, 372453
    991, 372736
    992, 373604
    993, 373872
    994, 374150
    995, 374303
    996, 374781
    997, 375103
    998, 375419
    999, 376002
   1000, 376628
   1001, 377926
   1002, 379555
   1003, 379791
   1004, 380186
   1005, 380796
   1006, 381101
   1007, 381579
   1008, 382055
   1009, 382337
   1010, 382601
   1011, 382892
   1012, 383180
   1013, 383799
   1014, 384090
   1015, 384381
   1016, 384655
   1017, 384919
   1018, 385190
   1019, 386059
   1020, 386337
   1021, 386830
   1022, 387086
   1023, 387359
   1024, 387869
   1025, 388144
   1026, 388408
   1027, 388649
   1028, 388899
   1029, 389942
   1030, 390768
   1031, 391276
   1032, 391523
   1033, 392386
   1034, 392930
   1035, 393431
   1036, 394025
   1037, 394642
   1038, 394932
   1039, 395355
   1040, 395792
   1041, 396083
   1042, 396398
   1043, 396701
   1044, 397023
   1045, 397175
   1046, 397590
   1047, 397862
   1048, 398164
   1049, 398468
   1050, 398778
   1051, 398973
   1052, 399402
   1053, 399685
   1054, 399866
   1055, 400254
   1056, 400544
   1057, 400757
   1058, 401455
   1059, 402260
   1060, 402409
   1061, 402823
   1062, 403111
   1063, 403409
   1064, 403701
   1065, 403964
   1066, 404514
   1067, 404817
   1068, 405007
   1069, 405424
   1070, 406869
   1071, 407062
   1072, 407528
   1073, 407834
   1074, 408409
   1075, 409015
   1076, 409336
   1077, 409673
   1078, 410300
   1079, 412250
   1080, 412468
   1081, 412602
   1082, 413101
   1083, 413721
   1084, 414028
   1085, 414324
   1086, 414601
   1087, 414872
   1088, 415406
   1089, 415988
   1090, 416280
   1091, 416550
   1092, 417233
   1093, 417589
   1094, 417872
   1095, 418173
   1096, 418455
   1097, 418748
   1098, 419282
   1099, 419569
   1100, 419858
   1101, 420446
   1102, 420729
   1103, 421001
   1104, 421263
   1105, 421772
   1106, 424094
   1107, 424340
   1108, 424629
   1109, 424892
   1110, 425376
   1111, 425599
   1112, 425833
   1113, 426021
   1114, 426340
   1115, 426585
   1116, 426862
   1117, 427656
   1118, 427828
   1119, 428160
   1120, 428419
   1121, 428702
   1122, 428980
   1123, 429272
   1124, 429549
   1125, 429731
   1126, 430111
   1127, 430384
   1128, 430679
   1129, 430850
   1130, 431323
   1131, 431938
   1132, 432218
   1133, 432519
   1134, 433137
   1135, 433474
   1136, 433793
   1137, 434076
   1138, 434354
   1139, 435282
   1140, 435610
   1141, 435920
   1142, 436214
   1143, 436495
   1144, 437110
   1145, 437435
   1146, 437764
   1147, 438405
   1148, 438710
   1149, 439026
   1150, 439332
   1151, 439672
   1152, 440015
   1153, 440637
   1154, 440938
   1155, 441567
   1156, 441866
   1157, 442223
   1158, 442527
   1159, 442818
   1160, 443410
   1161, 443949
   1162, 444380
   1163, 444576
   1164, 444994
   1165, 445542
   1166, 446289
   1167, 446717
   1168, 447250
   1169, 447513
   1170, 447776
   1171, 448063
   1172, 448348
   1173, 448645
   1174, 448925
   1175, 449185
   1176, 449439
   1177, 449890
   1178, 451338
   1179, 451969
   1180, 452881
   1181, 453709
   1182, 454212
   1183, 456082
   1184, 456418
   1185, 456870
   1186, 457163
   1187, 457323
   1188, 457721
   1189, 457970
   1190, 458119
   1191, 458489
   1192, 458773
   1193, 458920
   1194, 459868
   1195, 460125
   1196, 460358
   1197, 460620
   1198, 460889
   1199, 461194
   1200, 461489
   1201, 461776
   1202, 462073
   1203, 462355
   1204, 462637
   1205, 462936
   1206, 463225
   1207, 464185
   1208, 466390
   1209, 466673
   1210, 466963
   1211, 467435
   1212, 467901
   1213, 468212
   1214, 469025
   1215, 469177
   1216, 469583
   1217, 469891
   1218, 470172
   1219, 470454
   1220, 470733
   1221, 470995
   1222, 471269
   1223, 471555
   1224, 471823
   1225, 472127
   1226, 472328
   1227, 472715
   1228, 472970
   1229, 473121
   1230, 473479
   1231, 473735
   1232, 474010
   1233, 474276
   1234, 474541
   1235, 474831
   1236, 475082
   1237, 475332
   1238, 475881
   1239, 477432
   1240, 478030
   1241, 478355
   1242, 478583
   1243, 479052
   1244, 479366
   1245, 479674
   1246, 479992
   1247, 480646
   1248, 481652
   1249, 482623
   1250, 483632
   1251, 483952
   1252, 484258
   1253, 484574
   1254, 484939
   1255, 485312
   1256, 485633
   1257, 485950
   1258, 486255
   1259, 487221
   1260, 487562
   1261, 488168
   1262, 488714
   1263, 489020
   1264, 489174
   1265, 489926
   1266, 490193
   1267, 490454
   1268, 491016
   1269, 491327
   1270, 491943
   1271, 492861
   1272, 493189
   1273, 493524
   1274, 493875
   1275, 494200
   1276, 494518
   1277, 494838
   1278, 495149
   1279, 496481
   1280, 496787
   1281, 497077
   1282, 497234
   1283, 497979
   1284, 498259
   1285, 498562
   1286, 498830
   1287, 499085
   1288, 499343
   1289, 499615
   1290, 499903
   1291, 500211
   1292, 500481
   1293, 501293
   1294, 501547
   1295, 501701
   1296, 502086
   1297, 502383
   1298, 502662
   1299, 502922
   1300, 503173
   1301, 503406
   1302, 503648
   1303, 503927
   1304, 504192
   1305, 504986
   1306, 505233
   1307, 505636
   1308, 505911
   1309, 506182
   1310, 506485
   1311, 506788
   1312, 507398
   1313, 507672
   1314, 507956
   1315, 508914
   1316, 510442
   1317, 510736
   1318, 512653
   1319, 513082
   1320, 513900
   1321, 514636
   1322, 517363
   1323, 517654
   1324, 517932
   1325, 518372
   1326, 518741
   1327, 519314
   1328, 519576
   1329, 519890
   1330, 520087
   1331, 520470
   1332, 520730
   1333, 520912
   1334, 521335
   1335, 521966
   1336, 522302
   1337, 522807
   1338, 523188
   1339, 523480
   1340, 523812
   1341, 524125
   1342, 524302
   1343, 524727
   1344, 525001
   1345, 525275
   1346, 526151
   1347, 526451
   1348, 526739
   1349, 527010
   1350, 527282
   1351, 527581
   1352, 527866
   1353, 528166
   1354, 528489
   1355, 528789
   1356, 529107
   1357, 529377
   1358, 529666
   1359, 530320
   1360, 530613
   1361, 530778
   1362, 531230
   1363, 531509
   1364, 531785
   1365, 532060
   1366, 532375
   1367, 532533
   1368, 532995
   1369, 533272
   1370, 533836
   1371, 534102
   1372, 534259
   1373, 534686
   1374, 534995
   1375, 535296
   1376, 535557
   1377, 535824
   1378, 536088
   1379, 536379
   1380, 536670
   1381, 536956
   1382, 537267
   1383, 537556
   1384, 537822
   1385, 538076
   1386, 538343
   1387, 538624
   1388, 538938
   1389, 539231
   1390, 539532
   1391, 539836
   1392, 540123
   1393, 540273
   1394, 540701
   1395, 541322
   1396, 541640
   1397, 541932
   1398, 542067
   1399, 542465
   1400, 542726
   1401, 542978
   1402, 543248
   1403, 543523
   1404, 543801
   1405, 544081
   1406, 544334
   1407, 544578
   1408, 544828
   1409, 545108
   1410, 545396
   1411, 545689
   1412, 545999
   1413, 546304
   1414, 546589
   1415, 546741
   1416, 547172
   1417, 547487
   1418, 547812
   1419, 547980
   1420, 548440
   1421, 548723
   1422, 549005
   1423, 549166
   1424, 549594
   1425, 549900
   1426, 550517
   1427, 550782
   1428, 551054
   1429, 551339
   1430, 551655
   1431, 551969
   1432, 552120
   1433, 552623
   1434, 552904
   1435, 553187
   1436, 553782
   1437, 554463
   1438, 554778
   1439, 555707
   1440, 557007
   1441, 557294
   1442, 557564
   1443, 557842
   1444, 558577
   1445, 559025
   1446, 559295
   1447, 559551
   1448, 559794
   1449, 560090
   1450, 561234
   1451, 561756
   1452, 562012
   1453, 562569
   1454, 562751
   1455, 564130
   1456, 565426
   1457, 565663
   1458, 566139
   1459, 566922
   1460, 567800
   1461, 568052
   1462, 568584
   1463, 568862
   1464, 569721
   1465, 570500
   1466, 570747
   1467, 571002
   1468, 571266
   1469, 571819
   1470, 572090
   1471, 572231
   1472, 572617
   1473, 572880
   1474, 573430
   1475, 573718
   1476, 573942
   1477, 574327
   1478, 574591
   1479, 574871
   1480, 575162
   1481, 575463
   1482, 575774
   1483, 576096
   1484, 576421
   1485, 576731
   1486, 577025
   1487, 577344
   1488, 577675
   1489, 578023
   1490, 578354
   1491, 578581
   1492, 579003
   1493, 579311
   1494, 579519
   1495, 579969
   1496, 580311
   1497, 580651
   1498, 580945
   1499, 581225
   1500, 581505
   1501, 581811
   1502, 582025
   1503, 582417
   1504, 582744
   1505, 583178
   1506, 583587
   1507, 583873
   1508, 584186
   1509, 584474
   1510, 584776
   1511, 585095
   1512, 585392
   1513, 585677
   1514, 585899
   1515, 586294
   1516, 586625
   1517, 586943
   1518, 587253
   1519, 587550
   1520, 587846
   1521, 588286
   1522, 588762
   1523, 589087
   1524, 589672
   1525, 589953
   1526, 590256
   1527, 590554
   1528, 590866
   1529, 591180
   1530, 591356
   1531, 591814
   1532, 592084
   1533, 592380
   1534, 592700
   1535, 593005
   1536, 593888
   1537, 594175
   1538, 594455
   1539, 594744
   1540, 595071
   1541, 595699
   1542, 596003
   1543, 596591
   1544, 596870
   1545, 597182
   1546, 597815
   1547, 599245
   1548, 599546
   1549, 599865
   1550, 600461
   1551, 601009
   1552, 601317
   1553, 601628
   1554, 601927
   1555, 602776
   1556, 603504
   1557, 603683
   1558, 604480
   1559, 604753
   1560, 605825
   1561, 606390
   1562, 608214
   1563, 608474
   1564, 609220
   1565, 609398
   1566, 610269
   1567, 614415
   1568, 614752
   1569, 616160
   1570, 617484
   1571, 618348
   1572, 621225
   1573, 622355
   1574, 624116
   1575, 624544
   1576, 624935
   1577, 625824
   1578, 627083
   1579, 627825
   1580, 629467
   1581, 631131
   1582, 631414
   1583, 632895
   1584, 634293
   1585, 638061
   1586, 639513
   1587, 639685
   1588, 640319
   1589, 640602
   1590, 641576
   1591, 643947
   1592, 644218
   1593, 645082
   1594, 645653
