      0,   1294
      1,   1482
      2,   1670
      3,   1856
      4,   2043
      5,   2222
      6,   2408
      7,   2596
      8,   2787
      9,   2991
     10,   3198
     11,   3399
     12,   3606
     13,   3790
     14,   3973
     15,   4155
     16,   4340
     17,   4521
     18,   4712
     19,   4911
     20,   5113
     21,   5309
     22,   5504
     23,   5690
     24,   5876
     25,   6069
     26,   6260
     27,   6415
     28,   6632
     29,   6818
     30,   7013
     31,   7217
     32,   7413
     33,   7616
     34,   7818
     35,   8019
     36,   8207
     37,   8391
     38,   8572
     39,   8755
     40,   8947
     41,   9095
     42,   9209
     43,   9550
     44,   9747
     45,   9945
     46,  10137
     47,  10324
     48,  10478
     49,  10610
     50,  10875
     51,  11065
     52,  11255
     53,  11451
     54,  11645
     55,  11843
     56,  12050
     57,  12251
     58,  12438
     59,  12621
     60,  12800
     61,  12979
     62,  13161
     63,  13342
     64,  13535
     65,  13734
     66,  13939
     67,  14138
     68,  14333
     69,  14518
     70,  14701
     71,  14887
     72,  15012
     73,  15263
     74,  15458
     75,  15651
     76,  15850
     77,  16045
     78,  16247
     79,  16440
     80,  16638
     81,  16797
     82,  17007
     83,  17184
     84,  17365
     85,  17546
     86,  17733
     87,  17929
     88,  18132
     89,  18330
     90,  18466
     91,  18719
     92,  18904
     93,  19088
     94,  19266
     95,  19446
     96,  19556
     97,  19830
     98,  20020
     99,  20213
    100,  20406
    101,  20598
    102,  20799
    103,  21183
    104,  21363
    105,  21541
    106,  21912
    107,  22102
    108,  22286
    109,  22490
    110,  22690
    111,  22897
    112,  23462
    113,  23641
    114,  23825
    115,  24017
    116,  24207
    117,  24409
    118,  24606
    119,  24805
    120,  25397
    121,  25578
    122,  25943
    123,  26070
    124,  26312
    125,  26504
    126,  26709
    127,  26932
    128,  27130
    129,  27331
    130,  27515
    131,  27648
    132,  27762
    133,  28060
    134,  28246
    135,  28432
    136,  28631
    137,  28827
    138,  29025
    139,  29215
    140,  29402
    141,  29592
    142,  29781
    143,  29961
    144,  30141
    145,  30317
    146,  30494
    147,  30679
    148,  30821
    149,  31270
    150,  31472
    151,  31674
    152,  31861
    153,  32044
    154,  32219
    155,  32399
    156,  32588
    157,  32786
    158,  32981
    159,  33183
    160,  33378
    161,  33577
    162,  33776
    163,  33964
    164,  34149
    165,  34332
    166,  34520
    167,  34707
    168,  34843
    169,  35087
    170,  35284
    171,  35488
    172,  35727
    173,  35908
    174,  36054
    175,  36286
    176,  36468
    177,  36651
    178,  36833
    179,  37021
    180,  37212
    181,  37415
    182,  37613
    183,  37815
    184,  38010
    185,  38201
    186,  38353
    187,  38572
    188,  38750
    189,  38935
    190,  39114
    191,  39299
    192,  39480
    193,  39680
    194,  39873
    195,  40079
    196,  40279
    197,  40470
    198,  40650
    199,  40831
    200,  41011
    201,  41196
    202,  41385
    203,  41582
    204,  41779
    205,  41982
    206,  42178
    207,  42372
    208,  42565
    209,  42745
    210,  42933
    211,  43141
    212,  43311
    213,  43495
    214,  43690
    215,  43882
    216,  44080
    217,  44285
    218,  44495
    219,  44688
    220,  44879
    221,  45058
    222,  45239
    223,  45429
    224,  45606
    225,  45795
    226,  45989
    227,  46157
    228,  46396
    229,  46603
    230,  46788
    231,  46972
    232,  47154
    233,  47339
    234,  47523
    235,  47711
    236,  47896
    237,  48083
    238,  48273
    239,  48476
    240,  48670
    241,  48865
    242,  49053
    243,  49241
    244,  49421
    245,  49601
    246,  49776
    247,  49955
    248,  50147
    249,  50351
    250,  50552
    251,  50756
    252,  50951
    253,  51129
    254,  51516
    255,  51694
    256,  51880
    257,  52071
    258,  52266
    259,  52460
    260,  52662
    261,  52859
    262,  53061
    263,  53263
    264,  53457
    265,  53642
    266,  53823
    267,  53997
    268,  54179
    269,  54369
    270,  54562
    271,  54758
    272,  54954
    273,  55163
    274,  55364
    275,  55556
    276,  55735
    277,  55910
    278,  56092
    279,  56283
    280,  56469
    281,  56660
    282,  56853
    283,  57051
    284,  57242
    285,  57994
    286,  58172
    287,  58346
    288,  58507
    289,  58721
    290,  58904
    291,  59038
    292,  59306
    293,  59529
    294,  59702
    295,  59880
    296,  60061
    297,  60195
    298,  60425
    299,  60597
    300,  60782
    301,  60972
    302,  61172
    303,  61370
    304,  61569
    305,  61757
    306,  61948
    307,  62138
    308,  62304
    309,  62507
    310,  62688
    311,  62869
    312,  63061
    313,  63259
    314,  63451
    315,  63650
    316,  63853
    317,  64061
    318,  64243
    319,  64424
    320,  64554
    321,  64670
    322,  64802
    323,  64977
    324,  65288
    325,  65965
    326,  66351
    327,  66527
    328,  66704
    329,  66882
    330,  67065
    331,  67246
    332,  67440
    333,  67627
    334,  67821
    335,  68259
    336,  68474
    337,  68626
    338,  68801
    339,  68972
    340,  69148
    341,  69333
    342,  69523
    343,  69715
    344,  69916
    345,  70114
    346,  70317
    347,  70508
    348,  70616
    349,  70688
    350,  70871
    351,  71054
    352,  71233
    353,  71425
    354,  71545
    355,  71680
    356,  71992
    357,  72200
    358,  72391
    359,  72590
    360,  72787
    361,  72929
    362,  73145
    363,  73322
    364,  73500
    365,  73683
    366,  76723
    367,  76923
    368,  77111
    369,  77300
    370,  77476
    371,  77653
    372,  77827
    373,  78012
    374,  78196
    375,  78393
    376,  78591
    377,  78792
    378,  78992
    379,  79185
    380,  79364
    381,  79545
    382,  79732
    383,  79918
    384,  80109
    385,  80299
    386,  80485
    387,  80678
    388,  80875
    389,  81065
    390,  81266
    391,  81455
    392,  81642
    393,  81820
    394,  82004
    395,  82183
    396,  82352
    397,  82557
    398,  82764
    399,  82965
    400,  83170
    401,  83363
    402,  83553
    403,  83733
    404,  83913
    405,  84089
    406,  84242
    407,  84460
    408,  84654
    409,  84849
    410,  85255
    411,  85441
    412,  85639
    413,  85829
    414,  86008
    415,  86544
    416,  86724
    417,  86905
    418,  87095
    419,  87292
    420,  87492
    421,  87693
    422,  87892
    423,  88069
    424,  88243
    425,  88417
    426,  88599
    427,  88788
    428,  88978
    429,  89175
    430,  89367
    431,  89565
    432,  89765
    433,  89952
    434,  90134
    435,  90313
    436,  90495
    437,  90671
    438,  90855
    439,  91038
    440,  91229
    441,  91431
    442,  91643
    443,  91843
    444,  92038
    445,  92225
    446,  92407
    447,  92591
    448,  92773
    449,  92947
    450,  93132
    451,  93323
    452,  93529
    453,  93696
    454,  93928
    455,  94122
    456,  94312
    457,  94505
    458,  94697
    459,  94877
    460,  95063
    461,  95242
    462,  95431
    463,  95621
    464,  95825
    465,  96025
    466,  96232
    467,  96433
    468,  96629
    469,  96813
    470,  97000
    471,  97180
    472,  97366
    473,  97560
    474,  97761
    475,  97960
    476,  98167
    477,  98363
    478,  98553
    479,  98744
    480,  98928
    481,  99116
    482,  99304
    483,  99502
    484,  99682
    485,  99882
    486, 100075
    487, 100275
    488, 100479
    489, 100696
    490, 101812
    491, 102029
    492, 102204
    493, 102411
    494, 102606
    495, 102751
    496, 102988
    497, 103370
    498, 103564
    499, 103750
    500, 103943
    501, 104135
    502, 104332
    503, 104530
    504, 104737
    505, 104931
    506, 105131
    507, 105321
    508, 105507
    509, 105679
    510, 105853
    511, 106029
    512, 106214
    513, 106415
    514, 106628
    515, 106838
    516, 107051
    517, 107242
    518, 107430
    519, 107615
    520, 107794
    521, 107977
    522, 108166
    523, 108375
    524, 108566
    525, 108769
    526, 108972
    527, 109165
    528, 109369
    529, 109569
    530, 109754
    531, 109936
    532, 110059
    533, 110186
    534, 110466
    535, 110666
    536, 110854
    537, 111056
    538, 111257
    539, 111458
    540, 111646
    541, 111829
    542, 112004
    543, 112183
    544, 112362
    545, 112554
    546, 112743
    547, 112944
    548, 113140
    549, 113342
    550, 113547
    551, 113737
    552, 113922
    553, 114100
    554, 114284
    555, 114463
    556, 114656
    557, 114839
    558, 115032
    559, 115233
    560, 115443
    561, 115646
    562, 115854
    563, 116039
    564, 116222
    565, 116398
    566, 116577
    567, 116758
    568, 116946
    569, 117146
    570, 117346
    571, 117515
    572, 117746
    573, 117932
    574, 118121
    575, 118308
    576, 118489
    577, 118671
    578, 118853
    579, 119028
    580, 119173
    581, 119404
    582, 119591
    583, 119795
    584, 119992
    585, 120195
    586, 120380
    587, 120561
    588, 120737
    589, 120916
    590, 121105
    591, 121298
    592, 121488
    593, 121692
    594, 121884
    595, 122087
    596, 122284
    597, 122472
    598, 122655
    599, 122838
    600, 123026
    601, 123212
    602, 123403
    603, 123592
    604, 123784
    605, 123988
    606, 124205
    607, 124413
    608, 124611
    609, 124792
    610, 124974
    611, 125152
    612, 125340
    613, 125521
    614, 125715
    615, 125914
    616, 126118
    617, 126318
    618, 126522
    619, 126711
    620, 126896
    621, 127084
    622, 127266
    623, 127444
    624, 127637
    625, 127821
    626, 128019
    627, 128223
    628, 128419
    629, 128619
    630, 128817
    631, 129014
    632, 129197
    633, 129383
    634, 129566
    635, 129749
    636, 129940
    637, 130148
    638, 130354
    639, 130564
    640, 130767
    641, 130971
    642, 131159
    643, 131342
    644, 131471
    645, 131709
    646, 131908
    647, 132095
    648, 132290
    649, 132487
    650, 132680
    651, 132884
    652, 133085
    653, 133281
    654, 133463
    655, 133645
    656, 133817
    657, 133995
    658, 134186
    659, 134374
    660, 134565
    661, 134760
    662, 134969
    663, 135173
    664, 135376
    665, 135561
    666, 135741
    667, 135922
    668, 136116
    669, 136308
    670, 136502
    671, 136695
    672, 136892
    673, 137087
    674, 137479
    675, 137671
    676, 137833
    677, 138041
    678, 138216
    679, 138403
    680, 138583
    681, 138777
    682, 138983
    683, 139194
    684, 139394
    685, 139595
    686, 139779
    687, 139964
    688, 140148
    689, 140332
    690, 140517
    691, 140705
    692, 140904
    693, 141103
    694, 141306
    695, 141510
    696, 141707
    697, 141900
    698, 142092
    699, 142275
    700, 142460
    701, 142642
    702, 142830
    703, 143019
    704, 143224
    705, 143419
    706, 143631
    707, 143839
    708, 144041
    709, 144223
    710, 144406
    711, 144585
    712, 144771
    713, 144966
    714, 145167
    715, 145366
    716, 145574
    717, 145772
    718, 145920
    719, 146177
    720, 146358
    721, 146546
    722, 146725
    723, 146917
    724, 147049
    725, 147301
    726, 147490
    727, 147687
    728, 147891
    729, 148113
    730, 148312
    731, 148504
    732, 148674
    733, 148851
    734, 149030
    735, 149219
    736, 149411
    737, 149620
    738, 149833
    739, 150051
    740, 150257
    741, 150455
    742, 150636
    743, 150821
    744, 151012
    745, 151204
    746, 151403
    747, 151591
    748, 151787
    749, 151986
    750, 152195
    751, 152398
    752, 152604
    753, 152797
    754, 152981
    755, 153158
    756, 153339
    757, 153526
    758, 153722
    759, 153856
    760, 153986
    761, 154185
    762, 154360
    763, 154555
    764, 154757
    765, 154941
    766, 155125
    767, 155299
    768, 155491
    769, 155687
    770, 155849
    771, 156078
    772, 156279
    773, 156479
    774, 156686
    775, 156894
    776, 157087
    777, 157271
    778, 157454
    779, 157636
    780, 157818
    781, 158010
    782, 158197
    783, 158402
    784, 158551
    785, 158825
    786, 159020
    787, 159211
    788, 159393
    789, 159579
    790, 159765
    791, 159956
    792, 160143
    793, 160341
    794, 160544
    795, 160737
    796, 160942
    797, 161134
    798, 161328
    799, 161512
    800, 161700
    801, 161878
    802, 162065
    803, 162216
    804, 162435
    805, 162636
    806, 162851
    807, 163261
    808, 163446
    809, 163628
    810, 163809
    811, 163992
    812, 164179
    813, 164366
    814, 164564
    815, 164761
    816, 164965
    817, 165167
    818, 165364
    819, 165564
    820, 165756
    821, 165937
    822, 166121
    823, 166301
    824, 166489
    825, 166670
    826, 166870
    827, 167057
    828, 167267
    829, 167495
    830, 167680
    831, 167862
    832, 168046
    833, 168226
    834, 168409
    835, 168601
    836, 168796
    837, 168992
    838, 169201
    839, 169401
    840, 169601
    841, 169799
    842, 169985
    843, 170172
    844, 170354
    845, 170540
    846, 170727
    847, 171111
    848, 171300
    849, 171500
    850, 171713
    851, 172300
    852, 172477
    853, 172654
    854, 172841
    855, 173024
    856, 173220
    857, 173348
    858, 173620
    859, 173815
    860, 174018
    861, 174207
    862, 174392
    863, 174574
    864, 174756
    865, 174931
    866, 175121
    867, 175299
    868, 175490
    869, 175677
    870, 175873
    871, 176064
    872, 176263
    873, 176457
    874, 176640
    875, 176819
    876, 177000
    877, 177178
    878, 177360
    879, 177555
    880, 177762
    881, 177964
    882, 178104
    883, 178358
    884, 178549
    885, 178714
    886, 178923
    887, 179097
    888, 179279
    889, 179469
    890, 179609
    891, 179714
    892, 180228
    893, 180460
    894, 180689
    895, 180858
    896, 181042
    897, 181402
    898, 181582
    899, 181772
    900, 181959
    901, 182182
    902, 182394
    903, 182958
    904, 183143
    905, 183322
    906, 183512
    907, 184081
    908, 184270
    909, 185072
    910, 185247
    911, 185431
    912, 186171
    913, 186367
    914, 186589
    915, 187562
    916, 189652
    917, 190278
    918, 191283
    919, 191479
    920, 191998
    921, 192124
    922, 192830
    923, 193803
    924, 194726
    925, 194908
    926, 196073
    927, 196252
    928, 196433
    929, 196992
    930, 197191
    931, 197413
    932, 198210
    933, 198389
    934, 198555
    935, 199530
    936, 199905
    937, 200486
    938, 200665
    939, 201240
    940, 201432
    941, 202221
    942, 202407
    943, 202543
    944, 203149
    945, 203322
    946, 203514
    947, 204312
    948, 204471
    949, 204684
    950, 205220
    951, 205408
    952, 205602
    953, 205796
    954, 206001
    955, 206156
    956, 206275
    957, 206968
    958, 207151
    959, 207336
    960, 207913
    961, 208108
    962, 208897
    963, 209086
    964, 209272
    965, 209448
    966, 210026
    967, 210664
    968, 211209
    969, 211391
    970, 211573
    971, 212150
    972, 212332
    973, 212483
    974, 213331
    975, 213487
    976, 213667
    977, 213842
    978, 214411
    979, 214608
    980, 214806
    981, 215577
    982, 215752
    983, 215934
    984, 216147
    985, 216706
    986, 216901
    987, 217102
    988, 217307
    989, 217494
    990, 217676
    991, 217857
    992, 218416
    993, 218602
    994, 218798
    995, 218990
    996, 219619
    997, 220754
    998, 220934
    999, 221141
   1000, 221885
   1001, 222125
   1002, 222308
   1003, 222497
   1004, 223034
   1005, 223290
   1006, 223478
   1007, 223679
   1008, 223877
   1009, 224434
   1010, 224610
   1011, 224791
   1012, 224993
   1013, 225187
   1014, 225788
   1015, 225981
   1016, 226169
   1017, 226351
   1018, 226720
   1019, 226915
   1020, 227103
   1021, 227300
   1022, 227499
   1023, 228118
   1024, 228310
   1025, 228500
   1026, 228681
   1027, 229252
   1028, 229445
   1029, 229652
   1030, 229865
   1031, 230665
   1032, 230849
   1033, 231038
   1034, 231234
   1035, 232235
   1036, 232574
   1037, 233001
   1038, 233171
   1039, 233350
   1040, 233534
   1041, 233954
   1042, 234155
   1043, 234290
   1044, 234567
   1045, 234778
   1046, 234953
   1047, 235315
   1048, 235453
   1049, 235695
   1050, 236104
   1051, 236446
   1052, 236696
   1053, 236905
   1054, 237089
   1055, 237276
   1056, 237826
   1057, 238022
   1058, 238215
   1059, 238423
   1060, 238641
   1061, 239061
   1062, 239229
   1063, 239406
   1064, 239590
   1065, 239782
   1066, 240578
   1067, 240774
   1068, 240980
   1069, 241178
   1070, 241930
   1071, 242119
   1072, 242309
   1073, 242535
   1074, 243359
   1075, 243542
   1076, 243723
   1077, 244290
   1078, 244476
   1079, 244682
   1080, 244884
   1081, 245622
   1082, 245857
   1083, 246586
   1084, 246776
   1085, 246965
   1086, 247169
   1087, 247394
   1088, 247764
   1089, 247947
   1090, 248124
   1091, 248311
   1092, 248714
   1093, 248890
   1094, 249097
   1095, 249295
   1096, 250090
   1097, 250274
   1098, 250455
   1099, 251427
   1100, 251660
   1101, 252772
   1102, 252949
   1103, 253145
   1104, 253957
   1105, 254143
   1106, 254332
   1107, 255093
   1108, 255270
   1109, 255463
   1110, 255672
   1111, 255868
   1112, 256457
   1113, 256635
   1114, 256818
   1115, 257400
   1116, 257583
   1117, 257781
   1118, 257988
   1119, 258938
   1120, 259112
   1121, 259314
   1122, 259486
   1123, 259675
   1124, 259873
   1125, 260063
   1126, 260259
   1127, 260459
   1128, 260579
   1129, 261037
   1130, 261207
   1131, 261388
   1132, 261578
   1133, 262389
   1134, 262591
   1135, 262791
   1136, 263169
   1137, 263349
   1138, 263542
   1139, 263732
   1140, 263933
   1141, 264073
   1142, 264734
   1143, 264924
   1144, 265117
   1145, 266043
   1146, 267050
   1147, 267229
   1148, 267408
   1149, 267590
   1150, 267723
   1151, 268143
   1152, 268345
   1153, 268543
   1154, 268748
   1155, 268953
   1156, 269145
   1157, 269339
   1158, 269528
   1159, 269709
   1160, 269895
   1161, 270081
   1162, 270271
   1163, 270465
   1164, 270667
   1165, 270897
   1166, 271493
   1167, 271673
   1168, 271855
   1169, 272036
   1170, 272840
   1171, 273040
   1172, 273243
   1173, 273465
   1174, 274019
   1175, 274207
   1176, 274399
   1177, 275217
   1178, 275414
   1179, 275648
   1180, 276193
   1181, 276373
   1182, 276561
   1183, 277575
   1184, 277769
   1185, 278720
   1186, 278903
   1187, 279108
   1188, 279662
   1189, 280652
   1190, 280819
   1191, 281004
   1192, 281212
   1193, 281644
   1194, 281814
   1195, 282010
   1196, 282197
   1197, 282387
   1198, 282567
   1199, 282942
   1200, 283134
   1201, 283324
   1202, 283525
   1203, 283727
   1204, 283946
   1205, 284161
   1206, 284357
   1207, 284547
   1208, 284738
   1209, 285300
   1210, 285479
   1211, 285683
   1212, 286511
   1213, 286697
   1214, 286885
   1215, 287081
   1216, 287848
   1217, 288046
   1218, 288256
   1219, 289039
   1220, 289216
   1221, 289399
   1222, 290193
   1223, 290394
   1224, 290603
   1225, 291342
   1226, 291524
   1227, 291706
   1228, 291911
   1229, 292115
   1230, 292295
   1231, 292485
   1232, 292678
   1233, 292867
   1234, 293452
   1235, 293625
   1236, 293810
   1237, 294592
   1238, 294799
   1239, 295002
   1240, 295754
   1241, 295946
   1242, 296138
   1243, 296943
   1244, 297139
   1245, 297327
   1246, 297524
   1247, 298261
   1248, 298443
   1249, 298640
   1250, 299466
   1251, 299648
   1252, 299831
   1253, 300569
   1254, 300768
   1255, 300924
   1256, 301364
   1257, 301553
   1258, 301739
   1259, 301926
   1260, 302107
   1261, 302292
   1262, 302661
   1263, 302846
   1264, 303048
   1265, 303242
   1266, 303658
   1267, 303853
   1268, 304036
   1269, 304222
   1270, 304401
   1271, 304587
   1272, 304783
   1273, 304990
   1274, 305191
   1275, 305404
   1276, 305601
   1277, 306002
   1278, 306187
   1279, 306375
   1280, 306566
   1281, 307339
   1282, 308720
   1283, 308903
   1284, 309094
   1285, 309910
   1286, 310111
   1287, 310306
   1288, 311007
   1289, 311251
   1290, 311444
   1291, 311646
   1292, 312441
   1293, 312622
   1294, 312807
   1295, 312984
   1296, 313332
   1297, 313512
   1298, 313709
   1299, 313915
   1300, 314123
   1301, 314335
   1302, 314516
   1303, 314702
   1304, 314883
   1305, 315062
   1306, 315248
   1307, 315436
   1308, 315635
   1309, 315795
   1310, 316031
   1311, 316228
   1312, 316431
   1313, 316649
   1314, 316850
   1315, 317027
   1316, 317211
   1317, 317388
   1318, 317573
   1319, 318166
   1320, 318368
   1321, 318580
   1322, 318780
   1323, 318986
   1324, 319306
   1325, 319540
   1326, 319733
   1327, 319923
   1328, 320151
   1329, 320752
   1330, 320937
   1331, 321134
   1332, 321329
   1333, 322073
   1334, 322265
   1335, 322471
   1336, 322696
   1337, 323484
   1338, 323664
   1339, 323840
   1340, 324145
   1341, 324619
   1342, 324823
   1343, 325023
   1344, 325800
   1345, 325983
   1346, 326162
   1347, 326353
   1348, 326957
   1349, 327159
   1350, 327376
   1351, 327959
   1352, 328135
   1353, 328324
   1354, 328524
   1355, 328673
   1356, 329336
   1357, 329538
   1358, 329735
   1359, 329933
   1360, 330492
   1361, 330681
   1362, 330871
   1363, 331698
   1364, 331900
   1365, 332083
   1366, 333209
   1367, 333636
   1368, 333822
   1369, 333990
   1370, 334173
   1371, 334354
   1372, 334535
   1373, 334717
   1374, 334906
   1375, 335281
   1376, 335483
   1377, 335677
   1378, 335887
   1379, 336121
   1380, 336299
   1381, 336478
   1382, 336660
   1383, 336841
   1384, 337028
   1385, 337248
   1386, 337642
   1387, 337851
   1388, 338051
   1389, 338826
   1390, 339009
   1391, 339203
   1392, 339999
   1393, 340197
   1394, 340407
   1395, 340607
   1396, 341343
   1397, 341525
   1398, 341749
   1399, 342531
   1400, 342723
   1401, 342898
   1402, 343655
   1403, 343834
   1404, 344026
   1405, 344813
   1406, 344996
   1407, 345182
   1408, 345358
   1409, 345539
   1410, 345718
   1411, 345901
   1412, 346096
   1413, 346916
   1414, 347642
   1415, 347824
   1416, 348007
   1417, 348205
   1418, 348393
   1419, 348596
   1420, 349368
   1421, 349699
   1422, 350079
   1423, 350256
   1424, 350448
   1425, 350639
   1426, 351246
   1427, 351423
   1428, 351601
   1429, 352146
   1430, 352288
   1431, 352537
   1432, 352948
   1433, 353120
   1434, 354066
   1435, 354235
   1436, 354424
   1437, 355008
   1438, 355161
   1439, 356180
   1440, 358675
   1441, 358862
   1442, 360072
   1443, 360246
   1444, 360425
   1445, 361619
   1446, 361826
   1447, 362013
   1448, 362760
   1449, 362946
   1450, 363137
   1451, 363941
   1452, 364138
   1453, 364457
   1454, 365035
   1455, 365242
   1456, 365429
   1457, 365625
   1458, 366263
   1459, 366441
   1460, 366626
   1461, 366765
   1462, 367182
   1463, 367375
   1464, 367560
   1465, 367756
   1466, 367962
   1467, 368562
   1468, 368756
   1469, 368936
   1470, 369120
   1471, 369301
   1472, 369494
   1473, 369683
   1474, 369896
   1475, 370121
   1476, 370519
   1477, 370699
   1478, 370886
   1479, 371071
   1480, 371647
   1481, 372417
   1482, 373391
   1483, 373568
   1484, 373744
   1485, 374533
   1486, 374734
   1487, 374931
   1488, 375123
   1489, 375308
   1490, 376864
   1491, 377052
   1492, 377252
   1493, 377448
   1494, 377996
   1495, 378574
   1496, 378784
   1497, 378987
   1498, 379197
   1499, 379342
   1500, 379954
   1501, 380137
   1502, 380327
   1503, 380531
   1504, 383103
   1505, 383296
   1506, 384038
   1507, 385700
   1508, 386640
   1509, 386835
   1510, 387371
   1511, 388066
   1512, 388251
   1513, 388439
   1514, 390370
   1515, 390556
   1516, 390740
   1517, 391309
   1518, 391503
   1519, 391717
   1520, 392526
   1521, 392707
   1522, 392894
   1523, 393276
   1524, 395461
   1525, 396679
   1526, 396868
   1527, 397052
   1528, 399398
   1529, 399773
   1530, 400827
   1531, 401954
   1532, 403124
   1533, 404559
   1534, 405319
   1535, 405540
   1536, 405721
   1537, 405896
   1538, 407852
   1539, 408620
   1540, 408827
   1541, 409028
   1542, 413918
   1543, 414108
   1544, 414295
   1545, 414481
   1546, 415239
   1547, 415431
   1548, 416224
   1549, 416406
   1550, 416587
   1551, 417362
   1552, 417571
   1553, 417765
   1554, 417979
   1555, 418357
   1556, 418724
   1557, 418910
   1558, 419672
   1559, 421413
   1560, 421615
   1561, 422607
   1562, 422790
   1563, 422974
   1564, 423929
   1565, 425287
   1566, 428981
   1567, 429613
   1568, 430512
   1569, 430792
   1570, 431162
   1571, 431897
   1572, 432092
   1573, 432279
   1574, 433074
   1575, 433273
   1576, 434213
   1577, 434405
   1578, 434596
   1579, 435368
   1580, 436564
   1581, 436786
   1582, 437999
   1583, 438172
   1584, 439292
   1585, 441742
   1586, 441935
   1587, 442127
   1588, 442873
   1589, 443063
   1590, 443184
   1591, 443432
   1592, 444116
   1593, 444312
   1594, 444495
   1595, 446322
   1596, 446483
   1597, 447441
   1598, 447651
   1599, 448670
   1600, 448849
   1601, 449559
   1602, 449842
   1603, 450847
   1604, 451030
   1605, 451976
   1606, 452157
   1607, 452350
   1608, 452481
   1609, 453137
   1610, 453311
   1611, 453492
   1612, 453681
   1613, 453866
   1614, 454263
   1615, 454469
   1616, 454672
   1617, 455442
   1618, 455631
   1619, 455819
   1620, 456817
   1621, 457049
   1622, 457937
   1623, 458160
   1624, 458921
   1625, 460087
   1626, 460326
   1627, 462421
   1628, 462612
   1629, 462798
   1630, 463005
   1631, 463237
   1632, 463806
   1633, 463983
   1634, 464165
   1635, 464361
   1636, 465160
   1637, 465366
   1638, 465582
   1639, 465778
   1640, 466536
   1641, 466730
   1642, 466928
   1643, 467967
   1644, 468149
   1645, 468335
   1646, 469511
   1647, 469654
   1648, 469757
   1649, 470872
   1650, 472223
   1651, 472410
   1652, 472584
   1653, 472763
   1654, 472938
   1655, 473123
   1656, 473318
   1657, 473550
   1658, 473729
   1659, 473936
   1660, 474134
   1661, 474333
   1662, 474534
   1663, 474719
   1664, 474900
   1665, 475084
   1666, 475471
   1667, 477240
   1668, 477433
   1669, 477621
   1670, 478657
   1671, 478841
   1672, 479029
   1673, 479802
   1674, 479991
   1675, 480149
   1676, 480995
   1677, 481180
   1678, 481355
   1679, 481532
   1680, 482044
   1681, 482332
   1682, 482719
   1683, 482928
   1684, 483126
   1685, 483486
   1686, 483667
   1687, 484048
   1688, 484456
   1689, 484672
   1690, 484891
   1691, 485013
   1692, 485646
   1693, 486018
   1694, 487822
   1695, 489208
   1696, 490169
   1697, 490354
   1698, 490534
   1699, 491364
   1700, 491548
   1701, 491744
   1702, 491933
   1703, 492483
   1704, 492658
   1705, 492862
   1706, 493676
   1707, 493867
   1708, 494815
   1709, 496020
   1710, 496212
   1711, 497357
   1712, 499488
   1713, 499679
   1714, 500484
   1715, 500667
   1716, 500841
   1717, 501594
   1718, 501794
   1719, 502013
   1720, 502165
   1721, 502802
   1722, 502987
   1723, 503177
   1724, 503964
   1725, 504947
   1726, 505128
   1727, 505316
   1728, 506107
   1729, 506336
   1730, 507298
   1731, 507476
   1732, 507665
   1733, 508667
   1734, 508866
   1735, 509582
   1736, 509808
   1737, 509994
   1738, 511212
   1739, 513122
   1740, 513312
   1741, 513500
   1742, 514231
   1743, 514418
   1744, 514609
   1745, 515437
   1746, 515625
   1747, 515815
   1748, 516367
   1749, 516564
   1750, 516763
   1751, 516917
   1752, 517579
   1753, 517767
   1754, 517956
   1755, 519898
   1756, 520073
   1757, 520254
   1758, 520435
   1759, 520617
   1760, 521045
   1761, 521214
   1762, 521444
   1763, 522228
   1764, 522406
   1765, 522589
   1766, 523125
   1767, 524580
   1768, 524758
   1769, 525980
   1770, 526130
   1771, 526237
   1772, 526719
   1773, 527311
   1774, 527487
   1775, 528464
   1776, 528646
   1777, 528825
   1778, 529365
   1779, 529552
   1780, 529754
   1781, 529967
   1782, 530179
   1783, 530388
   1784, 530700
   1785, 531490
   1786, 531687
   1787, 531833
   1788, 532473
   1789, 532873
   1790, 533196
   1791, 533408
   1792, 533595
   1793, 534168
   1794, 534367
   1795, 534578
   1796, 535314
   1797, 535534
   1798, 536280
   1799, 536667
   1800, 537248
   1801, 537429
   1802, 538164
   1803, 539516
   1804, 540118
   1805, 540530
   1806, 540856
   1807, 540992
   1808, 541697
   1809, 543052
   1810, 543223
   1811, 544179
   1812, 544363
   1813, 545314
   1814, 545585
   1815, 546293
   1816, 546475
   1817, 546656
   1818, 546845
   1819, 547042
   1820, 547375
   1821, 547857
   1822, 548229
   1823, 548403
   1824, 548585
   1825, 548766
   1826, 549570
   1827, 549775
   1828, 550725
   1829, 550948
   1830, 551932
   1831, 552690
   1832, 552869
   1833, 553046
   1834, 555182
   1835, 555372
   1836, 555560
   1837, 556148
   1838, 556351
   1839, 556551
   1840, 556740
   1841, 556926
   1842, 557097
   1843, 557277
   1844, 557464
   1845, 557654
   1846, 558280
   1847, 558475
   1848, 559432
   1849, 559622
   1850, 559826
   1851, 560868
   1852, 562190
   1853, 562464
   1854, 563257
   1855, 563447
   1856, 565412
   1857, 565580
   1858, 565759
   1859, 565939
   1860, 566139
   1861, 566521
   1862, 566715
   1863, 566858
   1864, 567165
   1865, 567532
   1866, 567708
   1867, 567890
   1868, 568085
   1869, 568288
   1870, 569110
   1871, 570255
   1872, 571493
   1873, 571689
   1874, 571873
   1875, 572630
   1876, 572970
   1877, 573111
   1878, 573848
   1879, 574039
   1880, 574230
   1881, 574418
   1882, 574985
   1883, 575212
   1884, 575404
   1885, 576361
   1886, 576534
   1887, 576720
   1888, 576905
   1889, 577103
   1890, 577297
   1891, 577505
   1892, 578284
   1893, 578467
   1894, 578647
   1895, 578839
   1896, 579032
   1897, 579378
   1898, 579513
   1899, 579836
   1900, 580637
   1901, 580819
   1902, 581011
   1903, 581193
   1904, 582052
   1905, 582236
   1906, 582430
   1907, 583390
   1908, 583581
   1909, 583804
   1910, 584601
   1911, 584796
   1912, 584922
   1913, 585539
   1914, 585734
   1915, 585947
   1916, 586501
   1917, 586948
   1918, 587130
   1919, 587307
   1920, 588013
   1921, 588459
   1922, 589227
   1923, 589365
   1924, 589583
   1925, 589764
   1926, 589962
   1927, 590347
   1928, 590547
   1929, 590761
   1930, 590982
   1931, 591168
   1932, 591533
   1933, 591718
   1934, 591917
   1935, 592721
   1936, 592919
   1937, 593122
   1938, 593887
   1939, 594073
   1940, 594259
   1941, 595098
   1942, 595413
   1943, 596211
   1944, 596393
   1945, 597386
   1946, 597578
   1947, 597769
   1948, 597958
   1949, 598515
   1950, 598706
   1951, 598909
   1952, 599109
   1953, 599557
   1954, 599737
   1955, 599921
   1956, 600109
   1957, 600291
   1958, 600620
   1959, 601106
   1960, 601318
   1961, 601530
   1962, 602120
   1963, 602301
   1964, 602486
   1965, 603283
   1966, 603435
   1967, 603712
   1968, 604491
   1969, 604669
   1970, 604862
   1971, 605411
   1972, 606622
   1973, 606802
   1974, 606987
   1975, 607180
   1976, 607395
   1977, 607770
   1978, 607967
   1979, 608169
   1980, 608367
   1981, 608563
   1982, 608752
   1983, 608930
   1984, 609107
   1985, 609295
   1986, 609497
   1987, 609723
   1988, 609930
   1989, 610329
   1990, 610527
   1991, 610717
   1992, 610905
   1993, 611667
   1994, 611877
   1995, 612888
   1996, 613073
   1997, 613253
   1998, 613442
   1999, 614037
   2000, 614227
   2001, 614460
   2002, 615413
   2003, 615566
   2004, 615798
   2005, 616602
   2006, 616992
   2007, 617730
   2008, 617859
   2009, 618085
   2010, 618305
   2011, 618524
   2012, 618762
   2013, 618957
   2014, 619141
   2015, 619324
   2016, 619508
   2017, 619687
   2018, 619868
   2019, 620053
   2020, 620250
   2021, 620454
   2022, 620669
   2023, 621050
   2024, 621246
   2025, 621439
   2026, 621624
   2027, 622137
   2028, 622366
   2029, 622565
   2030, 622762
   2031, 623593
   2032, 623775
   2033, 623956
   2034, 624768
   2035, 624962
   2036, 625165
   2037, 626138
   2038, 626324
   2039, 627519
   2040, 628437
   2041, 628613
   2042, 628800
   2043, 629023
   2044, 629156
   2045, 629603
   2046, 629793
   2047, 629981
   2048, 630171
   2049, 630363
   2050, 630737
   2051, 630915
   2052, 631105
   2053, 631299
   2054, 632109
   2055, 632301
   2056, 632486
   2057, 633255
   2058, 633462
   2059, 633673
   2060, 634030
   2061, 634483
   2062, 634661
   2063, 634848
   2064, 635833
   2065, 636033
   2066, 636644
   2067, 636823
   2068, 637002
   2069, 637688
   2070, 638158
   2071, 638347
   2072, 638548
   2073, 639099
   2074, 639283
   2075, 639469
   2076, 639662
   2077, 639856
   2078, 640290
   2079, 640475
   2080, 640616
   2081, 640868
   2082, 641054
   2083, 641248
   2084, 641615
   2085, 641798
   2086, 641998
   2087, 642224
   2088, 642936
   2089, 643116
   2090, 643299
   2091, 643486
   2092, 644235
   2093, 644380
   2094, 644773
   2095, 645527
   2096, 645710
   2097, 645900
   2098, 646692
   2099, 646902
   2100, 647119
   2101, 647255
   2102, 647858
   2103, 648050
   2104, 648255
   2105, 649122
   2106, 649309
   2107, 649505
   2108, 649696
