      0,   1126
      1,   1434
      2,   1737
      3,   2029
      4,   2321
      5,   2623
      6,   2922
      7,   3230
      8,   3539
      9,   3852
     10,   4149
     11,   4431
     12,   4716
     13,   5018
     14,   5332
     15,   5660
     16,   5963
     17,   6256
     18,   6545
     19,   6848
     20,   7146
     21,   7457
     22,   7769
     23,   8074
     24,   8377
     25,   8668
     26,   8951
     27,   9250
     28,   9551
     29,   9878
     30,  10187
     31,  10486
     32,  10773
     33,  11064
     34,  11356
     35,  11666
     36,  11993
     37,  12297
     38,  12598
     39,  12892
     40,  13177
     41,  13478
     42,  13709
     43,  14011
     44,  14322
     45,  14631
     46,  14931
     47,  15217
     48,  15500
     49,  15797
     50,  16118
     51,  16436
     52,  16731
     53,  17032
     54,  17322
     55,  17607
     56,  17918
     57,  18222
     58,  18531
     59,  18842
     60,  19143
     61,  19435
     62,  19718
     63,  20012
     64,  20319
     65,  20637
     66,  20948
     67,  21249
     68,  21541
     69,  21820
     70,  22127
     71,  22439
     72,  22758
     73,  23065
     74,  23371
     75,  23663
     76,  23954
     77,  24254
     78,  24551
     79,  24859
     80,  25174
     81,  25481
     82,  25779
     83,  26061
     84,  26353
     85,  26650
     86,  26963
     87,  27280
     88,  27586
     89,  27877
     90,  28169
     91,  28466
     92,  28762
     93,  28988
     94,  29299
     95,  29549
     96,  29850
     97,  30149
     98,  30435
     99,  30730
    100,  31023
    101,  31254
    102,  31577
    103,  31835
    104,  32130
    105,  32363
    106,  32666
    107,  32910
    108,  33212
    109,  33533
    110,  33839
    111,  34139
    112,  34439
    113,  34727
    114,  35019
    115,  35311
    116,  35613
    117,  35923
    118,  36233
    119,  36533
    120,  36820
    121,  37103
    122,  37396
    123,  37719
    124,  38035
    125,  38334
    126,  38635
    127,  38925
    128,  39215
    129,  39520
    130,  39826
    131,  40142
    132,  40448
    133,  40699
    134,  41005
    135,  41296
    136,  41586
    137,  41893
    138,  42208
    139,  42519
    140,  42828
    141,  43121
    142,  43401
    143,  43703
    144,  44025
    145,  44356
    146,  44664
    147,  44969
    148,  45259
    149,  45550
    150,  45860
    151,  46173
    152,  46487
    153,  46801
    154,  47110
    155,  47407
    156,  47685
    157,  47973
    158,  48273
    159,  48587
    160,  48907
    161,  49214
    162,  49505
    163,  49795
    164,  50096
    165,  50399
    166,  50710
    167,  51021
    168,  51323
    169,  51626
    170,  51921
    171,  52208
    172,  52508
    173,  52819
    174,  53139
    175,  53445
    176,  53740
    177,  54026
    178,  54315
    179,  54611
    180,  54929
    181,  55247
    182,  55550
    183,  55852
    184,  56149
    185,  56437
    186,  56734
    187,  57034
    188,  57349
    189,  57658
    190,  57877
    191,  58174
    192,  58445
    193,  58735
    194,  59041
    195,  59363
    196,  59681
    197,  59982
    198,  60280
    199,  60566
    200,  60857
    201,  61166
    202,  61475
    203,  61781
    204,  62091
    205,  62395
    206,  62683
    207,  62972
    208,  63266
    209,  63573
    210,  63898
    211,  64206
    212,  64505
    213,  64796
    214,  65075
    215,  65364
    216,  65572
    217,  65896
    218,  66203
    219,  66512
    220,  66803
    221,  67096
    222,  67361
    223,  67616
    224,  67818
    225,  68124
    226,  68436
    227,  68741
    228,  69036
    229,  69316
    230,  69608
    231,  69904
    232,  70216
    233,  70531
    234,  70838
    235,  71127
    236,  71418
    237,  71715
    238,  72015
    239,  72322
    240,  72632
    241,  72933
    242,  73235
    243,  73529
    244,  73812
    245,  74106
    246,  74396
    247,  74624
    248,  74937
    249,  75240
    250,  75531
    251,  75733
    252,  76021
    253,  76344
    254,  76670
    255,  76955
    256,  77255
    257,  77555
    258,  77851
    259,  78141
    260,  78436
    261,  78741
    262,  79055
    263,  79365
    264,  79666
    265,  79955
    266,  80247
    267,  80537
    268,  80853
    269,  81175
    270,  81481
    271,  81779
    272,  82075
    273,  82361
    274,  82661
    275,  82978
    276,  83297
    277,  83599
    278,  83906
    279,  84203
    280,  84499
    281,  84792
    282,  85100
    283,  85317
    284,  85632
    285,  85900
    286,  86196
    287,  86488
    288,  86776
    289,  87086
    290,  87409
    291,  87722
    292,  88027
    293,  88329
    294,  88617
    295,  88912
    296,  89210
    297,  89519
    298,  89832
    299,  90145
    300,  90445
    301,  90737
    302,  91022
    303,  91324
    304,  91632
    305,  91955
    306,  92264
    307,  92566
    308,  92851
    309,  93139
    310,  93335
    311,  93649
    312,  93902
    313,  94217
    314,  94504
    315,  94790
    316,  95072
    317,  95361
    318,  95630
    319,  95823
    320,  96139
    321,  96456
    322,  96765
    323,  97056
    324,  97338
    325,  97628
    326,  97933
    327,  98263
    328,  98577
    329,  98876
    330,  99176
    331,  99472
    332,  99767
    333, 100062
    334, 100376
    335, 100688
    336, 101003
    337, 101308
    338, 101596
    339, 101881
    340, 102179
    341, 102506
    342, 102830
    343, 103130
    344, 103426
    345, 103717
    346, 104008
    347, 104311
    348, 104628
    349, 104942
    350, 105248
    351, 105556
    352, 105765
    353, 106065
    354, 106311
    355, 106622
    356, 106873
    357, 107191
    358, 107502
    359, 107725
    360, 108024
    361, 108305
    362, 108609
    363, 108926
    364, 109240
    365, 109536
    366, 109838
    367, 110127
    368, 110415
    369, 110707
    370, 111007
    371, 111312
    372, 111626
    373, 111929
    374, 112224
    375, 112510
    376, 112697
    377, 112996
    378, 113268
    379, 113584
    380, 113887
    381, 114184
    382, 114471
    383, 114765
    384, 115065
    385, 115373
    386, 115688
    387, 115995
    388, 116292
    389, 116589
    390, 116878
    391, 117175
    392, 117476
    393, 117792
    394, 118106
    395, 118413
    396, 118700
    397, 118983
    398, 119275
    399, 119582
    400, 119912
    401, 120224
    402, 120524
    403, 120819
    404, 121116
    405, 121409
    406, 121712
    407, 122025
    408, 122336
    409, 122642
    410, 122942
    411, 123228
    412, 123521
    413, 123817
    414, 124142
    415, 124470
    416, 124775
    417, 125069
    418, 125359
    419, 125643
    420, 125865
    421, 126194
    422, 126506
    423, 126806
    424, 127111
    425, 127407
    426, 127693
    427, 127989
    428, 128292
    429, 128613
    430, 128925
    431, 129230
    432, 129520
    433, 129804
    434, 130093
    435, 130413
    436, 130742
    437, 131052
    438, 131356
    439, 131651
    440, 131937
    441, 132237
    442, 132549
    443, 132867
    444, 133175
    445, 133489
    446, 133783
    447, 134072
    448, 134359
    449, 134663
    450, 134941
    451, 135261
    452, 135537
    453, 135706
    454, 135994
    455, 136279
    456, 136587
    457, 136899
    458, 137226
    459, 137536
    460, 137842
    461, 138134
    462, 138424
    463, 138719
    464, 139026
    465, 139347
    466, 139548
    467, 139869
    468, 140172
    469, 140456
    470, 140745
    471, 141043
    472, 141363
    473, 141725
    474, 142033
    475, 142323
    476, 142616
    477, 142920
    478, 143228
    479, 143548
    480, 143870
    481, 144171
    482, 144476
    483, 144768
    484, 145058
    485, 145352
    486, 145665
    487, 146003
    488, 146309
    489, 146604
    490, 146891
    491, 147176
    492, 147475
    493, 147697
    494, 148019
    495, 148281
    496, 148581
    497, 148859
    498, 149151
    499, 149408
    500, 149548
    501, 149882
    502, 150198
    503, 150510
    504, 150819
    505, 151109
    506, 151395
    507, 151683
    508, 151988
    509, 152320
    510, 152637
    511, 152935
    512, 153233
    513, 153517
    514, 153807
    515, 154117
    516, 154432
    517, 154736
    518, 155203
    519, 155663
    520, 155952
    521, 156247
    522, 156558
    523, 156820
    524, 157120
    525, 157425
    526, 157687
    527, 157959
    528, 158239
    529, 158555
    530, 158877
    531, 159181
    532, 159486
    533, 159726
    534, 160015
    535, 160317
    536, 160618
    537, 160932
    538, 161247
    539, 161557
    540, 161855
    541, 162103
    542, 162389
    543, 162690
    544, 163010
    545, 163333
    546, 163592
    547, 163892
    548, 164177
    549, 164478
    550, 164786
    551, 165047
    552, 165174
    553, 165514
    554, 165797
    555, 166088
    556, 166368
    557, 166662
    558, 166897
    559, 167199
    560, 167519
    561, 167834
    562, 168139
    563, 168384
    564, 168671
    565, 168966
    566, 169272
    567, 169553
    568, 169874
    569, 170175
    570, 170469
    571, 170767
    572, 171046
    573, 171358
    574, 171656
    575, 171958
    576, 172266
    577, 172571
    578, 172860
    579, 173153
    580, 173442
    581, 173756
    582, 174096
    583, 174401
    584, 174696
    585, 174988
    586, 175274
    587, 175578
    588, 175904
    589, 176227
    590, 176528
    591, 176836
    592, 177130
    593, 177426
    594, 177723
    595, 177942
    596, 178268
    597, 178548
    598, 178862
    599, 179153
    600, 179441
    601, 179731
    602, 180048
    603, 180389
    604, 180708
    605, 181014
    606, 181311
    607, 181597
    608, 181902
    609, 182215
    610, 182548
    611, 182860
    612, 183171
    613, 183463
    614, 183752
    615, 184015
    616, 184316
    617, 184639
    618, 184966
    619, 185274
    620, 185574
    621, 185858
    622, 186157
    623, 186471
    624, 186800
    625, 187114
    626, 187421
    627, 187716
    628, 188005
    629, 188302
    630, 188601
    631, 188907
    632, 189233
    633, 189538
    634, 189840
    635, 190125
    636, 190414
    637, 190709
    638, 191022
    639, 191354
    640, 191659
    641, 191955
    642, 192248
    643, 192542
    644, 192842
    645, 193141
    646, 193461
    647, 193768
    648, 194072
    649, 194372
    650, 194658
    651, 194947
    652, 195252
    653, 195583
    654, 195896
    655, 196197
    656, 196485
    657, 196774
    658, 196986
    659, 197290
    660, 197577
    661, 197885
    662, 198182
    663, 198463
    664, 198765
    665, 199059
    666, 199352
    667, 199657
    668, 199974
    669, 200285
    670, 200590
    671, 200876
    672, 201165
    673, 201461
    674, 201784
    675, 202118
    676, 202417
    677, 202652
    678, 202951
    679, 203236
    680, 203537
    681, 203849
    682, 204180
    683, 204485
    684, 204796
    685, 205092
    686, 205380
    687, 205673
    688, 205973
    689, 206284
    690, 206604
    691, 206914
    692, 207208
    693, 207492
    694, 207781
    695, 208097
    696, 208416
    697, 208721
    698, 209026
    699, 209325
    700, 209613
    701, 209910
    702, 210206
    703, 210516
    704, 210830
    705, 211143
    706, 211442
    707, 211739
    708, 212023
    709, 212319
    710, 212627
    711, 212946
    712, 213255
    713, 213556
    714, 213841
    715, 214138
    716, 214440
    717, 214612
    718, 214936
    719, 215550
    720, 215802
    721, 216097
    722, 216385
    723, 216683
    724, 216992
    725, 217323
    726, 217630
    727, 217928
    728, 218211
    729, 218506
    730, 218806
    731, 219122
    732, 219448
    733, 219751
    734, 220045
    735, 220346
    736, 220641
    737, 220941
    738, 221255
    739, 221584
    740, 221889
    741, 222193
    742, 222482
    743, 222771
    744, 223068
    745, 223387
    746, 223745
    747, 224055
    748, 224349
    749, 224639
    750, 224925
    751, 225227
    752, 225548
    753, 225874
    754, 226175
    755, 226484
    756, 226778
    757, 227066
    758, 227362
    759, 227665
    760, 227975
    761, 228292
    762, 228597
    763, 228888
    764, 229171
    765, 229472
    766, 229790
    767, 230122
    768, 230425
    769, 230726
    770, 231020
    771, 231305
    772, 231608
    773, 231912
    774, 232215
    775, 232530
    776, 232839
    777, 233132
    778, 233414
    779, 233701
    780, 234000
    781, 234318
    782, 234642
    783, 234943
    784, 235239
    785, 235526
    786, 235825
    787, 236130
    788, 236437
    789, 236751
    790, 237052
    791, 237348
    792, 237643
    793, 237937
    794, 238234
    795, 238539
    796, 238870
    797, 239174
    798, 239472
    799, 239759
    800, 240049
    801, 240342
    802, 240655
    803, 240981
    804, 241289
    805, 241586
    806, 241882
    807, 242180
    808, 242481
    809, 242785
    810, 243106
    811, 243411
    812, 243715
    813, 244013
    814, 244295
    815, 244586
    816, 244892
    817, 245218
    818, 245531
    819, 245829
    820, 246119
    821, 246407
    822, 246704
    823, 247011
    824, 247326
    825, 247636
    826, 247936
    827, 248239
    828, 248526
    829, 248820
    830, 249117
    831, 249430
    832, 249737
    833, 250049
    834, 250347
    835, 250636
    836, 250870
    837, 251165
    838, 251487
    839, 251812
    840, 252100
    841, 252300
    842, 252749
    843, 253038
    844, 253333
    845, 253539
    846, 253851
    847, 254109
    848, 254423
    849, 254674
    850, 254963
    851, 255254
    852, 255779
    853, 256105
    854, 256415
    855, 256713
    856, 257002
    857, 257289
    858, 257601
    859, 257913
    860, 258227
    861, 258538
    862, 258841
    863, 259134
    864, 259400
    865, 259704
    866, 260006
    867, 260320
    868, 260641
    869, 260900
    870, 261198
    871, 261481
    872, 261774
    873, 262074
    874, 262403
    875, 262747
    876, 263054
    877, 263313
    878, 263603
    879, 263911
    880, 264220
    881, 264532
    882, 264851
    883, 265106
    884, 265407
    885, 265704
    886, 265993
    887, 266284
    888, 266597
    889, 266880
    890, 267188
    891, 267480
    892, 267775
    893, 268062
    894, 268234
    895, 268527
    896, 268852
    897, 269172
    898, 269471
    899, 269727
    900, 270023
    901, 270283
    902, 270575
    903, 270834
    904, 271153
    905, 271418
    906, 271727
    907, 272021
    908, 272304
    909, 272596
    910, 272907
    911, 273230
    912, 273549
    913, 273848
    914, 274145
    915, 274396
    916, 274690
    917, 274994
    918, 275312
    919, 275618
    920, 275929
    921, 276232
    922, 276518
    923, 276806
    924, 277103
    925, 277404
    926, 277683
    927, 277999
    928, 278294
    929, 278585
    930, 278873
    931, 279180
    932, 279494
    933, 279745
    934, 280056
    935, 280364
    936, 280657
    937, 280945
    938, 281245
    939, 281551
    940, 281862
    941, 282186
    942, 282492
    943, 282748
    944, 283034
    945, 283330
    946, 283621
    947, 283942
    948, 284210
    949, 284508
    950, 284783
    951, 285067
    952, 285331
    953, 285632
    954, 285884
    955, 286150
    956, 286439
    957, 286698
    958, 286962
    959, 287157
    960, 287421
    961, 287697
    962, 287955
    963, 288216
    964, 288489
    965, 288790
    966, 289043
    967, 289288
    968, 289580
    969, 289868
    970, 290171
    971, 290486
    972, 290751
    973, 291027
    974, 291272
    975, 291563
    976, 291860
    977, 292135
    978, 292377
    979, 292643
    980, 292892
    981, 293194
    982, 293467
    983, 293741
    984, 294033
    985, 294312
    986, 294609
    987, 294824
    988, 295145
    989, 295445
    990, 295740
    991, 296026
    992, 296320
    993, 296629
    994, 296942
    995, 297252
    996, 297558
    997, 297865
    998, 298121
    999, 298295
   1000, 298613
   1001, 298892
   1002, 299143
   1003, 299416
   1004, 299668
   1005, 299969
   1006, 300239
   1007, 300487
   1008, 300683
   1009, 301002
   1010, 301249
   1011, 301572
   1012, 301819
   1013, 302123
   1014, 302406
   1015, 302712
   1016, 302982
   1017, 303304
   1018, 303577
   1019, 303845
   1020, 304040
   1021, 304346
   1022, 304482
   1023, 305464
   1024, 305795
   1025, 306101
   1026, 306402
   1027, 306668
   1028, 306837
   1029, 307163
   1030, 307427
   1031, 307733
   1032, 308003
   1033, 308317
   1034, 308614
   1035, 308906
   1036, 309198
   1037, 309501
   1038, 309809
   1039, 310141
   1040, 310446
   1041, 310748
   1042, 310970
   1043, 311256
   1044, 311517
   1045, 311829
   1046, 312142
   1047, 312453
   1048, 312709
   1049, 313003
   1050, 313299
   1051, 313600
   1052, 313897
   1053, 314212
   1054, 314532
   1055, 314839
   1056, 315142
   1057, 315433
   1058, 315721
   1059, 316025
   1060, 316366
   1061, 316663
   1062, 316937
   1063, 317243
   1064, 317530
   1065, 317823
   1066, 318116
   1067, 318387
   1068, 318678
   1069, 318979
   1070, 319290
   1071, 319573
   1072, 319763
   1073, 320033
   1074, 320326
   1075, 320539
   1076, 320856
   1077, 321170
   1078, 321476
   1079, 321764
   1080, 322046
   1081, 322355
   1082, 322625
   1083, 322972
   1084, 323281
   1085, 323561
   1086, 323861
   1087, 324153
   1088, 324457
   1089, 324697
   1090, 325019
   1091, 325326
   1092, 325561
   1093, 325843
   1094, 326139
   1095, 326691
   1096, 326918
   1097, 327231
   1098, 327514
   1099, 327775
   1100, 328066
   1101, 328330
   1102, 328536
   1103, 328845
   1104, 329114
   1105, 329426
   1106, 329727
   1107, 330032
   1108, 330298
   1109, 330476
   1110, 330771
   1111, 331081
   1112, 331365
   1113, 331681
   1114, 331996
   1115, 332213
   1116, 332505
   1117, 333309
   1118, 333605
   1119, 333926
   1120, 334227
   1121, 334506
   1122, 334758
   1123, 334939
   1124, 335526
   1125, 335771
   1126, 336032
   1127, 336575
   1128, 337058
   1129, 337300
   1130, 337582
   1131, 337865
   1132, 338083
   1133, 338366
   1134, 338629
   1135, 338857
   1136, 339157
   1137, 339333
   1138, 339622
   1139, 339815
   1140, 340147
   1141, 340460
   1142, 340983
   1143, 341230
   1144, 341516
   1145, 341815
   1146, 342131
   1147, 342424
   1148, 342705
   1149, 342972
   1150, 343260
   1151, 343513
   1152, 343800
   1153, 344081
   1154, 344408
   1155, 344732
   1156, 345016
   1157, 345210
   1158, 345503
   1159, 345789
   1160, 346107
   1161, 346409
   1162, 346736
   1163, 346954
   1164, 347121
   1165, 347426
   1166, 347714
   1167, 347936
   1168, 348207
   1169, 348478
   1170, 348746
   1171, 349027
   1172, 349327
   1173, 349584
   1174, 349818
   1175, 350096
   1176, 350404
   1177, 350721
   1178, 351031
   1179, 351288
   1180, 351585
   1181, 351874
   1182, 352149
   1183, 352402
   1184, 352597
   1185, 352901
   1186, 353164
   1187, 353426
   1188, 353676
   1189, 353936
   1190, 354186
   1191, 354422
   1192, 354683
   1193, 354931
   1194, 355212
   1195, 355555
   1196, 355860
   1197, 356154
   1198, 356398
   1199, 356630
   1200, 356871
   1201, 357132
   1202, 357389
   1203, 357682
   1204, 357944
   1205, 358168
   1206, 358398
   1207, 358694
   1208, 358940
   1209, 359135
   1210, 359418
   1211, 359643
   1212, 359990
   1213, 360295
   1214, 360565
   1215, 360822
   1216, 361045
   1217, 361294
   1218, 361564
   1219, 361913
   1220, 362120
   1221, 362398
   1222, 362637
   1223, 362927
   1224, 363171
   1225, 363406
   1226, 363640
   1227, 363947
   1228, 364240
   1229, 364454
   1230, 364758
   1231, 365035
   1232, 365266
   1233, 365505
   1234, 365744
   1235, 365970
   1236, 366269
   1237, 366559
   1238, 366827
   1239, 367125
   1240, 367406
   1241, 367666
   1242, 367867
   1243, 368044
   1244, 368351
   1245, 368599
   1246, 368913
   1247, 369215
   1248, 369506
   1249, 369763
   1250, 370005
   1251, 370150
   1252, 370480
   1253, 370737
   1254, 370986
   1255, 371236
   1256, 371420
   1257, 371666
   1258, 371956
   1259, 372214
   1260, 372527
   1261, 372742
   1262, 373050
   1263, 373304
   1264, 373489
   1265, 373773
   1266, 374046
   1267, 374317
   1268, 374622
   1269, 374821
   1270, 375125
   1271, 375436
   1272, 375695
   1273, 375978
   1274, 376266
   1275, 376517
   1276, 376793
   1277, 377123
   1278, 377435
   1279, 377745
   1280, 378011
   1281, 378254
   1282, 378500
   1283, 378750
   1284, 379317
   1285, 379617
   1286, 379915
   1287, 380199
   1288, 380499
   1289, 381328
   1290, 381579
   1291, 382158
   1292, 382415
   1293, 382655
   1294, 382918
   1295, 383193
   1296, 383502
   1297, 383702
   1298, 384610
   1299, 384816
   1300, 386296
   1301, 386841
   1302, 387142
   1303, 388089
   1304, 388391
   1305, 388681
   1306, 388959
   1307, 389244
   1308, 389554
   1309, 389876
   1310, 390108
   1311, 390423
   1312, 390665
   1313, 390959
   1314, 391207
   1315, 391463
   1316, 391755
   1317, 392395
   1318, 392690
   1319, 392960
   1320, 393226
   1321, 393403
   1322, 393907
   1323, 394274
   1324, 394567
   1325, 394859
   1326, 395044
   1327, 395332
   1328, 395630
   1329, 395939
   1330, 396256
   1331, 396580
   1332, 396887
   1333, 397193
   1334, 397483
   1335, 397772
   1336, 398070
   1337, 398390
   1338, 398659
   1339, 398975
   1340, 399278
   1341, 399569
   1342, 399854
   1343, 400165
   1344, 400493
   1345, 400853
   1346, 401159
   1347, 401460
   1348, 401751
   1349, 402050
   1350, 402353
   1351, 402677
   1352, 403005
   1353, 403315
   1354, 403618
   1355, 403909
   1356, 404193
   1357, 404493
   1358, 404801
   1359, 405127
   1360, 405443
   1361, 405743
   1362, 406029
   1363, 406324
   1364, 406625
   1365, 406936
   1366, 407255
   1367, 407563
   1368, 407862
   1369, 408160
   1370, 408446
   1371, 408742
   1372, 409040
   1373, 409360
   1374, 409682
   1375, 409989
   1376, 410275
   1377, 410560
   1378, 410847
   1379, 411148
   1380, 411479
   1381, 411796
   1382, 412094
   1383, 412393
   1384, 412686
   1385, 412983
   1386, 413280
   1387, 413590
   1388, 413907
   1389, 414218
   1390, 414517
   1391, 414802
   1392, 415089
   1393, 415381
   1394, 415712
   1395, 416043
   1396, 416342
   1397, 416639
   1398, 416931
   1399, 417220
   1400, 417523
   1401, 417838
   1402, 418160
   1403, 418465
   1404, 418766
   1405, 419049
   1406, 419344
   1407, 419637
   1408, 419941
   1409, 420261
   1410, 420573
   1411, 420877
   1412, 421171
   1413, 421454
   1414, 421754
   1415, 422082
   1416, 422424
   1417, 422728
   1418, 423028
   1419, 423316
   1420, 423608
   1421, 423918
   1422, 424223
   1423, 424549
   1424, 424857
   1425, 425165
   1426, 425461
   1427, 425747
   1428, 426036
   1429, 426344
   1430, 426663
   1431, 426975
   1432, 427277
   1433, 427571
   1434, 427853
   1435, 428162
   1436, 428468
   1437, 428789
   1438, 429100
   1439, 429405
   1440, 429698
   1441, 429991
   1442, 430290
   1443, 430594
   1444, 430901
   1445, 431214
   1446, 431509
   1447, 431811
   1448, 432078
   1449, 432347
   1450, 432609
   1451, 432919
   1452, 433255
   1453, 433559
   1454, 433853
   1455, 434147
   1456, 434451
   1457, 434749
   1458, 435054
   1459, 435373
   1460, 435679
   1461, 435985
   1462, 436280
   1463, 436570
   1464, 436871
   1465, 437175
   1466, 437514
   1467, 437833
   1468, 438128
   1469, 438419
   1470, 438713
   1471, 439015
   1472, 439334
   1473, 439670
   1474, 439978
   1475, 440282
   1476, 440584
   1477, 440873
   1478, 441183
   1479, 441496
   1480, 441826
   1481, 442139
   1482, 442443
   1483, 442732
   1484, 443023
   1485, 443323
   1486, 443645
   1487, 443980
   1488, 444291
   1489, 444590
   1490, 444883
   1491, 445170
   1492, 445478
   1493, 445802
   1494, 446121
   1495, 446428
   1496, 446739
   1497, 447029
   1498, 447318
   1499, 447619
   1500, 447925
   1501, 448222
   1502, 448421
   1503, 448722
   1504, 449020
   1505, 449306
   1506, 449596
   1507, 449910
   1508, 450226
   1509, 450532
   1510, 450841
   1511, 451124
   1512, 451416
   1513, 451718
   1514, 452015
   1515, 452319
   1516, 452635
   1517, 452951
   1518, 453252
   1519, 453541
   1520, 453827
   1521, 454127
   1522, 454438
   1523, 454763
   1524, 455077
   1525, 455379
   1526, 455665
   1527, 455959
   1528, 456266
   1529, 456578
   1530, 456893
   1531, 457205
   1532, 457505
   1533, 457804
   1534, 458055
   1535, 458338
   1536, 458542
   1537, 458858
   1538, 459189
   1539, 459490
   1540, 459786
   1541, 460071
   1542, 460364
   1543, 460666
   1544, 460983
   1545, 461313
   1546, 461619
   1547, 461915
   1548, 462214
   1549, 462506
   1550, 462806
   1551, 463114
   1552, 463433
   1553, 463736
   1554, 464042
   1555, 464334
   1556, 464623
   1557, 464915
   1558, 465220
   1559, 465553
   1560, 465868
   1561, 466164
   1562, 466456
   1563, 466742
   1564, 467039
   1565, 467361
   1566, 467682
   1567, 467987
   1568, 468294
   1569, 468594
   1570, 468878
   1571, 469169
   1572, 469468
   1573, 469785
   1574, 470099
   1575, 470406
   1576, 470699
   1577, 470989
   1578, 471277
   1579, 471584
   1580, 471906
   1581, 472219
   1582, 472523
   1583, 472827
   1584, 473110
   1585, 473407
   1586, 473715
   1587, 474029
   1588, 474345
   1589, 474655
   1590, 474955
   1591, 475246
   1592, 475536
   1593, 475839
   1594, 476150
   1595, 476479
   1596, 476785
   1597, 477088
   1598, 477372
   1599, 477668
   1600, 477983
   1601, 478322
   1602, 478653
   1603, 478959
   1604, 479255
   1605, 479549
   1606, 479852
   1607, 480156
   1608, 480466
   1609, 480804
   1610, 481114
   1611, 481414
   1612, 481700
   1613, 481994
   1614, 482298
   1615, 482623
   1616, 482959
   1617, 483266
   1618, 483562
   1619, 483853
   1620, 484130
   1621, 484412
   1622, 484613
   1623, 485101
   1624, 485354
   1625, 485583
   1626, 485827
   1627, 486055
   1628, 486294
   1629, 486506
   1630, 486734
   1631, 486984
   1632, 487243
   1633, 487486
   1634, 487718
   1635, 487948
   1636, 488188
   1637, 488431
   1638, 488687
   1639, 488911
   1640, 489223
   1641, 489493
   1642, 489748
   1643, 490016
   1644, 490270
   1645, 490504
   1646, 490741
   1647, 491039
   1648, 491350
   1649, 491654
   1650, 491964
   1651, 492261
   1652, 492546
   1653, 492838
   1654, 493145
   1655, 493463
   1656, 493788
   1657, 494089
   1658, 494388
   1659, 494676
   1660, 494970
   1661, 495275
   1662, 495593
   1663, 495904
   1664, 496215
   1665, 496519
   1666, 496806
   1667, 497097
   1668, 497398
   1669, 497700
   1670, 498029
   1671, 498341
   1672, 498639
   1673, 498928
   1674, 499224
   1675, 499533
   1676, 499864
   1677, 500183
   1678, 500489
   1679, 500790
   1680, 501081
   1681, 501380
   1682, 501681
   1683, 501982
   1684, 502302
   1685, 502624
   1686, 502924
   1687, 503211
   1688, 503497
   1689, 503778
   1690, 503990
   1691, 504310
   1692, 504571
   1693, 504874
   1694, 505105
   1695, 505396
   1696, 505691
   1697, 505992
   1698, 506289
   1699, 506601
   1700, 506914
   1701, 507215
   1702, 507512
   1703, 507800
   1704, 508095
   1705, 508392
   1706, 508716
   1707, 509025
   1708, 509330
   1709, 509621
   1710, 509907
   1711, 510195
   1712, 510500
   1713, 510822
   1714, 511137
   1715, 511439
   1716, 511739
   1717, 512032
   1718, 512325
   1719, 512615
   1720, 512928
   1721, 513238
   1722, 513546
   1723, 513860
   1724, 514135
   1725, 514420
   1726, 514721
   1727, 515044
   1728, 515370
   1729, 515671
   1730, 515967
   1731, 516258
   1732, 516552
   1733, 516856
   1734, 517170
   1735, 517490
   1736, 517794
   1737, 518103
   1738, 518393
   1739, 518679
   1740, 518977
   1741, 519291
   1742, 519617
   1743, 519933
   1744, 520206
   1745, 520494
   1746, 520765
   1747, 521072
   1748, 521398
   1749, 521759
   1750, 522063
   1751, 522368
   1752, 522600
   1753, 522886
   1754, 523194
   1755, 523503
   1756, 523815
   1757, 524134
   1758, 524395
   1759, 524691
   1760, 524971
   1761, 525265
   1762, 525564
   1763, 525842
   1764, 526174
   1765, 526474
   1766, 526769
   1767, 527063
   1768, 527360
   1769, 527601
   1770, 527912
   1771, 528228
   1772, 528538
   1773, 528842
   1774, 529072
   1775, 529361
   1776, 529661
   1777, 529953
   1778, 530281
   1779, 530603
   1780, 530861
   1781, 531159
   1782, 531444
   1783, 531730
   1784, 532039
   1785, 532304
   1786, 532624
   1787, 532929
   1788, 533229
   1789, 533523
   1790, 533817
   1791, 534063
   1792, 534365
   1793, 534692
   1794, 535003
   1795, 535307
   1796, 535601
   1797, 535885
   1798, 536180
   1799, 536502
   1800, 536827
   1801, 537138
   1802, 537407
   1803, 537700
   1804, 537986
   1805, 538289
   1806, 538600
   1807, 538923
   1808, 539191
   1809, 539500
   1810, 539799
   1811, 540092
   1812, 540382
   1813, 540687
   1814, 540954
   1815, 541282
   1816, 541595
   1817, 541893
   1818, 542176
   1819, 542416
   1820, 542729
   1821, 543041
   1822, 543365
   1823, 543673
   1824, 543972
   1825, 544237
   1826, 544530
   1827, 544826
   1828, 545130
   1829, 545439
   1830, 545755
   1831, 546019
   1832, 546315
   1833, 546597
   1834, 546890
   1835, 547184
   1836, 547501
   1837, 547777
   1838, 548082
   1839, 548375
   1840, 548668
   1841, 548969
   1842, 549264
   1843, 549519
   1844, 549830
   1845, 550136
   1846, 550441
   1847, 550734
   1848, 551019
   1849, 551275
   1850, 551569
   1851, 551887
   1852, 552208
   1853, 552515
   1854, 552805
   1855, 553045
   1856, 553330
   1857, 553630
   1858, 553956
   1859, 554272
   1860, 554515
   1861, 554816
   1862, 555111
   1863, 555403
   1864, 555702
   1865, 556004
   1866, 556326
   1867, 556636
   1868, 556937
   1869, 557231
   1870, 557520
   1871, 557808
   1872, 558123
   1873, 558453
   1874, 558765
   1875, 559066
   1876, 559359
   1877, 559641
   1878, 559946
   1879, 560259
   1880, 560584
   1881, 560894
   1882, 561200
   1883, 561494
   1884, 561783
   1885, 562077
   1886, 562381
   1887, 562698
   1888, 563014
   1889, 563323
   1890, 563619
   1891, 563898
   1892, 564192
   1893, 564513
   1894, 564840
   1895, 565152
   1896, 565457
   1897, 565749
   1898, 566038
   1899, 566346
   1900, 566644
   1901, 566959
   1902, 567280
   1903, 567589
   1904, 567888
   1905, 568168
   1906, 568458
   1907, 568761
   1908, 569081
   1909, 569409
   1910, 569710
   1911, 570003
   1912, 570290
   1913, 570594
   1914, 570891
   1915, 571207
   1916, 571527
   1917, 571829
   1918, 572134
   1919, 572426
   1920, 572718
   1921, 573016
   1922, 573326
   1923, 573667
   1924, 573973
   1925, 574268
   1926, 574552
   1927, 574847
   1928, 575149
   1929, 575471
   1930, 575809
   1931, 576110
   1932, 576411
   1933, 576712
   1934, 577003
   1935, 577303
   1936, 577611
   1937, 577938
   1938, 578247
   1939, 578554
   1940, 578842
   1941, 579129
   1942, 579424
   1943, 579745
   1944, 580092
   1945, 580399
   1946, 580697
   1947, 580993
   1948, 581280
   1949, 581581
   1950, 581893
   1951, 582215
   1952, 582518
   1953, 582829
   1954, 583119
   1955, 583404
   1956, 583703
   1957, 584007
   1958, 584326
   1959, 584641
   1960, 584945
   1961, 585239
   1962, 585522
   1963, 585733
   1964, 586040
   1965, 586366
   1966, 586675
   1967, 586979
   1968, 587279
   1969, 587568
   1970, 587867
   1971, 588162
   1972, 588467
   1973, 588785
   1974, 589100
   1975, 589397
   1976, 589684
   1977, 589969
   1978, 590264
   1979, 590575
   1980, 590891
   1981, 591198
   1982, 591500
   1983, 591789
   1984, 592084
   1985, 592385
   1986, 592694
   1987, 593008
   1988, 593321
   1989, 593616
   1990, 593913
   1991, 594204
   1992, 594499
   1993, 594801
   1994, 595121
   1995, 595442
   1996, 595750
   1997, 596039
   1998, 596325
   1999, 596619
   2000, 596926
   2001, 597261
   2002, 597580
   2003, 597876
   2004, 598173
   2005, 598470
   2006, 598768
   2007, 599068
   2008, 599384
   2009, 599703
   2010, 600010
   2011, 600311
   2012, 600595
   2013, 600888
   2014, 601190
   2015, 601519
   2016, 601761
   2017, 602067
   2018, 602313
   2019, 602606
   2020, 602891
   2021, 603187
   2022, 603505
   2023, 603828
   2024, 604130
   2025, 604439
   2026, 604737
   2027, 605024
   2028, 605319
   2029, 605622
   2030, 605938
   2031, 606254
   2032, 606563
   2033, 606853
   2034, 607138
   2035, 607432
   2036, 607750
   2037, 608078
   2038, 608386
   2039, 608692
   2040, 608987
   2041, 609276
   2042, 609578
   2043, 609883
   2044, 610189
   2045, 610508
   2046, 610819
   2047, 611114
   2048, 611401
   2049, 611689
   2050, 611989
   2051, 612312
   2052, 612639
   2053, 612942
   2054, 613237
   2055, 613528
   2056, 613830
   2057, 614140
   2058, 614451
   2059, 614771
   2060, 615078
   2061, 615378
   2062, 615673
   2063, 615965
   2064, 616264
   2065, 616582
   2066, 616923
   2067, 617226
   2068, 617523
   2069, 617815
   2070, 618101
   2071, 618407
   2072, 618741
   2073, 619069
   2074, 619374
   2075, 619672
   2076, 619967
   2077, 620271
   2078, 620568
   2079, 620884
   2080, 621210
   2081, 621517
   2082, 621822
   2083, 622112
   2084, 622398
   2085, 622694
   2086, 623024
   2087, 623347
   2088, 623650
   2089, 623951
   2090, 624240
   2091, 624534
   2092, 624836
   2093, 625143
   2094, 625463
   2095, 625770
   2096, 626078
   2097, 626373
   2098, 626654
   2099, 626946
   2100, 627256
   2101, 627571
   2102, 627881
   2103, 628186
   2104, 628477
   2105, 628761
   2106, 629066
   2107, 629373
   2108, 629696
   2109, 630006
   2110, 630309
   2111, 630604
   2112, 630895
   2113, 631189
   2114, 631489
   2115, 631800
   2116, 632124
   2117, 632437
   2118, 632731
   2119, 633013
   2120, 633309
   2121, 633607
   2122, 633929
   2123, 634255
   2124, 634558
   2125, 634849
   2126, 635142
   2127, 635439
   2128, 635745
   2129, 636056
   2130, 636370
   2131, 636674
   2132, 636977
   2133, 637268
   2134, 637562
   2135, 637858
   2136, 638169
   2137, 638510
   2138, 638816
   2139, 639109
   2140, 639399
   2141, 639693
   2142, 639992
   2143, 640321
   2144, 640648
   2145, 640951
   2146, 641255
   2147, 641550
   2148, 641846
   2149, 642148
   2150, 642450
   2151, 642771
   2152, 643080
   2153, 643380
   2154, 643671
   2155, 643962
   2156, 644251
   2157, 644570
   2158, 644894
   2159, 645202
   2160, 645502
   2161, 645796
   2162, 646079
   2163, 646384
   2164, 646697
   2165, 647015
   2166, 647319
   2167, 647624
   2168, 647919
   2169, 648209
   2170, 648502
   2171, 648800
   2172, 649109
   2173, 649424
   2174, 649733
