      0,   1218
      1,   1428
      2,   1720
      3,   1935
      4,   2218
      5,   2489
      6,   2735
      7,   3022
      8,   3241
      9,   3468
     10,   3876
     11,   4288
     12,   4591
     13,   4914
     14,   5216
     15,   5582
     16,   5859
     17,   6070
     18,   6366
     19,   6698
     20,   7129
     21,   7398
     22,   7812
     23,   8223
     24,   8459
     25,   8742
     26,   9001
     27,   9247
     28,   9554
     29,   9893
     30,  10246
     31,  10543
     32,  10802
     33,  11034
     34,  11288
     35,  11555
     36,  11819
     37,  12158
     38,  12359
     39,  12717
     40,  13024
     41,  13326
     42,  13618
     43,  13875
     44,  14152
     45,  14427
     46,  14653
     47,  14974
     48,  15242
     49,  15590
     50,  15856
     51,  16104
     52,  16373
     53,  16629
     54,  16903
     55,  17207
     56,  17481
     57,  17762
     58,  18003
     59,  18301
     60,  18578
     61,  18803
     62,  19183
     63,  19468
     64,  19836
     65,  20041
     66,  20292
     67,  20664
     68,  20956
     69,  21190
     70,  21608
     71,  21852
     72,  22059
     73,  22310
     74,  22559
     75,  22853
     76,  23065
     77,  23363
     78,  23644
     79,  23890
     80,  24241
     81,  24446
     82,  24759
     83,  25027
     84,  25322
     85,  25526
     86,  25842
     87,  26113
     88,  26452
     89,  26663
     90,  26954
     91,  27184
     92,  27487
     93,  27704
     94,  27998
     95,  28316
     96,  28527
     97,  28794
     98,  29097
     99,  29364
    100,  29607
    101,  29854
    102,  30065
    103,  30389
    104,  30686
    105,  30979
    106,  31196
    107,  31465
    108,  31737
    109,  31991
    110,  32296
    111,  32644
    112,  33005
    113,  33257
    114,  33579
    115,  33860
    116,  34128
    117,  34425
    118,  34661
    119,  34862
    120,  35225
    121,  35463
    122,  35666
    123,  35918
    124,  36259
    125,  36467
    126,  36810
    127,  37062
    128,  37365
    129,  37671
    130,  37901
    131,  38193
    132,  38416
    133,  38699
    134,  38954
    135,  39246
    136,  39536
    137,  39760
    138,  40033
    139,  40339
    140,  40652
    141,  41004
    142,  41248
    143,  41509
    144,  41940
    145,  42235
    146,  42460
    147,  42904
    148,  43106
    149,  43432
    150,  43704
    151,  44036
    152,  44260
    153,  44547
    154,  44866
    155,  45207
    156,  45469
    157,  45689
    158,  45912
    159,  46143
    160,  46457
    161,  46797
    162,  47124
    163,  47451
    164,  47670
    165,  47973
    166,  48244
    167,  48520
    168,  48795
    169,  49118
    170,  49376
    171,  49593
    172,  49819
    173,  50142
    174,  50524
    175,  50753
    176,  51120
    177,  51376
    178,  51715
    179,  52029
    180,  52309
    181,  52599
    182,  52968
    183,  53288
    184,  53615
    185,  53855
    186,  54110
    187,  54314
    188,  54644
    189,  54922
    190,  55171
    191,  55438
    192,  55731
    193,  55942
    194,  56311
    195,  56591
    196,  56911
    197,  57165
    198,  57412
    199,  57711
    200,  57947
    201,  58191
    202,  58405
    203,  58676
    204,  58964
    205,  59260
    206,  59641
    207,  59876
    208,  60205
    209,  60474
    210,  60762
    211,  61030
    212,  61361
    213,  61691
    214,  61921
    215,  62218
    216,  62449
    217,  62742
    218,  63037
    219,  63201
    220,  63592
    221,  63916
    222,  64141
    223,  64395
    224,  64708
    225,  65002
    226,  65391
    227,  65667
    228,  65973
    229,  66326
    230,  66559
    231,  66845
    232,  67115
    233,  67432
    234,  67720
    235,  67902
    236,  68221
    237,  68458
    238,  68733
    239,  68982
    240,  69225
    241,  69497
    242,  69791
    243,  70079
    244,  70338
    245,  70601
    246,  70924
    247,  71261
    248,  71572
    249,  71829
    250,  72123
    251,  72469
    252,  72748
    253,  73121
    254,  73334
    255,  73895
    256,  74134
    257,  74413
    258,  74661
    259,  74946
    260,  75285
    261,  75555
    262,  75819
    263,  76118
    264,  76415
    265,  76938
    266,  77221
    267,  77498
    268,  77711
    269,  77969
    270,  78244
    271,  78495
    272,  78789
    273,  78990
    274,  79378
    275,  79625
    276,  79869
    277,  80199
    278,  80470
    279,  80737
    280,  81038
    281,  81391
    282,  81768
    283,  82032
    284,  82297
    285,  82525
    286,  82814
    287,  83172
    288,  83379
    289,  83709
    290,  83976
    291,  84291
    292,  84598
    293,  84866
    294,  85086
    295,  85366
    296,  85578
    297,  85902
    298,  86206
    299,  86479
    300,  86705
    301,  87023
    302,  87409
    303,  87679
    304,  87931
    305,  88232
    306,  88517
    307,  88720
    308,  89052
    309,  89322
    310,  89579
    311,  89885
    312,  90201
    313,  90592
    314,  90899
    315,  91242
    316,  91462
    317,  91659
    318,  91872
    319,  92307
    320,  92579
    321,  92789
    322,  93039
    323,  93340
    324,  93623
    325,  93866
    326,  94111
    327,  94317
    328,  94628
    329,  94975
    330,  95266
    331,  95545
    332,  95870
    333,  96152
    334,  96456
    335,  96860
    336,  97079
    337,  97365
    338,  97648
    339,  97927
    340,  98243
    341,  98450
    342,  98763
    343,  98960
    344,  99257
    345,  99548
    346,  99823
    347, 100041
    348, 100397
    349, 100604
    350, 100873
    351, 101101
    352, 101359
    353, 101582
    354, 101962
    355, 102330
    356, 102567
    357, 102847
    358, 103102
    359, 103424
    360, 103699
    361, 103918
    362, 104226
    363, 104442
    364, 104713
    365, 105024
    366, 105265
    367, 105534
    368, 105752
    369, 106040
    370, 106345
    371, 106613
    372, 106995
    373, 107329
    374, 107634
    375, 107928
    376, 108195
    377, 108423
    378, 109352
    379, 109705
    380, 110020
    381, 110263
    382, 110627
    383, 110955
    384, 111273
    385, 111583
    386, 111889
    387, 112197
    388, 112469
    389, 112838
    390, 113140
    391, 113455
    392, 113760
    393, 114070
    394, 114364
    395, 114695
    396, 114976
    397, 115312
    398, 115604
    399, 115936
    400, 116223
    401, 116555
    402, 117132
    403, 117427
    404, 117714
    405, 118009
    406, 118268
    407, 118544
    408, 118776
    409, 119074
    410, 119373
    411, 119668
    412, 119946
    413, 120180
    414, 120466
    415, 120741
    416, 120978
    417, 121289
    418, 121609
    419, 121862
    420, 122187
    421, 122497
    422, 122821
    423, 123021
    424, 123290
    425, 123635
    426, 123931
    427, 124155
    428, 124449
    429, 124755
    430, 124984
    431, 125285
    432, 125548
    433, 125869
    434, 126110
    435, 126353
    436, 126594
    437, 126819
    438, 127056
    439, 127362
    440, 127644
    441, 127854
    442, 128121
    443, 128389
    444, 128656
    445, 128895
    446, 129171
    447, 129509
    448, 129791
    449, 130078
    450, 130349
    451, 130637
    452, 130967
    453, 131240
    454, 131573
    455, 131869
    456, 132116
    457, 132346
    458, 132641
    459, 133007
    460, 133235
    461, 133560
    462, 133832
    463, 134086
    464, 134318
    465, 134527
    466, 134960
    467, 135182
    468, 135454
    469, 135762
    470, 135969
    471, 136245
    472, 136514
    473, 136746
    474, 137012
    475, 137315
    476, 137620
    477, 137844
    478, 138125
    479, 138387
    480, 138686
    481, 138949
    482, 139199
    483, 139478
    484, 139760
    485, 140061
    486, 140352
    487, 140684
    488, 140888
    489, 141191
    490, 141502
    491, 141758
    492, 142110
    493, 142346
    494, 142611
    495, 142846
    496, 143195
    497, 143449
    498, 143666
    499, 143959
    500, 144234
    501, 144434
    502, 144734
    503, 144958
    504, 145215
    505, 145454
    506, 145694
    507, 145938
    508, 146296
    509, 146607
    510, 146851
    511, 147085
    512, 147329
    513, 147599
    514, 147809
    515, 148080
    516, 148358
    517, 148820
    518, 149085
    519, 149415
    520, 149630
    521, 149883
    522, 150197
    523, 150484
    524, 150736
    525, 150982
    526, 151318
    527, 151588
    528, 151817
    529, 152071
    530, 152297
    531, 152566
    532, 152791
    533, 153063
    534, 153277
    535, 153587
    536, 153874
    537, 154103
    538, 154411
    539, 154680
    540, 154908
    541, 155111
    542, 155407
    543, 155668
    544, 155898
    545, 156172
    546, 156447
    547, 156724
    548, 157015
    549, 157300
    550, 157613
    551, 157913
    552, 158202
    553, 158498
    554, 158805
    555, 159044
    556, 159354
    557, 159652
    558, 159958
    559, 160241
    560, 160533
    561, 160782
    562, 161023
    563, 161299
    564, 161612
    565, 161861
    566, 162165
    567, 162459
    568, 162750
    569, 163070
    570, 163335
    571, 163643
    572, 164105
    573, 164349
    574, 164750
    575, 165076
    576, 165529
    577, 165817
    578, 166142
    579, 166387
    580, 166664
    581, 166977
    582, 167258
    583, 167571
    584, 167859
    585, 168163
    586, 168460
    587, 168868
    588, 169085
    589, 169331
    590, 169598
    591, 169886
    592, 170177
    593, 170459
    594, 170750
    595, 171049
    596, 171335
    597, 171594
    598, 171921
    599, 172224
    600, 172479
    601, 172869
    602, 173179
    603, 173424
    604, 173650
    605, 174005
    606, 174268
    607, 174591
    608, 174822
    609, 175071
    610, 175393
    611, 175680
    612, 175979
    613, 176272
    614, 176531
    615, 176808
    616, 177135
    617, 177343
    618, 177692
    619, 177991
    620, 178208
    621, 178487
    622, 178812
    623, 179116
    624, 179412
    625, 179675
    626, 179992
    627, 180250
    628, 180546
    629, 180848
    630, 181177
    631, 181448
    632, 181746
    633, 182028
    634, 182328
    635, 182559
    636, 182843
    637, 183215
    638, 183809
    639, 184104
    640, 184399
    641, 184687
    642, 184954
    643, 185229
    644, 185507
    645, 185810
    646, 186177
    647, 186520
    648, 186753
    649, 186969
    650, 187262
    651, 187545
    652, 187807
    653, 188069
    654, 188317
    655, 188570
    656, 188769
    657, 189028
    658, 189240
    659, 189482
    660, 189769
    661, 190035
    662, 190374
    663, 190832
    664, 191138
    665, 191573
    666, 191958
    667, 192249
    668, 192555
    669, 192752
    670, 193046
    671, 193335
    672, 193599
    673, 193807
    674, 194160
    675, 194359
    676, 194626
    677, 194915
    678, 195203
    679, 195406
    680, 195773
    681, 196075
    682, 196277
    683, 196622
    684, 196928
    685, 197240
    686, 197548
    687, 197838
    688, 198137
    689, 198356
    690, 198637
    691, 198921
    692, 199176
    693, 199411
    694, 199754
    695, 200100
    696, 200362
    697, 200647
    698, 200936
    699, 201150
    700, 201391
    701, 201717
    702, 202063
    703, 202385
    704, 202682
    705, 203011
    706, 203312
    707, 203597
    708, 203916
    709, 204201
    710, 204491
    711, 204804
    712, 205089
    713, 205369
    714, 205595
    715, 205824
    716, 206111
    717, 206440
    718, 206667
    719, 206945
    720, 207201
    721, 207434
    722, 207726
    723, 208027
    724, 208310
    725, 208571
    726, 208781
    727, 209033
    728, 209294
    729, 209574
    730, 209850
    731, 210129
    732, 210410
    733, 210632
    734, 210978
    735, 211259
    736, 211539
    737, 211805
    738, 212112
    739, 212390
    740, 212623
    741, 212958
    742, 213255
    743, 213542
    744, 213794
    745, 214053
    746, 214358
    747, 214696
    748, 214968
    749, 215260
    750, 215553
    751, 215815
    752, 216028
    753, 216265
    754, 216535
    755, 216817
    756, 217054
    757, 217276
    758, 217534
    759, 217809
    760, 218050
    761, 218465
    762, 218779
    763, 219138
    764, 219501
    765, 219704
    766, 220059
    767, 220261
    768, 220530
    769, 220825
    770, 221071
    771, 221285
    772, 221542
    773, 221817
    774, 222073
    775, 222353
    776, 222600
    777, 222861
    778, 223087
    779, 223375
    780, 223573
    781, 223867
    782, 224183
    783, 224420
    784, 224720
    785, 224990
    786, 225286
    787, 225493
    788, 225789
    789, 226077
    790, 226298
    791, 226595
    792, 226826
    793, 227090
    794, 227384
    795, 227668
    796, 227977
    797, 228242
    798, 228463
    799, 228739
    800, 229004
    801, 229280
    802, 229483
    803, 229750
    804, 230013
    805, 230252
    806, 230531
    807, 230737
    808, 231085
    809, 231298
    810, 231655
    811, 232015
    812, 232235
    813, 232476
    814, 232752
    815, 233048
    816, 233402
    817, 233782
    818, 234058
    819, 234275
    820, 234575
    821, 234931
    822, 235150
    823, 235435
    824, 235818
    825, 236186
    826, 236463
    827, 236767
    828, 237033
    829, 237263
    830, 237510
    831, 237774
    832, 238002
    833, 238260
    834, 238582
    835, 238864
    836, 239141
    837, 239503
    838, 239778
    839, 240082
    840, 240403
    841, 240716
    842, 240992
    843, 241307
    844, 241564
    845, 241847
    846, 242146
    847, 242465
    848, 242685
    849, 242963
    850, 243244
    851, 243511
    852, 243844
    853, 244125
    854, 244425
    855, 244678
    856, 244933
    857, 245178
    858, 245514
    859, 245832
    860, 246182
    861, 246451
    862, 246765
    863, 247162
    864, 247414
    865, 247632
    866, 247946
    867, 248220
    868, 248427
    869, 248754
    870, 249044
    871, 249390
    872, 249643
    873, 249917
    874, 250255
    875, 250780
    876, 251067
    877, 251339
    878, 251656
    879, 251907
    880, 252139
    881, 252450
    882, 252724
    883, 252948
    884, 253148
    885, 253522
    886, 253735
    887, 254095
    888, 254304
    889, 254533
    890, 254791
    891, 255055
    892, 255282
    893, 255570
    894, 255827
    895, 256120
    896, 256402
    897, 256650
    898, 256885
    899, 257336
    900, 257618
    901, 257840
    902, 258141
    903, 258412
    904, 258691
    905, 258924
    906, 259207
    907, 259415
    908, 259743
    909, 259987
    910, 260275
    911, 260582
    912, 260801
    913, 261109
    914, 261337
    915, 261676
    916, 262002
    917, 262318
    918, 262582
    919, 262933
    920, 263251
    921, 263460
    922, 263798
    923, 264021
    924, 264334
    925, 264539
    926, 264855
    927, 265169
    928, 265475
    929, 265676
    930, 265988
    931, 266221
    932, 266556
    933, 267027
    934, 267252
    935, 267528
    936, 267765
    937, 268038
    938, 268247
    939, 268462
    940, 268799
    941, 269093
    942, 269402
    943, 269683
    944, 269911
    945, 270167
    946, 270481
    947, 270785
    948, 270984
    949, 271334
    950, 271598
    951, 271838
    952, 272129
    953, 272347
    954, 272653
    955, 272951
    956, 273224
    957, 273489
    958, 273732
    959, 273970
    960, 274304
    961, 274636
    962, 274894
    963, 275200
    964, 275523
    965, 275853
    966, 276118
    967, 276362
    968, 276721
    969, 276992
    970, 277329
    971, 277525
    972, 277866
    973, 278071
    974, 278350
    975, 278613
    976, 278805
    977, 279055
    978, 279278
    979, 279590
    980, 279857
    981, 280190
    982, 280490
    983, 280883
    984, 281166
    985, 281427
    986, 281681
    987, 282065
    988, 282350
    989, 282665
    990, 282946
    991, 283270
    992, 283612
    993, 283874
    994, 284072
    995, 284392
    996, 284599
    997, 284914
    998, 285206
    999, 285426
   1000, 285626
   1001, 285892
   1002, 286161
   1003, 286449
   1004, 286668
   1005, 286954
   1006, 287170
   1007, 287634
   1008, 287954
   1009, 288246
   1010, 288486
   1011, 288779
   1012, 289094
   1013, 289367
   1014, 289697
   1015, 289984
   1016, 290268
   1017, 290531
   1018, 290760
   1019, 291035
   1020, 291337
   1021, 291567
   1022, 291877
   1023, 292185
   1024, 292523
   1025, 292852
   1026, 293212
   1027, 293472
   1028, 293708
   1029, 293954
   1030, 294238
   1031, 294498
   1032, 294816
   1033, 295144
   1034, 295361
   1035, 295687
   1036, 295953
   1037, 296272
   1038, 296534
   1039, 296781
   1040, 297082
   1041, 297368
   1042, 297605
   1043, 297834
   1044, 298098
   1045, 298615
   1046, 298830
   1047, 299207
   1048, 299404
   1049, 299775
   1050, 300092
   1051, 301014
   1052, 301346
   1053, 301594
   1054, 301953
   1055, 302508
   1056, 302808
   1057, 303156
   1058, 303440
   1059, 303776
   1060, 304394
   1061, 304694
   1062, 305002
   1063, 305298
   1064, 305578
   1065, 306114
   1066, 306433
   1067, 306759
   1068, 307035
   1069, 307334
   1070, 307578
   1071, 307850
   1072, 308116
   1073, 308369
   1074, 308593
   1075, 308863
   1076, 309164
   1077, 309395
   1078, 309676
   1079, 309973
   1080, 310282
   1081, 310612
   1082, 310945
   1083, 311239
   1084, 311464
   1085, 311726
   1086, 311954
   1087, 312226
   1088, 312524
   1089, 312721
   1090, 312969
   1091, 313241
   1092, 313448
   1093, 313758
   1094, 314166
   1095, 314383
   1096, 314635
   1097, 314863
   1098, 315176
   1099, 315371
   1100, 315650
   1101, 315930
   1102, 316151
   1103, 316401
   1104, 316647
   1105, 316882
   1106, 317203
   1107, 317398
   1108, 317716
   1109, 317994
   1110, 318274
   1111, 318534
   1112, 318789
   1113, 319104
   1114, 319354
   1115, 319647
   1116, 319943
   1117, 320212
   1118, 320469
   1119, 320701
   1120, 320961
   1121, 321271
   1122, 321845
   1123, 322175
   1124, 322739
   1125, 323060
   1126, 323618
   1127, 323919
   1128, 324481
   1129, 324772
   1130, 325317
   1131, 325610
   1132, 326140
   1133, 326464
   1134, 326751
   1135, 327022
   1136, 327294
   1137, 327548
   1138, 327828
   1139, 328041
   1140, 328338
   1141, 328572
   1142, 328890
   1143, 329160
   1144, 329360
   1145, 329638
   1146, 329901
   1147, 330136
   1148, 330463
   1149, 330780
   1150, 331338
   1151, 331653
   1152, 332199
   1153, 332497
   1154, 333046
   1155, 333335
   1156, 333894
   1157, 334179
   1158, 334713
   1159, 335012
   1160, 335553
   1161, 335847
   1162, 336394
   1163, 336697
   1164, 337231
   1165, 337533
   1166, 338061
   1167, 338350
   1168, 338897
   1169, 339184
   1170, 339477
   1171, 339742
   1172, 340338
   1173, 340649
   1174, 341213
   1175, 341512
   1176, 342048
   1177, 342343
   1178, 342879
   1179, 343168
   1180, 343697
   1181, 343997
   1182, 344530
   1183, 344824
   1184, 345365
   1185, 345644
   1186, 346042
   1187, 346597
   1188, 346894
   1189, 347437
   1190, 347735
   1191, 348258
   1192, 348820
   1193, 349108
   1194, 349632
   1195, 349932
   1196, 350464
   1197, 350755
   1198, 351295
   1199, 351843
   1200, 352137
   1201, 352671
   1202, 352959
   1203, 353500
   1204, 354034
   1205, 354339
   1206, 354864
   1207, 355166
   1208, 355695
   1209, 355990
   1210, 356507
   1211, 356798
   1212, 357316
   1213, 357616
   1214, 358149
   1215, 358453
   1216, 358972
   1217, 359279
   1218, 359824
   1219, 360352
   1220, 360893
   1221, 361416
   1222, 361707
   1223, 362228
   1224, 362522
   1225, 363048
   1226, 363602
   1227, 363886
   1228, 364411
   1229, 364960
   1230, 365157
   1231, 365508
   1232, 366053
   1233, 366335
   1234, 366859
   1235, 367153
   1236, 367673
   1237, 367969
   1238, 368493
   1239, 369041
   1240, 369582
   1241, 370119
   1242, 370318
   1243, 370666
   1244, 371206
   1245, 371495
   1246, 372028
   1247, 372564
   1248, 373117
   1249, 373403
   1250, 373916
   1251, 374196
   1252, 374493
   1253, 374783
   1254, 375074
   1255, 375377
   1256, 375684
   1257, 376241
   1258, 376800
   1259, 377346
   1260, 377739
   1261, 377988
   1262, 378183
   1263, 378448
   1264, 378638
   1265, 378854
   1266, 379122
   1267, 379369
   1268, 379620
   1269, 379906
   1270, 380137
   1271, 380415
   1272, 380652
   1273, 380892
   1274, 381344
   1275, 381677
   1276, 381986
   1277, 382299
   1278, 382605
   1279, 382918
   1280, 383227
   1281, 383528
   1282, 384085
   1283, 384391
   1284, 384695
   1285, 384998
   1286, 385309
   1287, 385612
   1288, 385918
   1289, 386224
   1290, 386532
   1291, 386847
   1292, 387381
   1293, 387944
   1294, 388485
   1295, 388790
   1296, 389091
   1297, 389402
   1298, 389923
   1299, 390241
   1300, 390546
   1301, 390753
   1302, 391013
   1303, 391388
   1304, 391949
   1305, 392492
   1306, 393053
   1307, 393591
   1308, 394131
   1309, 394429
   1310, 394716
   1311, 395276
   1312, 395568
   1313, 396085
   1314, 396387
   1315, 396912
   1316, 397211
   1317, 397520
   1318, 398052
   1319, 398352
   1320, 398882
   1321, 399189
   1322, 399489
   1323, 399780
   1324, 400316
   1325, 400858
   1326, 401402
   1327, 401900
   1328, 402200
   1329, 402535
   1330, 402797
   1331, 403024
   1332, 403250
   1333, 403499
   1334, 403739
   1335, 403946
   1336, 404242
   1337, 404511
   1338, 404868
   1339, 405223
   1340, 405521
   1341, 405758
   1342, 406002
   1343, 406209
   1344, 406472
   1345, 406682
   1346, 406925
   1347, 407243
   1348, 407499
   1349, 407727
   1350, 408021
   1351, 408222
   1352, 408515
   1353, 408761
   1354, 409015
   1355, 409319
   1356, 409605
   1357, 409900
   1358, 410144
   1359, 410382
   1360, 410694
   1361, 411042
   1362, 411365
   1363, 411672
   1364, 411874
   1365, 412225
   1366, 412431
   1367, 412759
   1368, 413309
   1369, 413628
   1370, 413926
   1371, 414230
   1372, 414525
   1373, 414845
   1374, 415161
   1375, 415472
   1376, 415825
   1377, 416124
   1378, 416441
   1379, 416766
   1380, 417081
   1381, 417401
   1382, 417974
   1383, 418534
   1384, 418851
   1385, 419159
   1386, 419461
   1387, 419772
   1388, 420080
   1389, 420391
   1390, 420968
   1391, 421533
   1392, 422081
   1393, 422634
   1394, 423172
   1395, 423475
   1396, 423782
   1397, 424076
   1398, 424609
   1399, 424921
   1400, 425219
   1401, 425525
   1402, 425826
   1403, 426136
   1404, 426448
   1405, 426996
   1406, 427556
   1407, 428103
   1408, 428660
   1409, 428852
   1410, 429202
   1411, 429748
   1412, 430042
   1413, 430331
   1414, 430627
   1415, 430930
   1416, 431225
   1417, 431527
   1418, 431840
   1419, 432162
   1420, 432483
   1421, 433054
   1422, 433628
   1423, 433951
   1424, 434257
   1425, 434568
   1426, 435094
   1427, 435400
   1428, 435708
   1429, 436019
   1430, 436554
   1431, 437120
   1432, 437663
   1433, 437858
   1434, 438218
   1435, 438421
   1436, 438764
   1437, 438956
   1438, 439183
   1439, 439412
   1440, 439837
   1441, 440130
   1442, 440362
   1443, 440594
   1444, 440873
   1445, 441161
   1446, 441438
   1447, 441656
   1448, 441951
   1449, 442267
   1450, 442555
   1451, 442819
   1452, 443048
   1453, 443362
   1454, 443677
   1455, 443952
   1456, 444215
   1457, 444473
   1458, 444779
   1459, 445082
   1460, 445383
   1461, 445720
   1462, 445952
   1463, 446217
   1464, 446444
   1465, 446709
   1466, 446967
   1467, 447272
   1468, 447529
   1469, 447881
   1470, 448191
   1471, 448418
   1472, 448690
   1473, 449007
   1474, 449322
   1475, 449647
   1476, 449929
   1477, 450143
   1478, 450444
   1479, 450721
   1480, 451163
   1481, 451510
   1482, 451783
   1483, 452022
   1484, 452249
   1485, 452512
   1486, 452712
   1487, 453081
   1488, 453396
   1489, 453663
   1490, 454002
   1491, 454527
   1492, 454814
   1493, 455004
   1494, 455243
   1495, 455487
   1496, 455703
   1497, 455987
   1498, 456323
   1499, 456549
   1500, 456766
   1501, 457095
   1502, 457375
   1503, 457648
   1504, 457963
   1505, 458201
   1506, 458476
   1507, 458788
   1508, 459062
   1509, 459311
   1510, 459600
   1511, 459920
   1512, 460129
   1513, 460423
   1514, 460708
   1515, 460940
   1516, 461241
   1517, 461524
   1518, 461776
   1519, 462080
   1520, 462382
   1521, 462608
   1522, 462878
   1523, 463116
   1524, 463433
   1525, 463689
   1526, 463913
   1527, 464195
   1528, 464445
   1529, 464768
   1530, 465099
   1531, 465459
   1532, 465842
   1533, 466143
   1534, 466404
   1535, 466702
   1536, 466982
   1537, 467201
   1538, 467464
   1539, 467763
   1540, 468043
   1541, 468356
   1542, 468574
   1543, 468860
   1544, 469158
   1545, 469469
   1546, 469857
   1547, 470182
   1548, 470459
   1549, 470753
   1550, 470975
   1551, 471332
   1552, 471678
   1553, 471997
   1554, 472269
   1555, 472597
   1556, 472849
   1557, 473105
   1558, 473336
   1559, 473555
   1560, 473867
   1561, 474128
   1562, 474346
   1563, 474713
   1564, 474986
   1565, 475218
   1566, 475516
   1567, 475792
   1568, 475994
   1569, 476308
   1570, 476597
   1571, 476887
   1572, 477102
   1573, 477468
   1574, 477785
   1575, 478108
   1576, 478306
   1577, 478587
   1578, 478889
   1579, 479200
   1580, 479470
   1581, 479699
   1582, 480016
   1583, 481123
   1584, 481450
   1585, 481730
   1586, 482023
   1587, 482562
   1588, 482849
   1589, 483382
   1590, 483676
   1591, 484223
   1592, 484515
   1593, 485005
   1594, 485415
   1595, 485989
   1596, 486289
   1597, 486828
   1598, 487120
   1599, 487670
   1600, 487959
   1601, 488506
   1602, 488802
   1603, 489337
   1604, 489631
   1605, 490179
   1606, 490468
   1607, 491000
   1608, 491299
   1609, 491834
   1610, 492127
   1611, 492670
   1612, 493228
   1613, 493531
   1614, 494045
   1615, 494346
   1616, 494886
   1617, 495175
   1618, 495709
   1619, 496011
   1620, 496527
   1621, 497080
   1622, 497289
   1623, 497642
   1624, 497839
   1625, 498198
   1626, 498766
   1627, 499318
   1628, 499880
   1629, 500429
   1630, 500629
   1631, 500988
   1632, 501174
   1633, 501536
   1634, 501731
   1635, 502031
   1636, 502260
   1637, 502496
   1638, 502792
   1639, 502999
   1640, 503310
   1641, 503594
   1642, 503832
   1643, 504120
   1644, 504437
   1645, 504777
   1646, 505072
   1647, 505358
   1648, 505771
   1649, 506048
   1650, 506294
   1651, 506528
   1652, 506754
   1653, 507034
   1654, 507329
   1655, 507672
   1656, 507936
   1657, 508192
   1658, 508498
   1659, 508815
   1660, 509084
   1661, 509320
   1662, 509624
   1663, 509899
   1664, 510127
   1665, 510366
   1666, 510621
   1667, 510905
   1668, 511357
   1669, 511652
   1670, 511960
   1671, 512171
   1672, 512458
   1673, 512749
   1674, 513002
   1675, 513253
   1676, 513528
   1677, 513820
   1678, 514150
   1679, 514482
   1680, 514720
   1681, 515002
   1682, 515338
   1683, 515662
   1684, 515921
   1685, 516118
   1686, 516474
   1687, 516750
   1688, 516947
   1689, 517274
   1690, 517616
   1691, 517928
   1692, 518286
   1693, 518612
   1694, 518932
   1695, 519193
   1696, 519434
   1697, 519738
   1698, 520090
   1699, 520428
   1700, 520726
   1701, 521011
   1702, 521252
   1703, 521453
   1704, 521799
   1705, 522118
   1706, 522380
   1707, 522580
   1708, 522903
   1709, 523188
   1710, 523471
   1711, 523761
   1712, 523968
   1713, 524207
   1714, 524522
   1715, 524767
   1716, 525025
   1717, 525293
   1718, 525618
   1719, 525835
   1720, 526048
   1721, 526372
   1722, 526701
   1723, 527023
   1724, 527408
   1725, 527689
   1726, 527930
   1727, 528196
   1728, 528514
   1729, 528813
   1730, 529058
   1731, 529311
   1732, 529650
   1733, 529975
   1734, 530236
   1735, 530446
   1736, 530729
   1737, 530940
   1738, 531235
   1739, 531497
   1740, 531729
   1741, 531933
   1742, 532193
   1743, 532441
   1744, 532777
   1745, 532988
   1746, 533265
   1747, 533483
   1748, 533770
   1749, 534109
   1750, 534394
   1751, 534680
   1752, 534940
   1753, 535142
   1754, 535439
   1755, 535622
   1756, 535989
   1757, 536259
   1758, 536512
   1759, 536804
   1760, 537102
   1761, 537465
   1762, 537746
   1763, 537984
   1764, 538285
   1765, 538607
   1766, 538841
   1767, 539168
   1768, 539460
   1769, 539737
   1770, 539981
   1771, 540290
   1772, 540598
   1773, 540899
   1774, 541122
   1775, 541445
   1776, 541748
   1777, 542065
   1778, 542428
   1779, 542732
   1780, 543030
   1781, 543285
   1782, 543624
   1783, 543966
   1784, 544222
   1785, 544495
   1786, 544705
   1787, 545100
   1788, 545458
   1789, 545819
   1790, 546134
   1791, 546393
   1792, 546584
   1793, 546787
   1794, 547065
   1795, 547365
   1796, 547571
   1797, 547892
   1798, 548221
   1799, 548536
   1800, 548834
   1801, 549187
   1802, 549528
   1803, 549786
   1804, 550047
   1805, 550320
   1806, 550545
   1807, 550972
   1808, 551209
   1809, 551422
   1810, 551745
   1811, 552063
   1812, 552416
   1813, 552688
   1814, 553057
   1815, 553259
   1816, 553672
   1817, 553967
   1818, 554248
   1819, 554465
   1820, 554689
   1821, 555025
   1822, 555219
   1823, 555489
   1824, 555776
   1825, 556101
   1826, 556534
   1827, 556864
   1828, 557139
   1829, 557382
   1830, 557636
   1831, 557836
   1832, 558178
   1833, 558375
   1834, 558686
   1835, 558953
   1836, 559207
   1837, 559460
   1838, 559721
   1839, 560062
   1840, 560370
   1841, 560624
   1842, 560960
   1843, 561282
   1844, 561522
   1845, 561839
   1846, 562155
   1847, 562382
   1848, 562636
   1849, 562920
   1850, 563323
   1851, 563624
   1852, 563959
   1853, 564295
   1854, 564620
   1855, 564916
   1856, 565136
   1857, 565339
   1858, 565558
   1859, 565815
   1860, 566079
   1861, 566392
   1862, 566790
   1863, 567122
   1864, 567403
   1865, 567647
   1866, 567923
   1867, 568198
   1868, 568545
   1869, 568872
   1870, 569225
   1871, 569464
   1872, 569702
   1873, 570001
   1874, 570262
   1875, 570566
   1876, 570899
   1877, 571146
   1878, 571420
   1879, 571661
   1880, 571943
   1881, 572259
   1882, 572575
   1883, 572889
   1884, 573220
   1885, 573467
   1886, 573743
   1887, 573976
   1888, 574271
   1889, 574519
   1890, 574908
   1891, 575265
   1892, 575521
   1893, 575825
   1894, 576125
   1895, 576385
   1896, 576600
   1897, 576876
   1898, 577307
   1899, 577634
   1900, 577868
   1901, 578165
   1902, 578542
   1903, 578817
   1904, 579138
   1905, 579404
   1906, 579663
   1907, 579915
   1908, 580208
   1909, 580542
   1910, 580812
   1911, 581128
   1912, 581386
   1913, 581745
   1914, 581962
   1915, 582329
   1916, 582542
   1917, 582818
   1918, 583092
   1919, 583404
   1920, 583601
   1921, 583926
   1922, 584238
   1923, 584468
   1924, 584722
   1925, 584987
   1926, 585211
   1927, 585470
   1928, 585694
   1929, 586004
   1930, 586319
   1931, 586649
   1932, 587022
   1933, 587242
   1934, 587487
   1935, 587719
   1936, 588109
   1937, 588321
   1938, 588639
   1939, 588916
   1940, 589156
   1941, 589478
   1942, 589754
   1943, 589976
   1944, 590265
   1945, 590557
   1946, 590861
   1947, 591126
   1948, 591404
   1949, 591619
   1950, 591948
   1951, 592308
   1952, 592644
   1953, 592942
   1954, 593244
   1955, 593540
   1956, 593899
   1957, 594195
   1958, 594456
   1959, 594749
   1960, 595054
   1961, 595404
   1962, 595714
   1963, 595965
   1964, 596263
   1965, 596609
   1966, 596925
   1967, 597180
   1968, 597544
   1969, 597816
   1970, 598074
   1971, 598291
   1972, 598549
   1973, 598830
   1974, 599051
   1975, 599326
   1976, 599581
   1977, 599865
   1978, 600076
   1979, 600354
   1980, 600772
   1981, 601110
   1982, 601411
   1983, 601701
   1984, 601970
   1985, 602301
   1986, 602565
   1987, 602839
   1988, 603126
   1989, 603335
   1990, 603672
   1991, 603986
   1992, 604266
   1993, 604604
   1994, 604872
   1995, 605297
   1996, 605577
   1997, 605873
   1998, 606180
   1999, 606399
   2000, 606676
   2001, 606938
   2002, 607413
   2003, 607799
   2004, 608106
   2005, 608433
   2006, 608650
   2007, 608966
   2008, 609402
   2009, 609712
   2010, 609975
   2011, 610258
   2012, 610589
   2013, 610877
   2014, 611211
   2015, 611468
   2016, 611771
   2017, 612101
   2018, 612379
   2019, 612761
   2020, 612978
   2021, 613237
   2022, 613512
   2023, 613815
   2024, 614105
   2025, 614395
   2026, 614693
   2027, 615063
   2028, 615376
   2029, 615626
   2030, 615838
   2031, 616111
   2032, 616395
   2033, 616695
   2034, 617001
   2035, 617285
   2036, 617553
   2037, 617806
   2038, 618249
   2039, 618498
   2040, 618737
   2041, 619038
   2042, 619334
   2043, 619634
   2044, 619903
   2045, 620250
   2046, 620558
   2047, 620773
   2048, 621082
   2049, 621300
   2050, 621572
   2051, 621784
   2052, 622037
   2053, 622300
   2054, 622524
   2055, 622807
   2056, 623059
   2057, 623336
   2058, 623659
   2059, 623930
   2060, 624227
   2061, 624517
   2062, 624826
   2063, 625118
   2064, 625400
   2065, 625717
   2066, 625929
   2067, 626235
   2068, 626527
   2069, 626817
   2070, 627121
   2071, 627343
   2072, 627671
   2073, 628003
   2074, 628209
   2075, 628588
   2076, 628784
   2077, 629058
   2078, 629338
   2079, 629615
   2080, 629844
   2081, 630060
   2082, 630362
   2083, 630677
   2084, 630973
   2085, 631261
   2086, 631557
   2087, 631854
   2088, 632158
   2089, 632448
   2090, 632740
   2091, 633044
   2092, 633334
   2093, 633626
   2094, 633920
   2095, 634208
   2096, 634439
   2097, 634725
   2098, 635003
   2099, 635424
   2100, 635726
   2101, 635944
   2102, 636207
   2103, 636477
   2104, 636798
   2105, 637078
   2106, 637515
   2107, 637819
   2108, 638120
   2109, 638374
   2110, 638762
   2111, 639002
   2112, 639224
   2113, 639590
   2114, 639817
   2115, 640182
   2116, 640479
   2117, 640801
   2118, 641094
   2119, 641308
   2120, 641680
   2121, 641987
   2122, 642323
   2123, 642617
   2124, 642855
   2125, 643211
   2126, 643437
   2127, 643662
   2128, 643994
   2129, 644350
   2130, 644659
   2131, 644942
   2132, 645238
   2133, 645458
   2134, 645771
   2135, 646076
   2136, 646282
   2137, 646572
   2138, 646845
   2139, 647155
   2140, 647450
   2141, 647892
   2142, 648141
   2143, 648411
   2144, 648703
   2145, 648848
   2146, 649186
   2147, 649460
   2148, 649749
