      0,   1218
      1,   1529
      2,   1821
      3,   2125
      4,   2429
      5,   2727
      6,   3030
      7,   3335
      8,   3627
      9,   3929
     10,   4229
     11,   4535
     12,   4837
     13,   5132
     14,   5439
     15,   5746
     16,   6046
     17,   6351
     18,   6650
     19,   6947
     20,   7248
     21,   7540
     22,   7845
     23,   8147
     24,   8444
     25,   8744
     26,   9042
     27,   9347
     28,   9642
     29,   9938
     30,  10242
     31,  10542
     32,  10838
     33,  11144
     34,  11441
     35,  11748
     36,  12044
     37,  12339
     38,  12649
     39,  12953
     40,  13248
     41,  13554
     42,  13852
     43,  14159
     44,  14458
     45,  14759
     46,  15070
     47,  15371
     48,  15664
     49,  15966
     50,  16263
     51,  16556
     52,  16850
     53,  17144
     54,  17447
     55,  17747
     56,  17940
     57,  18291
     58,  18602
     59,  18912
     60,  19220
     61,  19526
     62,  19843
     63,  20151
     64,  20446
     65,  20744
     66,  21051
     67,  21353
     68,  21647
     69,  21949
     70,  22252
     71,  22547
     72,  22847
     73,  23151
     74,  23458
     75,  23763
     76,  24064
     77,  24376
     78,  24682
     79,  24982
     80,  25287
     81,  25592
     82,  25898
     83,  26204
     84,  26509
     85,  26817
     86,  27124
     87,  27428
     88,  27731
     89,  28043
     90,  28347
     91,  28644
     92,  28954
     93,  29258
     94,  29552
     95,  29852
     96,  30147
     97,  30449
     98,  30747
     99,  31035
    100,  31345
    101,  31653
    102,  31947
    103,  32249
    104,  32546
    105,  32848
    106,  33146
    107,  33441
    108,  33744
    109,  34041
    110,  34333
    111,  34631
    112,  34931
    113,  35240
    114,  35546
    115,  35851
    116,  36164
    117,  36471
    118,  36775
    119,  37081
    120,  37392
    121,  37701
    122,  38006
    123,  38317
    124,  38626
    125,  38929
    126,  39238
    127,  39543
    128,  39852
    129,  40157
    130,  40460
    131,  40778
    132,  41079
    133,  41376
    134,  41678
    135,  41988
    136,  42292
    137,  42590
    138,  42886
    139,  43194
    140,  43489
    141,  43793
    142,  44095
    143,  44400
    144,  44707
    145,  45008
    146,  45309
    147,  45619
    148,  45917
    149,  46215
    150,  46518
    151,  46817
    152,  47118
    153,  47415
    154,  47712
    155,  48019
    156,  48321
    157,  48619
    158,  48919
    159,  49225
    160,  49533
    161,  49834
    162,  50140
    163,  50444
    164,  50743
    165,  51040
    166,  51341
    167,  51644
    168,  51947
    169,  52248
    170,  52553
    171,  52860
    172,  53159
    173,  53463
    174,  53771
    175,  54080
    176,  54378
    177,  54674
    178,  54984
    179,  55289
    180,  55584
    181,  55883
    182,  56186
    183,  56492
    184,  56791
    185,  57090
    186,  57400
    187,  57703
    188,  58002
    189,  58305
    190,  58608
    191,  58910
    192,  59203
    193,  59507
    194,  59803
    195,  60105
    196,  60396
    197,  60699
    198,  61013
    199,  61312
    200,  61613
    201,  61920
    202,  62231
    203,  62529
    204,  62823
    205,  63127
    206,  63437
    207,  63731
    208,  64035
    209,  64337
    210,  64638
    211,  64936
    212,  65234
    213,  65539
    214,  65841
    215,  66145
    216,  66447
    217,  66752
    218,  67050
    219,  67347
    220,  67646
    221,  67948
    222,  68249
    223,  68546
    224,  68854
    225,  69160
    226,  69457
    227,  69751
    228,  70054
    229,  70357
    230,  70657
    231,  70956
    232,  71262
    233,  71560
    234,  71855
    235,  72155
    236,  72454
    237,  72757
    238,  73054
    239,  73348
    240,  73661
    241,  73967
    242,  74269
    243,  74568
    244,  74870
    245,  75179
    246,  75481
    247,  75774
    248,  76087
    249,  76395
    250,  76694
    251,  76996
    252,  77300
    253,  77617
    254,  77915
    255,  78223
    256,  78528
    257,  78836
    258,  79141
    259,  79444
    260,  79753
    261,  80056
    262,  80361
    263,  80679
    264,  80985
    265,  81297
    266,  81620
    267,  81930
    268,  82245
    269,  82545
    270,  82843
    271,  83163
    272,  83471
    273,  83778
    274,  84087
    275,  84395
    276,  84713
    277,  85028
    278,  85337
    279,  85651
    280,  85970
    281,  86286
    282,  86605
    283,  86934
    284,  87256
    285,  87578
    286,  87911
    287,  88232
    288,  88542
    289,  88857
    290,  89178
    291,  89495
    292,  89806
    293,  90124
    294,  90435
    295,  90742
    296,  91049
    297,  91347
    298,  91665
    299,  91971
    300,  92283
    301,  92593
    302,  92904
    303,  93214
    304,  93523
    305,  93835
    306,  94148
    307,  94453
    308,  94765
    309,  95078
    310,  95385
    311,  95701
    312,  96017
    313,  96333
    314,  96645
    315,  96954
    316,  97273
    317,  97587
    318,  97902
    319,  98220
    320,  98554
    321,  98879
    322,  99208
    323,  99557
    324,  99888
    325, 100213
    326, 100542
    327, 100870
    328, 101199
    329, 101517
    330, 101847
    331, 102166
    332, 102477
    333, 102792
    334, 103103
    335, 103417
    336, 103727
    337, 104036
    338, 104349
    339, 104656
    340, 104957
    341, 105268
    342, 105583
    343, 105887
    344, 106194
    345, 106515
    346, 106833
    347, 107143
    348, 107452
    349, 107766
    350, 108086
    351, 108393
    352, 108709
    353, 109030
    354, 109344
    355, 109657
    356, 109970
    357, 110279
    358, 110584
    359, 110885
    360, 111189
    361, 111498
    362, 111793
    363, 112101
    364, 112408
    365, 112721
    366, 113028
    367, 113328
    368, 113635
    369, 113945
    370, 114244
    371, 114541
    372, 114738
    373, 115094
    374, 115403
    375, 115712
    376, 115988
    377, 116141
    378, 116461
    379, 116783
    380, 117084
    381, 117392
    382, 117703
    383, 118006
    384, 118325
    385, 118637
    386, 118944
    387, 119253
    388, 119554
    389, 119860
    390, 120159
    391, 120347
    392, 120710
    393, 121034
    394, 121334
    395, 121636
    396, 121944
    397, 122241
    398, 122547
    399, 122845
    400, 123146
    401, 123445
    402, 123739
    403, 124034
    404, 124330
    405, 124633
    406, 124923
    407, 125229
    408, 125531
    409, 125835
    410, 126147
    411, 126464
    412, 126797
    413, 127118
    414, 127432
    415, 127758
    416, 128071
    417, 128380
    418, 128690
    419, 129007
    420, 129317
    421, 129625
    422, 129950
    423, 130265
    424, 130578
    425, 130892
    426, 131208
    427, 131531
    428, 131853
    429, 132187
    430, 132532
    431, 132864
    432, 133196
    433, 133519
    434, 133850
    435, 134175
    436, 134498
    437, 134822
    438, 135138
    439, 135460
    440, 135783
    441, 136103
    442, 136421
    443, 136735
    444, 137059
    445, 137374
    446, 137679
    447, 137996
    448, 138311
    449, 138620
    450, 138930
    451, 139245
    452, 139562
    453, 139877
    454, 140194
    455, 140504
    456, 140826
    457, 141142
    458, 141454
    459, 141778
    460, 142090
    461, 142400
    462, 142712
    463, 143019
    464, 143329
    465, 143631
    466, 143930
    467, 144238
    468, 144429
    469, 144767
    470, 145079
    471, 145387
    472, 145694
    473, 145989
    474, 146278
    475, 146576
    476, 146864
    477, 147068
    478, 147281
    479, 147446
    480, 147766
    481, 148059
    482, 148279
    483, 148430
    484, 148574
    485, 148788
    486, 149114
    487, 149423
    488, 149619
    489, 149770
    490, 149907
    491, 150051
    492, 150347
    493, 150685
    494, 150867
    495, 151025
    496, 151163
    497, 151561
    498, 151889
    499, 152218
    500, 152477
    501, 152852
    502, 153180
    503, 153526
    504, 153842
    505, 154160
    506, 154476
    507, 154798
    508, 155116
    509, 155312
    510, 155465
    511, 155688
    512, 156078
    513, 156419
    514, 156753
    515, 157086
    516, 157423
    517, 157753
    518, 158087
    519, 158363
    520, 158750
    521, 159083
    522, 159410
    523, 159742
    524, 160055
    525, 160378
    526, 160699
    527, 161015
    528, 161343
    529, 161659
    530, 161975
    531, 162294
    532, 162600
    533, 162913
    534, 163219
    535, 163516
    536, 163827
    537, 164143
    538, 164458
    539, 164777
    540, 165100
    541, 165419
    542, 165742
    543, 166065
    544, 166386
    545, 166714
    546, 167036
    547, 167359
    548, 167682
    549, 167993
    550, 168315
    551, 168630
    552, 168954
    553, 169275
    554, 169594
    555, 169923
    556, 170250
    557, 170587
    558, 170924
    559, 171253
    560, 171580
    561, 171897
    562, 172227
    563, 172548
    564, 172860
    565, 173186
    566, 173522
    567, 173848
    568, 174166
    569, 174503
    570, 174834
    571, 175163
    572, 175479
    573, 175808
    574, 176137
    575, 176460
    576, 176781
    577, 177124
    578, 177438
    579, 177773
    580, 178105
    581, 178444
    582, 178768
    583, 179103
    584, 179441
    585, 179777
    586, 180119
    587, 180456
    588, 180792
    589, 181121
    590, 181452
    591, 181795
    592, 182131
    593, 182470
    594, 182810
    595, 183150
    596, 183475
    597, 183807
    598, 184147
    599, 184479
    600, 184808
    601, 185131
    602, 185465
    603, 185787
    604, 186110
    605, 186448
    606, 186770
    607, 187100
    608, 187433
    609, 187767
    610, 188085
    611, 188410
    612, 188750
    613, 189062
    614, 189374
    615, 189709
    616, 190046
    617, 190383
    618, 190715
    619, 191053
    620, 191397
    621, 191732
    622, 192064
    623, 192410
    624, 192744
    625, 193069
    626, 193401
    627, 193725
    628, 194058
    629, 194386
    630, 194714
    631, 195042
    632, 195365
    633, 195703
    634, 196035
    635, 196359
    636, 196692
    637, 197026
    638, 197353
    639, 197684
    640, 198023
    641, 198350
    642, 198668
    643, 198988
    644, 199326
    645, 199651
    646, 199970
    647, 200209
    648, 200585
    649, 200920
    650, 201237
    651, 201558
    652, 201886
    653, 202205
    654, 202530
    655, 202858
    656, 203181
    657, 203505
    658, 203830
    659, 204157
    660, 204483
    661, 204805
    662, 205139
    663, 205463
    664, 205785
    665, 206115
    666, 206441
    667, 206755
    668, 207070
    669, 207399
    670, 207725
    671, 208048
    672, 208373
    673, 208710
    674, 209047
    675, 209379
    676, 209724
    677, 210064
    678, 210395
    679, 210724
    680, 211057
    681, 211394
    682, 211719
    683, 212055
    684, 212393
    685, 212718
    686, 213048
    687, 213383
    688, 213718
    689, 214051
    690, 214392
    691, 214730
    692, 215058
    693, 215394
    694, 215729
    695, 216059
    696, 216394
    697, 216733
    698, 217067
    699, 217397
    700, 217730
    701, 218064
    702, 218398
    703, 218723
    704, 219060
    705, 219394
    706, 219714
    707, 220037
    708, 220355
    709, 220683
    710, 220994
    711, 221306
    712, 221630
    713, 221946
    714, 222265
    715, 222564
    716, 222890
    717, 223206
    718, 223519
    719, 223830
    720, 224025
    721, 224375
    722, 224684
    723, 224987
    724, 225297
    725, 225498
    726, 225839
    727, 226156
    728, 226468
    729, 226768
    730, 227067
    731, 227383
    732, 227705
    733, 228011
    734, 228197
    735, 228342
    736, 228651
    737, 228983
    738, 229294
    739, 229497
    740, 229880
    741, 230202
    742, 230524
    743, 230841
    744, 231162
    745, 231481
    746, 231803
    747, 232001
    748, 232148
    749, 232300
    750, 232471
    751, 232718
    752, 233105
    753, 233437
    754, 233611
    755, 233758
    756, 233905
    757, 234233
    758, 234599
    759, 234928
    760, 235259
    761, 235600
    762, 235931
    763, 236269
    764, 236595
    765, 236936
    766, 237286
    767, 237632
    768, 237973
    769, 238312
    770, 238660
    771, 238998
    772, 239339
    773, 239671
    774, 240002
    775, 240337
    776, 240663
    777, 241021
    778, 241364
    779, 241696
    780, 242042
    781, 242393
    782, 242739
    783, 243078
    784, 243428
    785, 243777
    786, 244125
    787, 244466
    788, 244826
    789, 245171
    790, 245504
    791, 245846
    792, 246191
    793, 246542
    794, 246875
    795, 247217
    796, 247560
    797, 247897
    798, 248247
    799, 248593
    800, 248937
    801, 249281
    802, 249629
    803, 249965
    804, 250317
    805, 250671
    806, 251024
    807, 251367
    808, 251715
    809, 252066
    810, 252403
    811, 252747
    812, 253092
    813, 253440
    814, 253775
    815, 254120
    816, 254464
    817, 254798
    818, 255135
    819, 255481
    820, 255819
    821, 256157
    822, 256503
    823, 256855
    824, 257197
    825, 257548
    826, 257908
    827, 258250
    828, 258586
    829, 258940
    830, 259277
    831, 259608
    832, 259932
    833, 260268
    834, 260588
    835, 260915
    836, 261251
    837, 261568
    838, 261893
    839, 262225
    840, 262554
    841, 262878
    842, 263206
    843, 263541
    844, 263860
    845, 264182
    846, 264501
    847, 264841
    848, 265166
    849, 265489
    850, 265820
    851, 266152
    852, 266478
    853, 266797
    854, 267131
    855, 267469
    856, 267801
    857, 268155
    858, 268496
    859, 268839
    860, 269178
    861, 269519
    862, 269858
    863, 270195
    864, 270535
    865, 270860
    866, 271180
    867, 271515
    868, 271850
    869, 272189
    870, 272529
    871, 272878
    872, 273224
    873, 273562
    874, 273901
    875, 274253
    876, 274594
    877, 274926
    878, 275271
    879, 275600
    880, 275928
    881, 276266
    882, 276605
    883, 276942
    884, 277269
    885, 277612
    886, 277940
    887, 278274
    888, 278609
    889, 278939
    890, 279270
    891, 279599
    892, 279943
    893, 280277
    894, 280604
    895, 280933
    896, 281261
    897, 281601
    898, 281928
    899, 282264
    900, 282600
    901, 282929
    902, 283247
    903, 283580
    904, 283908
    905, 284226
    906, 284554
    907, 284882
    908, 285213
    909, 285543
    910, 285886
    911, 286232
    912, 286562
    913, 286912
    914, 287247
    915, 287568
    916, 287903
    917, 288243
    918, 288572
    919, 288897
    920, 289241
    921, 289585
    922, 289913
    923, 290251
    924, 290591
    925, 290933
    926, 291269
    927, 291613
    928, 291951
    929, 292280
    930, 292607
    931, 292939
    932, 293258
    933, 293572
    934, 293907
    935, 294228
    936, 294550
    937, 294873
    938, 295209
    939, 295539
    940, 295859
    941, 296051
    942, 296423
    943, 296753
    944, 297075
    945, 297396
    946, 297733
    947, 298065
    948, 298400
    949, 298623
    950, 298994
    951, 299338
    952, 299673
    953, 299991
    954, 300229
    955, 300595
    956, 300925
    957, 301249
    958, 301561
    959, 301876
    960, 302206
    961, 302543
    962, 302858
    963, 303193
    964, 303518
    965, 303846
    966, 304182
    967, 304521
    968, 304747
    969, 305130
    970, 305471
    971, 305805
    972, 306136
    973, 306431
    974, 306787
    975, 307112
    976, 307445
    977, 307630
    978, 307780
    979, 308018
    980, 308368
    981, 308721
    982, 309064
    983, 309402
    984, 309602
    985, 309986
    986, 310345
    987, 310689
    988, 311025
    989, 311370
    990, 311720
    991, 312071
    992, 312406
    993, 312750
    994, 313089
    995, 313424
    996, 313773
    997, 314113
    998, 314458
    999, 314807
   1000, 315171
   1001, 315526
   1002, 315871
   1003, 316229
   1004, 316569
   1005, 316907
   1006, 317269
   1007, 317619
   1008, 317958
   1009, 318300
   1010, 318649
   1011, 318995
   1012, 319330
   1013, 319679
   1014, 320014
   1015, 320352
   1016, 320694
   1017, 321039
   1018, 321378
   1019, 321715
   1020, 322050
   1021, 322382
   1022, 322715
   1023, 323047
   1024, 323380
   1025, 323702
   1026, 324022
   1027, 324359
   1028, 324683
   1029, 325006
   1030, 325340
   1031, 325688
   1032, 326021
   1033, 326347
   1034, 326686
   1035, 327014
   1036, 327353
   1037, 327681
   1038, 328017
   1039, 328346
   1040, 328560
   1041, 328957
   1042, 329306
   1043, 329642
   1044, 329982
   1045, 330317
   1046, 330646
   1047, 330981
   1048, 331325
   1049, 331668
   1050, 332002
   1051, 332333
   1052, 332683
   1053, 333015
   1054, 333346
   1055, 333549
   1056, 333930
   1057, 334277
   1058, 334613
   1059, 334949
   1060, 335274
   1061, 335606
   1062, 335940
   1063, 336275
   1064, 336584
   1065, 336919
   1066, 337259
   1067, 337588
   1068, 337917
   1069, 338254
   1070, 338592
   1071, 338934
   1072, 339263
   1073, 339615
   1074, 339958
   1075, 340307
   1076, 340664
   1077, 341013
   1078, 341362
   1079, 341727
   1080, 342097
   1081, 342460
   1082, 342838
   1083, 343210
   1084, 343565
   1085, 343921
   1086, 344281
   1087, 344643
   1088, 344982
   1089, 345335
   1090, 345688
   1091, 346032
   1092, 346378
   1093, 346729
   1094, 347058
   1095, 347401
   1096, 347740
   1097, 348077
   1098, 348411
   1099, 348758
   1100, 349115
   1101, 349464
   1102, 349827
   1103, 350199
   1104, 350562
   1105, 350932
   1106, 351309
   1107, 351682
   1108, 352044
   1109, 352418
   1110, 352776
   1111, 353126
   1112, 353478
   1113, 353826
   1114, 354171
   1115, 354516
   1116, 354857
   1117, 355190
   1118, 355531
   1119, 355869
   1120, 356202
   1121, 356538
   1122, 356894
   1123, 357244
   1124, 357588
   1125, 357934
   1126, 358290
   1127, 358640
   1128, 358976
   1129, 359328
   1130, 359662
   1131, 359998
   1132, 360339
   1133, 360677
   1134, 360922
   1135, 361293
   1136, 361642
   1137, 361977
   1138, 362298
   1139, 362630
   1140, 362974
   1141, 363303
   1142, 363632
   1143, 363966
   1144, 364308
   1145, 364646
   1146, 364977
   1147, 365173
   1148, 365331
   1149, 365701
   1150, 366050
   1151, 366394
   1152, 366723
   1153, 366922
   1154, 367310
   1155, 367655
   1156, 367994
   1157, 368323
   1158, 368668
   1159, 369005
   1160, 369341
   1161, 369676
   1162, 370020
   1163, 370371
   1164, 370715
   1165, 371071
   1166, 371421
   1167, 371770
   1168, 372125
   1169, 372478
   1170, 372824
   1171, 373177
   1172, 373533
   1173, 373878
   1174, 374237
   1175, 374596
   1176, 374964
   1177, 375317
   1178, 375682
   1179, 376028
   1180, 376364
   1181, 376707
   1182, 377058
   1183, 377405
   1184, 377745
   1185, 378106
   1186, 378451
   1187, 378789
   1188, 379135
   1189, 379474
   1190, 379809
   1191, 380137
   1192, 380476
   1193, 380808
   1194, 381148
   1195, 381492
   1196, 381844
   1197, 382185
   1198, 382537
   1199, 382890
   1200, 383234
   1201, 383579
   1202, 383922
   1203, 384272
   1204, 384618
   1205, 384984
   1206, 385339
   1207, 385687
   1208, 386050
   1209, 386418
   1210, 386768
   1211, 387115
   1212, 387463
   1213, 387803
   1214, 388149
   1215, 388488
   1216, 388822
   1217, 389164
   1218, 389502
   1219, 389836
   1220, 390177
   1221, 390507
   1222, 390848
   1223, 391181
   1224, 391474
   1225, 391822
   1226, 392158
   1227, 392480
   1228, 392801
   1229, 392995
   1230, 393140
   1231, 393506
   1232, 393829
   1233, 394164
   1234, 394465
   1235, 394810
   1236, 395136
   1237, 395464
   1238, 395663
   1239, 395868
   1240, 396246
   1241, 396597
   1242, 396928
   1243, 397138
   1244, 397302
   1245, 397665
   1246, 398018
   1247, 398352
   1248, 398681
   1249, 399031
   1250, 399368
   1251, 399710
   1252, 399896
   1253, 400052
   1254, 400422
   1255, 400762
   1256, 401102
   1257, 401435
   1258, 401766
   1259, 402093
   1260, 402428
   1261, 402754
   1262, 403084
   1263, 403429
   1264, 403766
   1265, 404085
   1266, 404401
   1267, 404721
   1268, 405052
   1269, 405370
   1270, 405670
   1271, 406015
   1272, 406331
   1273, 406659
   1274, 406974
   1275, 407312
   1276, 407635
   1277, 407967
   1278, 408308
   1279, 408639
   1280, 408966
   1281, 409309
   1282, 409662
   1283, 409999
   1284, 410342
   1285, 410692
   1286, 411030
   1287, 411358
   1288, 411707
   1289, 412062
   1290, 412399
   1291, 412737
   1292, 413084
   1293, 413420
   1294, 413754
   1295, 414082
   1296, 414421
   1297, 414745
   1298, 415069
   1299, 415404
   1300, 415727
   1301, 416054
   1302, 416379
   1303, 416643
   1304, 416809
   1305, 417148
   1306, 417505
   1307, 417846
   1308, 418167
   1309, 418505
   1310, 418849
   1311, 419183
   1312, 419508
   1313, 419846
   1314, 420190
   1315, 420522
   1316, 420852
   1317, 421189
   1318, 421523
   1319, 421857
   1320, 422200
   1321, 422542
   1322, 422873
   1323, 423210
   1324, 423546
   1325, 423867
   1326, 424188
   1327, 424524
   1328, 424846
   1329, 425163
   1330, 425481
   1331, 425815
   1332, 426148
   1333, 426484
   1334, 426826
   1335, 427172
   1336, 427519
   1337, 427848
   1338, 428194
   1339, 428539
   1340, 428863
   1341, 429207
   1342, 429537
   1343, 429860
   1344, 430186
   1345, 430519
   1346, 430853
   1347, 431177
   1348, 431516
   1349, 431849
   1350, 432174
   1351, 432515
   1352, 432862
   1353, 433199
   1354, 433535
   1355, 433884
   1356, 434222
   1357, 434557
   1358, 434898
   1359, 435237
   1360, 435563
   1361, 435884
   1362, 436219
   1363, 436546
   1364, 436805
   1365, 437174
   1366, 437508
   1367, 437837
   1368, 438034
   1369, 438410
   1370, 438759
   1371, 439093
   1372, 439439
   1373, 439763
   1374, 440100
   1375, 440423
   1376, 440748
   1377, 441075
   1378, 441393
   1379, 441703
   1380, 441902
   1381, 442255
   1382, 442566
   1383, 442879
   1384, 443101
   1385, 443264
   1386, 443598
   1387, 443919
   1388, 444246
   1389, 444443
   1390, 444594
   1391, 444736
   1392, 444903
   1393, 445256
   1394, 445608
   1395, 445856
   1396, 446040
   1397, 446379
   1398, 446756
   1399, 447103
   1400, 447298
   1401, 447440
   1402, 447749
   1403, 448094
   1404, 448432
   1405, 448763
   1406, 449090
   1407, 449415
   1408, 449732
   1409, 449950
   1410, 450108
   1411, 450481
   1412, 450823
   1413, 451165
   1414, 451507
   1415, 451849
   1416, 452187
   1417, 452529
   1418, 452864
   1419, 453196
   1420, 453528
   1421, 453877
   1422, 454207
   1423, 454443
   1424, 454838
   1425, 455172
   1426, 455490
   1427, 455763
   1428, 456100
   1429, 456427
   1430, 456734
   1431, 457052
   1432, 457352
   1433, 457650
   1434, 457959
   1435, 458234
   1436, 458414
   1437, 458742
   1438, 459083
   1439, 459421
   1440, 459752
   1441, 460080
   1442, 460420
   1443, 460758
   1444, 461086
   1445, 461399
   1446, 461730
   1447, 462060
   1448, 462383
   1449, 462709
   1450, 463031
   1451, 463366
   1452, 463680
   1453, 464015
   1454, 464336
   1455, 464649
   1456, 464969
   1457, 465282
   1458, 465600
   1459, 465925
   1460, 466238
   1461, 466562
   1462, 466881
   1463, 467203
   1464, 467521
   1465, 467736
   1466, 468120
   1467, 468446
   1468, 468788
   1469, 469107
   1470, 469424
   1471, 469742
   1472, 470063
   1473, 470384
   1474, 470696
   1475, 471020
   1476, 471350
   1477, 471666
   1478, 471992
   1479, 472323
   1480, 472652
   1481, 472976
   1482, 473300
   1483, 473636
   1484, 473964
   1485, 474293
   1486, 474633
   1487, 474979
   1488, 475305
   1489, 475642
   1490, 475973
   1491, 476302
   1492, 476644
   1493, 476982
   1494, 477316
   1495, 477651
   1496, 477993
   1497, 478333
   1498, 478663
   1499, 478986
   1500, 479316
   1501, 479636
   1502, 479959
   1503, 480284
   1504, 480615
   1505, 480946
   1506, 481276
   1507, 481602
   1508, 481946
   1509, 482274
   1510, 482608
   1511, 482940
   1512, 483281
   1513, 483613
   1514, 483943
   1515, 484272
   1516, 484594
   1517, 484926
   1518, 485257
   1519, 485581
   1520, 485912
   1521, 486235
   1522, 486573
   1523, 486898
   1524, 487225
   1525, 487561
   1526, 487879
   1527, 488072
   1528, 488428
   1529, 488752
   1530, 489068
   1531, 489374
   1532, 489706
   1533, 490038
   1534, 490355
   1535, 490676
   1536, 491004
   1537, 491328
   1538, 491645
   1539, 491969
   1540, 492299
   1541, 492623
   1542, 492944
   1543, 493267
   1544, 493595
   1545, 493916
   1546, 494249
   1547, 494578
   1548, 494897
   1549, 495224
   1550, 495550
   1551, 495873
   1552, 496188
   1553, 496508
   1554, 496835
   1555, 497158
   1556, 497475
   1557, 497799
   1558, 498128
   1559, 498449
   1560, 498763
   1561, 499089
   1562, 499408
   1563, 499723
   1564, 500037
   1565, 500342
   1566, 500652
   1567, 500952
   1568, 501253
   1569, 501557
   1570, 501862
   1571, 502173
   1572, 502487
   1573, 502780
   1574, 503127
   1575, 503443
   1576, 503776
   1577, 504097
   1578, 504409
   1579, 504732
   1580, 505054
   1581, 505374
   1582, 505692
   1583, 506018
   1584, 506346
   1585, 506667
   1586, 506988
   1587, 507300
   1588, 507621
   1589, 507924
   1590, 508232
   1591, 508546
   1592, 508854
   1593, 509159
   1594, 509468
   1595, 509787
   1596, 510105
   1597, 510416
   1598, 510743
   1599, 511075
   1600, 511268
   1601, 511432
   1602, 511732
   1603, 512138
   1604, 512489
   1605, 512820
   1606, 513159
   1607, 513490
   1608, 513814
   1609, 514137
   1610, 514462
   1611, 514778
   1612, 515096
   1613, 515434
   1614, 515753
   1615, 516069
   1616, 516396
   1617, 516726
   1618, 517044
   1619, 517358
   1620, 517683
   1621, 517997
   1622, 518301
   1623, 518486
   1624, 518834
   1625, 519150
   1626, 519451
   1627, 519748
   1628, 520065
   1629, 520363
   1630, 520656
   1631, 520954
   1632, 521261
   1633, 521571
   1634, 521876
   1635, 522185
   1636, 522491
   1637, 522789
   1638, 523095
   1639, 523407
   1640, 523710
   1641, 524000
   1642, 524300
   1643, 524605
   1644, 524905
   1645, 525194
   1646, 525488
   1647, 525787
   1648, 526100
   1649, 526410
   1650, 526728
   1651, 527045
   1652, 527359
   1653, 527678
   1654, 527996
   1655, 528321
   1656, 528633
   1657, 528944
   1658, 529269
   1659, 529584
   1660, 529894
   1661, 530203
   1662, 530521
   1663, 530833
   1664, 531152
   1665, 531465
   1666, 531779
   1667, 532084
   1668, 532389
   1669, 532689
   1670, 533005
   1671, 533309
   1672, 533603
   1673, 533904
   1674, 534211
   1675, 534518
   1676, 534826
   1677, 535050
   1678, 535420
   1679, 535735
   1680, 536040
   1681, 536357
   1682, 536668
   1683, 536973
   1684, 537283
   1685, 537605
   1686, 537920
   1687, 538233
   1688, 538556
   1689, 538872
   1690, 539183
   1691, 539502
   1692, 539822
   1693, 540140
   1694, 540453
   1695, 540774
   1696, 541100
   1697, 541412
   1698, 541735
   1699, 542057
   1700, 542381
   1701, 542697
   1702, 543007
   1703, 543340
   1704, 543655
   1705, 543957
   1706, 544265
   1707, 544581
   1708, 544890
   1709, 545198
   1710, 545517
   1711, 545835
   1712, 546149
   1713, 546463
   1714, 546778
   1715, 547097
   1716, 547407
   1717, 547716
   1718, 548031
   1719, 548337
   1720, 548644
   1721, 548957
   1722, 549275
   1723, 549583
   1724, 549892
   1725, 550216
   1726, 550531
   1727, 550834
   1728, 551156
   1729, 551477
   1730, 551792
   1731, 552095
   1732, 552410
   1733, 552726
   1734, 553029
   1735, 553331
   1736, 553637
   1737, 553940
   1738, 554223
   1739, 554410
   1740, 554755
   1741, 555051
   1742, 555347
   1743, 555532
   1744, 555879
   1745, 556196
   1746, 556505
   1747, 556808
   1748, 557129
   1749, 557447
   1750, 557752
   1751, 557979
   1752, 558157
   1753, 558526
   1754, 558876
   1755, 559191
   1756, 559525
   1757, 559850
   1758, 560170
   1759, 560484
   1760, 560788
   1761, 561091
   1762, 561392
   1763, 561709
   1764, 562017
   1765, 562325
   1766, 562638
   1767, 562953
   1768, 563264
   1769, 563578
   1770, 563895
   1771, 564211
   1772, 564518
   1773, 564830
   1774, 565141
   1775, 565459
   1776, 565765
   1777, 566072
   1778, 566395
   1779, 566710
   1780, 567017
   1781, 567333
   1782, 567651
   1783, 567970
   1784, 568280
   1785, 568591
   1786, 568906
   1787, 569226
   1788, 569535
   1789, 569846
   1790, 570172
   1791, 570486
   1792, 570797
   1793, 571126
   1794, 571448
   1795, 571766
   1796, 572087
   1797, 572403
   1798, 572723
   1799, 573037
   1800, 573358
   1801, 573677
   1802, 573989
   1803, 574308
   1804, 574623
   1805, 574945
   1806, 575256
   1807, 575559
   1808, 575877
   1809, 576189
   1810, 576500
   1811, 576813
   1812, 577130
   1813, 577439
   1814, 577745
   1815, 578068
   1816, 578381
   1817, 578686
   1818, 578992
   1819, 579303
   1820, 579621
   1821, 579926
   1822, 580243
   1823, 580570
   1824, 580882
   1825, 581203
   1826, 581523
   1827, 581841
   1828, 582158
   1829, 582470
   1830, 582793
   1831, 583114
   1832, 583430
   1833, 583750
   1834, 584078
   1835, 584399
   1836, 584716
   1837, 585044
   1838, 585359
   1839, 585667
   1840, 585986
   1841, 586307
   1842, 586620
   1843, 586928
   1844, 587252
   1845, 587568
   1846, 587879
   1847, 588194
   1848, 588506
   1849, 588823
   1850, 589136
   1851, 589452
   1852, 589769
   1853, 590076
   1854, 590387
   1855, 590699
   1856, 591017
   1857, 591327
   1858, 591634
   1859, 591951
   1860, 592260
   1861, 592567
   1862, 592870
   1863, 593178
   1864, 593500
   1865, 593801
   1866, 594114
   1867, 594429
   1868, 594730
   1869, 595047
   1870, 595353
   1871, 595662
   1872, 595973
   1873, 596280
   1874, 596598
   1875, 596908
   1876, 597215
   1877, 597543
   1878, 597861
   1879, 598180
   1880, 598500
   1881, 598820
   1882, 599143
   1883, 599455
   1884, 599777
   1885, 600098
   1886, 600418
   1887, 600690
   1888, 601045
   1889, 601376
   1890, 601695
   1891, 602009
   1892, 602317
   1893, 602646
   1894, 602958
   1895, 603262
   1896, 603591
   1897, 603911
   1898, 604219
   1899, 604537
   1900, 604863
   1901, 605190
   1902, 605511
   1903, 605828
   1904, 606150
   1905, 606480
   1906, 606796
   1907, 607114
   1908, 607440
   1909, 607758
   1910, 608073
   1911, 608391
   1912, 608699
   1913, 609009
   1914, 609318
   1915, 609640
   1916, 609954
   1917, 610266
   1918, 610593
   1919, 610907
   1920, 611091
   1921, 611459
   1922, 611779
   1923, 612094
   1924, 612406
   1925, 612722
   1926, 613037
   1927, 613343
   1928, 613650
   1929, 613966
   1930, 614286
   1931, 614598
   1932, 614915
   1933, 615246
   1934, 615562
   1935, 615872
   1936, 616181
   1937, 616502
   1938, 616819
   1939, 617128
   1940, 617450
   1941, 617771
   1942, 618090
   1943, 618407
   1944, 618723
   1945, 619048
   1946, 619368
   1947, 619698
   1948, 620027
   1949, 620342
   1950, 620666
   1951, 620983
   1952, 621297
   1953, 621607
   1954, 621925
   1955, 622241
   1956, 622555
   1957, 622874
   1958, 623196
   1959, 623528
   1960, 623849
   1961, 624163
   1962, 624488
   1963, 624804
   1964, 625116
   1965, 625432
   1966, 625754
   1967, 626069
   1968, 626377
   1969, 626698
   1970, 627012
   1971, 627315
   1972, 627627
   1973, 627938
   1974, 628255
   1975, 628571
   1976, 628880
   1977, 629197
   1978, 629512
   1979, 629827
   1980, 630143
   1981, 630466
   1982, 630783
   1983, 631102
   1984, 631434
   1985, 631749
   1986, 632065
   1987, 632382
   1988, 632694
   1989, 633005
   1990, 633317
   1991, 633625
   1992, 633933
   1993, 634229
   1994, 634538
   1995, 634852
   1996, 635163
   1997, 635475
   1998, 635785
   1999, 636110
   2000, 636428
   2001, 636622
   2002, 636990
   2003, 637321
   2004, 637653
   2005, 637969
   2006, 638302
   2007, 638622
   2008, 638936
   2009, 639255
   2010, 639560
   2011, 639883
   2012, 640198
   2013, 640508
   2014, 640821
   2015, 641137
   2016, 641455
   2017, 641769
   2018, 642087
   2019, 642408
   2020, 642722
   2021, 643046
   2022, 643237
   2023, 643592
   2024, 643920
   2025, 644242
   2026, 644569
   2027, 644893
   2028, 645223
   2029, 645550
   2030, 645747
   2031, 646111
   2032, 646458
   2033, 646791
   2034, 647102
   2035, 647415
   2036, 647735
   2037, 648045
   2038, 648351
   2039, 648661
   2040, 648978
   2041, 649289
   2042, 649595
   2043, 649916
