      0,   1253
      1,   1444
      2,   1816
      3,   2075
      4,   2361
      5,   2533
      6,   2836
      7,   3068
      8,   3536
      9,   3809
     10,   4133
     11,   4493
     12,   4848
     13,   5096
     14,   5359
     15,   5552
     16,   5860
     17,   6102
     18,   6354
     19,   6525
     20,   6884
     21,   7219
     22,   7516
     23,   7703
     24,   8075
     25,   8304
     26,   8549
     27,   8819
     28,   9250
     29,   9518
     30,   9789
     31,  10107
     32,  10378
     33,  10651
     34,  10831
     35,  11137
     36,  11395
     37,  11690
     38,  11866
     39,  12159
     40,  12401
     41,  12754
     42,  13030
     43,  13220
     44,  13501
     45,  13741
     46,  14009
     47,  14248
     48,  14554
     49,  14806
     50,  14982
     51,  15345
     52,  15577
     53,  15845
     54,  16096
     55,  16550
     56,  16938
     57,  17209
     58,  17437
     59,  17693
     60,  17921
     61,  18217
     62,  18476
     63,  18769
     64,  19082
     65,  19284
     66,  19649
     67,  19873
     68,  20152
     69,  20312
     70,  20664
     71,  20921
     72,  21254
     73,  21494
     74,  21767
     75,  21990
     76,  22248
     77,  22414
     78,  22742
     79,  23004
     80,  23332
     81,  23776
     82,  24109
     83,  24365
     84,  24605
     85,  24891
     86,  25208
     87,  25397
     88,  25712
     89,  25960
     90,  26186
     91,  26357
     92,  26629
     93,  26872
     94,  27157
     95,  27326
     96,  27702
     97,  27968
     98,  28189
     99,  28422
    100,  28582
    101,  29070
    102,  29335
    103,  29641
    104,  29959
    105,  30137
    106,  30438
    107,  30672
    108,  30888
    109,  31135
    110,  31559
    111,  31804
    112,  32172
    113,  32447
    114,  32631
    115,  33003
    116,  33272
    117,  33448
    118,  33760
    119,  34023
    120,  34288
    121,  34530
    122,  34692
    123,  34979
    124,  35239
    125,  35682
    126,  35941
    127,  36212
    128,  36780
    129,  37012
    130,  37253
    131,  37418
    132,  37861
    133,  38111
    134,  38434
    135,  38703
    136,  38952
    137,  39256
    138,  39570
    139,  39734
    140,  40028
    141,  40275
    142,  40517
    143,  40699
    144,  41029
    145,  41354
    146,  41578
    147,  41792
    148,  41969
    149,  42346
    150,  42666
    151,  42843
    152,  43140
    153,  43375
    154,  43601
    155,  43818
    156,  44054
    157,  44348
    158,  44852
    159,  45125
    160,  45630
    161,  45875
    162,  46164
    163,  46647
    164,  46918
    165,  47158
    166,  47408
    167,  47579
    168,  47878
    169,  48144
    170,  48580
    171,  48859
    172,  49167
    173,  49351
    174,  49637
    175,  49858
    176,  50078
    177,  50244
    178,  50579
    179,  51068
    180,  51389
    181,  51561
    182,  51854
    183,  52145
    184,  52318
    185,  52610
    186,  52881
    187,  53123
    188,  53470
    189,  53740
    190,  53993
    191,  54265
    192,  54631
    193,  54878
    194,  55114
    195,  55293
    196,  55632
    197,  55880
    198,  56154
    199,  56361
    200,  56659
    201,  56905
    202,  57363
    203,  57622
    204,  57853
    205,  58036
    206,  58354
    207,  58583
    208,  58822
    209,  58985
    210,  59273
    211,  59499
    212,  59787
    213,  60048
    214,  60468
    215,  60703
    216,  60950
    217,  61111
    218,  61427
    219,  61735
    220,  61912
    221,  62362
    222,  62647
    223,  62816
    224,  63130
    225,  63367
    226,  63597
    227,  63853
    228,  64028
    229,  64312
    230,  64550
    231,  64780
    232,  64941
    233,  65254
    234,  65478
    235,  65732
    236,  65905
    237,  66299
    238,  66754
    239,  67055
    240,  67221
    241,  67524
    242,  67771
    243,  68048
    244,  68229
    245,  68516
    246,  68995
    247,  69326
    248,  69568
    249,  70013
    250,  70336
    251,  70571
    252,  70904
    253,  71203
    254,  71373
    255,  71707
    256,  72024
    257,  72303
    258,  72589
    259,  72774
    260,  73121
    261,  73607
    262,  74102
    263,  74624
    264,  74905
    265,  75079
    266,  75371
    267,  75611
    268,  75835
    269,  76059
    270,  76314
    271,  76573
    272,  77129
    273,  77408
    274,  77687
    275,  77865
    276,  78119
    277,  78332
    278,  78572
    279,  78750
    280,  79068
    281,  79317
    282,  79685
    283,  79953
    284,  80132
    285,  80445
    286,  80664
    287,  80893
    288,  81208
    289,  81385
    290,  81728
    291,  82058
    292,  82224
    293,  82543
    294,  82777
    295,  82997
    296,  83253
    297,  83428
    298,  83755
    299,  83977
    300,  84276
    301,  84573
    302,  84732
    303,  85064
    304,  85310
    305,  85564
    306,  86046
    307,  86291
    308,  86521
    309,  86687
    310,  86975
    311,  87231
    312,  87581
    313,  87765
    314,  88119
    315,  88349
    316,  88607
    317,  88774
    318,  89181
    319,  89343
    320,  89680
    321,  89935
    322,  90352
    323,  90599
    324,  90830
    325,  91080
    326,  91301
    327,  91513
    328,  91737
    329,  91978
    330,  92261
    331,  92523
    332,  92987
    333,  93204
    334,  93426
    335,  93996
    336,  94247
    337,  94491
    338,  94662
    339,  94987
    340,  95215
    341,  95467
    342,  95734
    343,  95970
    344,  96200
    345,  96382
    346,  96726
    347,  96958
    348,  97229
    349,  97516
    350,  98009
    351,  98242
    352,  98457
    353,  98695
    354,  99178
    355,  99383
    356,  99671
    357,  99918
    358, 100138
    359, 100318
    360, 100613
    361, 100900
    362, 101078
    363, 101433
    364, 101676
    365, 101903
    366, 102117
    367, 102343
    368, 102596
    369, 102871
    370, 103069
    371, 103365
    372, 103624
    373, 103900
    374, 104069
    375, 104380
    376, 104654
    377, 104833
    378, 105193
    379, 105520
    380, 105693
    381, 106112
    382, 106349
    383, 106558
    384, 106782
    385, 106960
    386, 107258
    387, 107495
    388, 107739
    389, 107907
    390, 108183
    391, 108489
    392, 108664
    393, 108946
    394, 109578
    395, 109811
    396, 110066
    397, 110232
    398, 110527
    399, 110738
    400, 111095
    401, 111357
    402, 111648
    403, 111825
    404, 112189
    405, 112464
    406, 112632
    407, 112886
    408, 113112
    409, 113381
    410, 113575
    411, 113864
    412, 114097
    413, 114345
    414, 114626
    415, 114995
    416, 115220
    417, 115450
    418, 115710
    419, 115933
    420, 116161
    421, 116354
    422, 116622
    423, 116838
    424, 117147
    425, 117653
    426, 117957
    427, 118134
    428, 118480
    429, 118717
    430, 118945
    431, 119249
    432, 119481
    433, 119711
    434, 119882
    435, 120234
    436, 120484
    437, 120780
    438, 121098
    439, 121257
    440, 121550
    441, 121813
    442, 122058
    443, 122303
    444, 122581
    445, 122977
    446, 123415
    447, 123645
    448, 123893
    449, 124357
    450, 124598
    451, 124913
    452, 125333
    453, 125639
    454, 125924
    455, 126098
    456, 126445
    457, 126671
    458, 126890
    459, 127130
    460, 127307
    461, 127630
    462, 128053
    463, 128333
    464, 128510
    465, 128877
    466, 129098
    467, 129324
    468, 129586
    469, 129821
    470, 130087
    471, 130319
    472, 130558
    473, 131112
    474, 131379
    475, 131563
    476, 131886
    477, 132211
    478, 132427
    479, 132651
    480, 132899
    481, 133073
    482, 133374
    483, 133811
    484, 134039
    485, 134252
    486, 134417
    487, 134686
    488, 135139
    489, 135419
    490, 135694
    491, 135870
    492, 136197
    493, 136408
    494, 136636
    495, 136794
    496, 137088
    497, 137334
    498, 137583
    499, 137755
    500, 138081
    501, 138362
    502, 138531
    503, 138823
    504, 139047
    505, 139373
    506, 139597
    507, 139827
    508, 140048
    509, 140370
    510, 140605
    511, 140811
    512, 140992
    513, 141289
    514, 141630
    515, 141943
    516, 142129
    517, 142493
    518, 142721
    519, 142951
    520, 143172
    521, 143342
    522, 143630
    523, 143902
    524, 144142
    525, 144365
    526, 144544
    527, 144820
    528, 145089
    529, 145263
    530, 145577
    531, 145862
    532, 146049
    533, 146416
    534, 146635
    535, 146881
    536, 147109
    537, 147308
    538, 147594
    539, 147751
    540, 148101
    541, 148333
    542, 148564
    543, 148799
    544, 149023
    545, 149267
    546, 149441
    547, 149754
    548, 150012
    549, 150211
    550, 150536
    551, 150822
    552, 151117
    553, 151278
    554, 151610
    555, 151851
    556, 152163
    557, 152347
    558, 152706
    559, 152963
    560, 153151
    561, 153408
    562, 153661
    563, 153883
    564, 154107
    565, 154286
    566, 154603
    567, 154833
    568, 155122
    569, 155377
    570, 155594
    571, 155844
    572, 156141
    573, 156311
    574, 156682
    575, 156939
    576, 157191
    577, 157415
    578, 157606
    579, 157852
    580, 158059
    581, 158290
    582, 158624
    583, 158849
    584, 159105
    585, 159348
    586, 159593
    587, 159823
    588, 160051
    589, 160260
    590, 160486
    591, 160711
    592, 160894
    593, 161292
    594, 161552
    595, 161781
    596, 161971
    597, 162217
    598, 162428
    599, 162645
    600, 162843
    601, 163135
    602, 163372
    603, 163638
    604, 163935
    605, 164097
    606, 164440
    607, 164682
    608, 164859
    609, 165177
    610, 165461
    611, 165681
    612, 165923
    613, 166103
    614, 166457
    615, 166691
    616, 166941
    617, 167128
    618, 167457
    619, 167710
    620, 167943
    621, 168291
    622, 168528
    623, 168756
    624, 168923
    625, 169230
    626, 169449
    627, 169681
    628, 169856
    629, 170171
    630, 170437
    631, 170674
    632, 170948
    633, 171351
    634, 171686
    635, 171987
    636, 172167
    637, 172555
    638, 172804
    639, 173037
    640, 173272
    641, 173596
    642, 173896
    643, 174078
    644, 174451
    645, 174743
    646, 174918
    647, 175205
    648, 175433
    649, 175725
    650, 175977
    651, 176303
    652, 176550
    653, 176813
    654, 177046
    655, 177336
    656, 177738
    657, 178018
    658, 178571
    659, 178826
    660, 179065
    661, 179370
    662, 179593
    663, 179840
    664, 180000
    665, 180311
    666, 180576
    667, 180843
    668, 181031
    669, 181365
    670, 181597
    671, 181856
    672, 182165
    673, 182332
    674, 182670
    675, 182968
    676, 183150
    677, 183508
    678, 183937
    679, 184178
    680, 184391
    681, 184649
    682, 184901
    683, 185147
    684, 185404
    685, 185578
    686, 185988
    687, 186249
    688, 186506
    689, 186687
    690, 186980
    691, 187282
    692, 187459
    693, 187838
    694, 188066
    695, 188268
    696, 188481
    697, 188661
    698, 188948
    699, 189188
    700, 189429
    701, 189604
    702, 189887
    703, 190128
    704, 190380
    705, 190542
    706, 190799
    707, 191084
    708, 191275
    709, 191625
    710, 191873
    711, 192145
    712, 192319
    713, 192608
    714, 192849
    715, 193181
    716, 193434
    717, 193709
    718, 193920
    719, 194137
    720, 194392
    721, 194689
    722, 194946
    723, 195173
    724, 195397
    725, 195583
    726, 195876
    727, 196110
    728, 196353
    729, 196538
    730, 196871
    731, 197139
    732, 197310
    733, 197578
    734, 197883
    735, 198074
    736, 198385
    737, 198614
    738, 198812
    739, 199015
    740, 199264
    741, 199449
    742, 199682
    743, 199874
    744, 200245
    745, 200488
    746, 200702
    747, 200884
    748, 201175
    749, 201456
    750, 201986
    751, 202267
    752, 202513
    753, 202791
    754, 202968
    755, 203236
    756, 203445
    757, 203651
    758, 203845
    759, 204102
    760, 204440
    761, 204724
    762, 204949
    763, 205161
    764, 205340
    765, 205615
    766, 205889
    767, 206058
    768, 206369
    769, 206663
    770, 206910
    771, 207105
    772, 207378
    773, 207593
    774, 207814
    775, 207996
    776, 208389
    777, 208604
    778, 208885
    779, 209060
    780, 209352
    781, 209603
    782, 209789
    783, 210026
    784, 210280
    785, 210510
    786, 210780
    787, 211071
    788, 211373
    789, 211549
    790, 211862
    791, 212105
    792, 212350
    793, 212536
    794, 212780
    795, 213009
    796, 213264
    797, 213445
    798, 213827
    799, 214091
    800, 214261
    801, 214609
    802, 214836
    803, 215173
    804, 215419
    805, 215662
    806, 215892
    807, 216065
    808, 216328
    809, 216733
    810, 217005
    811, 217183
    812, 217540
    813, 217808
    814, 218061
    815, 218241
    816, 218506
    817, 218732
    818, 218966
    819, 219218
    820, 219437
    821, 219719
    822, 219897
    823, 220238
    824, 220595
    825, 220842
    826, 221100
    827, 221286
    828, 221639
    829, 221895
    830, 222141
    831, 222362
    832, 222540
    833, 222826
    834, 223045
    835, 223269
    836, 223451
    837, 223717
    838, 224062
    839, 224336
    840, 224575
    841, 224801
    842, 224963
    843, 225252
    844, 225550
    845, 225829
    846, 226061
    847, 226346
    848, 226579
    849, 226876
    850, 227325
    851, 227699
    852, 227966
    853, 228217
    854, 228457
    855, 228739
    856, 228942
    857, 229160
    858, 229415
    859, 229618
    860, 229920
    861, 230187
    862, 230413
    863, 230711
    864, 230937
    865, 231443
    866, 231658
    867, 232129
    868, 232392
    869, 232749
    870, 232984
    871, 233223
    872, 233395
    873, 233679
    874, 233904
    875, 234145
    876, 234327
    877, 234701
    878, 234935
    879, 235195
    880, 235579
    881, 235832
    882, 236092
    883, 236266
    884, 236588
    885, 236868
    886, 237054
    887, 237352
    888, 237693
    889, 237952
    890, 238226
    891, 238394
    892, 238717
    893, 238944
    894, 239211
    895, 239391
    896, 239694
    897, 239919
    898, 240155
    899, 240380
    900, 240585
    901, 240825
    902, 241017
    903, 241351
    904, 241632
    905, 241823
    906, 242093
    907, 242313
    908, 242525
    909, 242732
    910, 242949
    911, 243228
    912, 243500
    913, 243728
    914, 243997
    915, 244239
    916, 244463
    917, 244690
    918, 244907
    919, 245176
    920, 245362
    921, 245628
    922, 245867
    923, 246107
    924, 246294
    925, 246589
    926, 246794
    927, 247054
    928, 247349
    929, 247637
    930, 247821
    931, 248129
    932, 248394
    933, 248567
    934, 248881
    935, 249157
    936, 249336
    937, 249618
    938, 249869
    939, 250204
    940, 250487
    941, 250658
    942, 250923
    943, 251162
    944, 251384
    945, 251593
    946, 251780
    947, 252140
    948, 252361
    949, 252629
    950, 252820
    951, 253025
    952, 253229
    953, 253407
    954, 253727
    955, 254016
    956, 254195
    957, 254493
    958, 254756
    959, 254931
    960, 255205
    961, 255607
    962, 255862
    963, 256126
    964, 256309
    965, 256618
    966, 256895
    967, 257083
    968, 257349
    969, 257562
    970, 257792
    971, 258021
    972, 258263
    973, 258506
    974, 258749
    975, 258939
    976, 259195
    977, 259407
    978, 259659
    979, 259893
    980, 260128
    981, 260311
    982, 260621
    983, 260837
    984, 261090
    985, 261257
    986, 261537
    987, 261788
    988, 261960
    989, 262278
    990, 262571
    991, 262754
    992, 263081
    993, 263314
    994, 263563
    995, 263745
    996, 264141
    997, 264378
    998, 264626
    999, 264816
   1000, 265103
   1001, 265365
   1002, 265588
   1003, 265817
   1004, 265980
   1005, 266280
   1006, 266511
   1007, 266768
   1008, 266995
   1009, 267220
   1010, 267479
   1011, 267723
   1012, 267919
   1013, 268155
   1014, 268380
   1015, 268718
   1016, 268995
   1017, 269228
   1018, 269409
   1019, 269702
   1020, 269950
   1021, 270177
   1022, 270345
   1023, 270625
   1024, 270833
   1025, 271080
   1026, 271248
   1027, 271604
   1028, 272021
   1029, 272431
   1030, 272668
   1031, 272904
   1032, 273080
   1033, 273350
   1034, 273812
   1035, 273995
   1036, 274357
   1037, 274839
   1038, 275200
   1039, 275573
   1040, 275826
   1041, 276068
   1042, 276316
   1043, 276491
   1044, 276769
   1045, 277001
   1046, 277240
   1047, 277476
   1048, 277710
   1049, 277889
   1050, 278180
   1051, 278496
   1052, 278759
   1053, 278989
   1054, 279226
   1055, 279585
   1056, 280063
   1057, 280555
   1058, 280824
   1059, 280985
   1060, 281295
   1061, 281546
   1062, 281781
   1063, 282137
   1064, 282411
   1065, 282597
   1066, 282808
   1067, 282945
   1068, 283294
   1069, 283549
   1070, 283773
   1071, 284011
   1072, 284179
   1073, 284568
   1074, 284808
   1075, 285220
   1076, 285437
   1077, 285812
   1078, 286057
   1079, 286290
   1080, 286572
   1081, 286875
   1082, 287051
   1083, 287471
   1084, 287778
   1085, 288004
   1086, 288246
   1087, 288507
   1088, 288678
   1089, 289173
   1090, 289422
   1091, 289594
   1092, 289884
   1093, 290124
   1094, 290528
   1095, 290784
   1096, 291033
   1097, 291286
   1098, 291457
   1099, 291747
   1100, 291908
   1101, 292228
   1102, 292627
   1103, 292880
   1104, 293177
   1105, 293468
   1106, 293649
   1107, 294140
   1108, 294380
   1109, 294595
   1110, 294833
   1111, 295013
   1112, 295296
   1113, 295543
   1114, 295771
   1115, 296122
   1116, 296379
   1117, 296554
   1118, 296875
   1119, 297276
   1120, 297620
   1121, 297945
   1122, 298405
   1123, 298763
   1124, 298977
   1125, 299300
   1126, 299531
   1127, 299791
   1128, 300022
   1129, 300248
   1130, 300426
   1131, 300711
   1132, 300976
   1133, 301149
   1134, 301537
   1135, 301782
   1136, 302035
   1137, 302219
   1138, 302494
   1139, 302713
   1140, 302937
   1141, 303109
   1142, 303258
   1143, 303448
   1144, 303749
   1145, 304124
   1146, 304477
   1147, 304733
   1148, 304952
   1149, 305203
   1150, 305512
   1151, 305683
   1152, 306004
   1153, 306368
   1154, 306606
   1155, 306820
   1156, 307036
   1157, 307203
   1158, 307487
   1159, 307714
   1160, 307983
   1161, 308427
   1162, 308723
   1163, 308887
   1164, 309234
   1165, 309481
   1166, 309702
   1167, 309997
   1168, 310228
   1169, 310493
   1170, 310905
   1171, 311155
   1172, 311432
   1173, 311598
   1174, 311857
   1175, 312084
   1176, 312357
   1177, 312534
   1178, 312867
   1179, 313099
   1180, 313303
   1181, 313750
   1182, 313961
   1183, 314195
   1184, 314388
   1185, 314676
   1186, 314935
   1187, 315227
   1188, 315449
   1189, 315776
   1190, 316026
   1191, 316260
   1192, 316434
   1193, 316729
   1194, 316982
   1195, 317285
   1196, 317435
   1197, 317780
   1198, 317990
   1199, 318183
   1200, 318466
   1201, 318703
   1202, 318948
   1203, 319137
   1204, 319446
   1205, 319685
   1206, 319922
   1207, 320158
   1208, 320422
   1209, 320674
   1210, 320958
   1211, 321224
   1212, 321474
   1213, 321645
   1214, 321999
   1215, 322224
   1216, 322482
   1217, 322723
   1218, 322943
   1219, 323172
   1220, 323358
   1221, 323709
   1222, 323988
   1223, 324154
   1224, 324498
   1225, 324752
   1226, 325068
   1227, 325294
   1228, 325520
   1229, 325808
   1230, 325985
   1231, 326265
   1232, 326575
   1233, 326733
   1234, 327151
   1235, 327432
   1236, 327666
   1237, 327887
   1238, 328061
   1239, 328559
   1240, 329046
   1241, 329385
   1242, 329711
   1243, 329971
   1244, 330211
   1245, 330432
   1246, 330651
   1247, 330821
   1248, 331113
   1249, 331380
   1250, 331556
   1251, 332049
   1252, 332308
   1253, 332539
   1254, 332725
   1255, 333087
   1256, 333296
   1257, 333567
   1258, 333820
   1259, 334062
   1260, 334312
   1261, 334487
   1262, 334889
   1263, 335100
   1264, 335330
   1265, 335589
   1266, 335821
   1267, 336114
   1268, 336392
   1269, 336623
   1270, 336866
   1271, 337117
   1272, 337480
   1273, 337769
   1274, 337939
   1275, 338274
   1276, 338515
   1277, 338761
   1278, 338987
   1279, 339157
   1280, 339457
   1281, 339670
   1282, 339909
   1283, 340141
   1284, 340393
   1285, 340657
   1286, 340901
   1287, 341176
   1288, 341345
   1289, 341694
   1290, 341933
   1291, 342317
   1292, 342555
   1293, 342812
   1294, 342986
   1295, 343317
   1296, 343546
   1297, 343840
   1298, 344095
   1299, 344266
   1300, 344533
   1301, 344754
   1302, 344976
   1303, 345167
   1304, 345458
   1305, 345697
   1306, 345936
   1307, 346157
   1308, 346397
   1309, 346617
   1310, 346833
   1311, 347082
   1312, 347472
   1313, 347673
   1314, 347935
   1315, 348124
   1316, 348577
   1317, 348881
   1318, 349055
   1319, 349362
   1320, 349632
   1321, 349799
   1322, 350114
   1323, 350386
   1324, 350555
   1325, 350874
   1326, 351125
   1327, 351335
   1328, 351634
   1329, 351877
   1330, 352182
   1331, 352395
   1332, 352606
   1333, 352806
   1334, 353018
   1335, 353265
   1336, 353540
   1337, 353822
   1338, 353996
   1339, 354318
   1340, 354542
   1341, 354768
   1342, 354934
   1343, 355280
   1344, 355509
   1345, 355768
   1346, 355996
   1347, 356216
   1348, 356433
   1349, 356673
   1350, 356908
   1351, 357129
   1352, 357300
   1353, 357629
   1354, 358028
   1355, 358365
   1356, 358605
   1357, 358818
   1358, 359054
   1359, 359217
   1360, 359481
   1361, 359763
   1362, 359936
   1363, 360302
   1364, 360544
   1365, 360787
   1366, 360954
   1367, 361282
   1368, 361524
   1369, 361922
   1370, 362198
   1371, 362368
   1372, 362686
   1373, 363006
   1374, 363226
   1375, 363483
   1376, 363656
   1377, 363938
   1378, 364181
   1379, 364409
   1380, 364680
   1381, 364853
   1382, 365161
   1383, 365402
   1384, 365575
   1385, 365890
   1386, 366195
   1387, 366363
   1388, 366707
   1389, 366943
   1390, 367238
   1391, 367397
   1392, 367693
   1393, 367928
   1394, 368109
   1395, 368393
   1396, 368568
   1397, 369020
   1398, 369276
   1399, 369555
   1400, 369715
   1401, 370009
   1402, 370243
   1403, 370479
   1404, 370667
   1405, 371021
   1406, 371315
   1407, 371490
   1408, 371852
   1409, 372073
   1410, 372295
   1411, 372540
   1412, 372722
   1413, 373054
   1414, 373379
   1415, 373550
   1416, 373919
   1417, 374176
   1418, 374477
   1419, 374750
   1420, 375009
   1421, 375194
   1422, 375540
   1423, 375880
   1424, 376108
   1425, 376416
   1426, 376582
   1427, 376876
   1428, 377114
   1429, 377350
   1430, 377582
   1431, 377762
   1432, 378057
   1433, 378442
   1434, 378663
   1435, 378899
   1436, 379126
   1437, 379375
   1438, 379608
   1439, 379862
   1440, 380069
   1441, 380328
   1442, 380554
   1443, 380781
   1444, 380961
   1445, 381315
   1446, 381558
   1447, 381804
   1448, 381974
   1449, 382246
   1450, 382662
   1451, 382893
   1452, 383120
   1453, 383352
   1454, 383535
   1455, 383830
   1456, 384227
   1457, 384494
   1458, 384729
   1459, 384964
   1460, 385212
   1461, 385383
   1462, 385714
   1463, 385979
   1464, 386277
   1465, 386451
   1466, 386789
   1467, 387023
   1468, 387200
   1469, 387525
   1470, 387925
   1471, 388247
   1472, 388514
   1473, 388742
   1474, 388985
   1475, 389167
   1476, 389494
   1477, 389717
   1478, 389971
   1479, 390140
   1480, 390518
   1481, 390775
   1482, 391015
   1483, 391523
   1484, 391756
   1485, 392002
   1486, 392184
   1487, 392733
   1488, 393210
   1489, 393537
   1490, 393796
   1491, 394083
   1492, 394255
   1493, 394610
   1494, 395060
   1495, 395323
   1496, 395489
   1497, 395751
   1498, 396149
   1499, 396400
   1500, 396645
   1501, 396888
   1502, 397196
   1503, 397612
   1504, 397870
   1505, 398048
   1506, 398441
   1507, 398924
   1508, 399174
   1509, 399448
   1510, 399615
   1511, 399946
   1512, 400187
   1513, 400447
   1514, 400619
   1515, 400921
   1516, 401157
   1517, 401619
   1518, 401926
   1519, 402145
   1520, 402371
   1521, 402675
   1522, 402848
   1523, 403174
   1524, 403429
   1525, 403655
   1526, 403879
   1527, 404049
   1528, 404351
   1529, 404634
   1530, 404796
   1531, 405084
   1532, 405329
   1533, 405595
   1534, 405778
   1535, 406143
   1536, 406380
   1537, 406624
   1538, 406796
   1539, 407199
   1540, 407491
   1541, 407937
   1542, 408369
   1543, 408621
   1544, 408788
   1545, 409082
   1546, 409305
   1547, 409547
   1548, 409730
   1549, 410083
   1550, 410400
   1551, 410575
   1552, 410910
   1553, 411135
   1554, 411370
   1555, 411555
   1556, 411929
   1557, 412171
   1558, 412422
   1559, 412608
   1560, 412923
   1561, 413217
   1562, 413388
   1563, 413919
   1564, 414165
   1565, 414391
   1566, 414706
   1567, 414916
   1568, 415199
   1569, 415436
   1570, 415675
   1571, 415924
   1572, 416096
   1573, 416462
   1574, 416618
   1575, 416942
   1576, 417199
   1577, 417424
   1578, 417653
   1579, 417938
   1580, 418209
   1581, 418470
   1582, 418766
   1583, 419086
   1584, 419319
   1585, 419586
   1586, 419991
   1587, 420226
   1588, 420478
   1589, 420747
   1590, 420917
   1591, 421211
   1592, 421430
   1593, 421714
   1594, 422020
   1595, 422189
   1596, 422538
   1597, 422802
   1598, 423062
   1599, 423232
   1600, 423545
   1601, 423772
   1602, 423992
   1603, 424232
   1604, 424397
   1605, 424718
   1606, 424979
   1607, 425162
   1608, 425490
   1609, 425739
   1610, 425984
   1611, 426155
   1612, 426508
   1613, 426843
   1614, 427088
   1615, 427312
   1616, 427572
   1617, 427732
   1618, 428046
   1619, 428351
   1620, 428604
   1621, 429008
   1622, 429347
   1623, 429656
   1624, 429904
   1625, 430141
   1626, 430432
   1627, 430740
   1628, 430913
   1629, 431235
   1630, 431487
   1631, 431736
   1632, 431927
   1633, 432192
   1634, 432407
   1635, 432736
   1636, 432969
   1637, 433189
   1638, 433404
   1639, 433846
   1640, 434283
   1641, 434513
   1642, 434740
   1643, 435167
   1644, 435410
   1645, 435672
   1646, 435979
   1647, 436226
   1648, 436514
   1649, 437018
   1650, 437184
   1651, 437466
   1652, 437703
   1653, 437927
   1654, 438141
   1655, 438415
   1656, 438656
   1657, 439076
   1658, 439415
   1659, 439721
   1660, 439909
   1661, 440222
   1662, 440627
   1663, 440848
   1664, 441072
   1665, 441252
   1666, 441504
   1667, 441766
   1668, 441963
   1669, 442256
   1670, 442506
   1671, 442790
   1672, 442953
   1673, 443255
   1674, 443493
   1675, 443813
   1676, 444069
   1677, 444311
   1678, 444591
   1679, 444758
   1680, 445045
   1681, 445310
   1682, 445506
   1683, 445784
   1684, 446210
   1685, 446474
   1686, 446741
   1687, 447155
   1688, 447388
   1689, 447671
   1690, 447836
   1691, 448393
   1692, 448831
   1693, 449108
   1694, 449275
   1695, 449584
   1696, 449897
   1697, 450060
   1698, 450366
   1699, 450699
   1700, 450942
   1701, 451186
   1702, 451362
   1703, 451651
   1704, 451973
   1705, 452137
   1706, 452465
   1707, 452718
   1708, 453208
   1709, 453686
   1710, 453909
   1711, 454275
   1712, 454693
   1713, 454938
   1714, 455201
   1715, 455380
   1716, 455790
   1717, 456032
   1718, 456281
   1719, 456448
   1720, 456849
   1721, 457323
   1722, 457587
   1723, 457875
   1724, 458038
   1725, 458437
   1726, 458679
   1727, 458903
   1728, 459250
   1729, 459572
   1730, 459833
   1731, 460004
   1732, 460288
   1733, 460599
   1734, 460763
   1735, 461075
   1736, 461432
   1737, 461682
   1738, 461942
   1739, 462116
   1740, 462405
   1741, 462622
   1742, 462868
   1743, 463044
   1744, 463347
   1745, 463639
   1746, 463901
   1747, 464077
   1748, 464362
   1749, 464588
   1750, 464860
   1751, 465018
   1752, 465347
   1753, 465590
   1754, 465841
   1755, 466149
   1756, 466412
   1757, 466668
   1758, 466920
   1759, 467251
   1760, 467744
   1761, 468310
   1762, 468559
   1763, 468729
   1764, 469075
   1765, 469296
   1766, 469503
   1767, 469981
   1768, 470403
   1769, 470638
   1770, 470894
   1771, 471061
   1772, 471421
   1773, 471822
   1774, 472040
   1775, 472270
   1776, 472518
   1777, 472695
   1778, 473004
   1779, 473234
   1780, 473449
   1781, 473709
   1782, 473939
   1783, 474171
   1784, 474397
   1785, 474695
   1786, 474961
   1787, 475292
   1788, 475502
   1789, 475731
   1790, 476021
   1791, 476277
   1792, 476687
   1793, 477137
   1794, 477390
   1795, 477580
   1796, 477838
   1797, 478074
   1798, 478399
   1799, 478643
   1800, 479079
   1801, 479333
   1802, 479720
   1803, 480150
   1804, 480383
   1805, 480614
   1806, 480940
   1807, 481203
   1808, 481518
   1809, 481845
   1810, 482010
   1811, 482477
   1812, 482744
   1813, 483065
   1814, 483338
   1815, 483879
   1816, 484124
   1817, 484445
   1818, 484672
   1819, 484914
   1820, 485392
   1821, 485863
   1822, 486084
   1823, 486391
   1824, 486631
   1825, 486852
   1826, 487130
   1827, 487380
   1828, 487633
   1829, 487944
   1830, 488393
   1831, 488649
   1832, 488817
   1833, 489240
   1834, 489514
   1835, 489763
   1836, 489940
   1837, 490237
   1838, 490795
   1839, 491020
   1840, 491337
   1841, 491587
   1842, 491860
   1843, 492315
   1844, 492574
   1845, 492743
   1846, 493039
   1847, 493270
   1848, 493527
   1849, 493796
   1850, 494063
   1851, 494343
   1852, 494583
   1853, 494926
   1854, 495249
   1855, 495504
   1856, 495785
   1857, 496122
   1858, 496388
   1859, 496686
   1860, 496855
   1861, 497161
   1862, 497411
   1863, 497648
   1864, 497963
   1865, 498405
   1866, 498717
   1867, 498882
   1868, 499296
   1869, 499745
   1870, 500007
   1871, 500297
   1872, 500647
   1873, 500935
   1874, 501364
   1875, 501600
   1876, 502032
   1877, 502583
   1878, 502829
   1879, 503089
   1880, 503251
   1881, 503619
   1882, 504021
   1883, 504346
   1884, 504675
   1885, 505257
   1886, 505501
   1887, 505793
   1888, 506298
   1889, 506566
   1890, 506749
   1891, 507072
   1892, 507418
   1893, 507660
   1894, 508010
   1895, 508351
   1896, 508636
   1897, 509059
   1898, 509338
   1899, 509598
   1900, 509776
   1901, 510117
   1902, 510437
   1903, 510602
   1904, 510893
   1905, 511149
   1906, 511460
   1907, 511638
   1908, 511930
   1909, 512188
   1910, 512353
   1911, 512671
   1912, 512945
   1913, 513247
   1914, 513530
   1915, 513829
   1916, 514119
   1917, 514358
   1918, 514651
   1919, 514828
   1920, 515206
   1921, 515686
   1922, 515936
   1923, 516224
   1924, 516547
   1925, 516806
   1926, 517079
   1927, 517621
   1928, 517965
   1929, 518216
   1930, 518481
   1931, 518744
   1932, 518986
   1933, 519224
   1934, 519475
   1935, 519654
   1936, 519996
   1937, 520250
   1938, 520490
   1939, 521024
   1940, 521344
   1941, 521614
   1942, 521872
   1943, 522066
   1944, 522383
   1945, 522607
   1946, 522841
   1947, 523064
   1948, 523301
   1949, 523692
   1950, 524040
   1951, 524283
   1952, 524591
   1953, 524851
   1954, 525074
   1955, 525332
   1956, 525725
   1957, 525988
   1958, 526169
   1959, 526591
   1960, 527113
   1961, 527433
   1962, 527662
   1963, 527845
   1964, 528268
   1965, 528547
   1966, 528786
   1967, 528973
   1968, 529232
   1969, 529455
   1970, 529686
   1971, 529936
   1972, 530155
   1973, 530390
   1974, 530625
   1975, 530810
   1976, 531151
   1977, 531409
   1978, 531693
   1979, 531968
   1980, 532286
   1981, 532600
   1982, 532905
   1983, 533200
   1984, 533442
   1985, 533667
   1986, 533905
   1987, 534235
   1988, 534556
   1989, 534728
   1990, 535086
   1991, 535343
   1992, 535517
   1993, 536040
   1994, 536287
   1995, 536618
   1996, 536875
   1997, 537315
   1998, 537716
   1999, 538036
   2000, 538278
   2001, 538549
   2002, 538851
   2003, 539107
   2004, 539452
   2005, 539721
   2006, 539967
   2007, 540212
   2008, 540485
   2009, 540724
   2010, 541287
   2011, 541539
   2012, 541801
   2013, 542045
   2014, 542284
   2015, 542684
   2016, 543018
   2017, 543298
   2018, 543592
   2019, 543895
   2020, 544157
   2021, 544361
   2022, 544698
   2023, 545014
   2024, 545256
   2025, 545529
   2026, 545840
   2027, 546187
   2028, 546444
   2029, 546677
   2030, 546973
   2031, 547336
   2032, 547582
   2033, 547938
   2034, 548270
   2035, 548523
   2036, 548795
   2037, 549031
   2038, 549294
   2039, 549599
   2040, 549848
   2041, 550251
   2042, 550531
   2043, 550707
   2044, 551218
   2045, 551457
   2046, 551624
   2047, 551990
   2048, 552276
   2049, 552582
   2050, 552838
   2051, 553253
   2052, 553515
   2053, 553920
   2054, 554215
   2055, 554396
   2056, 554718
   2057, 555037
   2058, 555262
   2059, 555540
   2060, 555772
   2061, 556084
   2062, 556340
   2063, 556633
   2064, 556956
   2065, 557202
   2066, 557447
   2067, 557743
   2068, 557974
   2069, 558224
   2070, 558551
   2071, 558858
   2072, 559121
   2073, 559520
   2074, 559810
   2075, 559972
   2076, 560326
   2077, 560581
   2078, 560850
   2079, 561162
   2080, 561458
   2081, 561635
   2082, 561917
   2083, 562349
   2084, 562597
   2085, 562836
   2086, 563154
   2087, 563656
   2088, 563896
   2089, 564121
   2090, 564317
   2091, 564575
   2092, 564867
   2093, 565127
   2094, 565453
   2095, 565697
   2096, 566011
   2097, 566238
   2098, 566462
   2099, 566682
   2100, 566857
   2101, 567163
   2102, 567626
   2103, 568034
   2104, 568409
   2105, 568656
   2106, 568878
   2107, 569146
   2108, 569435
   2109, 569675
   2110, 569916
   2111, 570198
   2112, 570516
   2113, 570767
   2114, 571008
   2115, 571436
   2116, 571793
   2117, 572084
   2118, 572345
   2119, 572605
   2120, 572830
   2121, 572993
   2122, 573303
   2123, 573552
   2124, 573804
   2125, 574095
   2126, 574365
   2127, 574762
   2128, 574998
   2129, 575298
   2130, 575566
   2131, 575825
   2132, 576148
   2133, 576662
   2134, 576972
   2135, 577193
   2136, 577433
   2137, 577658
   2138, 577889
   2139, 578134
   2140, 578470
   2141, 578719
   2142, 578948
   2143, 579172
   2144, 579426
   2145, 579702
   2146, 579955
   2147, 580334
   2148, 580797
   2149, 581042
   2150, 581274
   2151, 581499
   2152, 581802
   2153, 582061
   2154, 582374
   2155, 582642
   2156, 582881
   2157, 583109
   2158, 583332
   2159, 583544
   2160, 583707
   2161, 584036
   2162, 584364
   2163, 584813
   2164, 585064
   2165, 585248
   2166, 585497
   2167, 585710
   2168, 585922
   2169, 586149
   2170, 586380
   2171, 586557
   2172, 586936
   2173, 587169
   2174, 587407
   2175, 587660
   2176, 587983
   2177, 588229
   2178, 588621
   2179, 588885
   2180, 589061
   2181, 589428
   2182, 589690
   2183, 589981
   2184, 590232
   2185, 590626
   2186, 591098
   2187, 591483
   2188, 591710
   2189, 591932
   2190, 592187
   2191, 592448
   2192, 592841
   2193, 593277
   2194, 593603
   2195, 593835
   2196, 594059
   2197, 594306
   2198, 594537
   2199, 594771
   2200, 595012
   2201, 595464
   2202, 595758
   2203, 595990
   2204, 596258
   2205, 596497
   2206, 596810
   2207, 597097
   2208, 597343
   2209, 597676
   2210, 597994
   2211, 598263
   2212, 598533
   2213, 598775
   2214, 598986
   2215, 599221
   2216, 599485
   2217, 599777
   2218, 600036
   2219, 600308
   2220, 600543
   2221, 600807
   2222, 600951
   2223, 601290
   2224, 601549
   2225, 601873
   2226, 602114
   2227, 602367
   2228, 602592
   2229, 603052
   2230, 603287
   2231, 603708
   2232, 603981
   2233, 604241
   2234, 604483
   2235, 604743
   2236, 604990
   2237, 605231
   2238, 605462
   2239, 605740
   2240, 605990
   2241, 606315
   2242, 606567
   2243, 606807
   2244, 607027
   2245, 607281
   2246, 607529
   2247, 607768
   2248, 608166
   2249, 608403
   2250, 608640
   2251, 608889
   2252, 609202
   2253, 609482
   2254, 609737
   2255, 609908
   2256, 610253
   2257, 610544
   2258, 610802
   2259, 611078
   2260, 611407
   2261, 611808
   2262, 612157
   2263, 612417
   2264, 612704
   2265, 613021
   2266, 613255
   2267, 613477
   2268, 613696
   2269, 613950
   2270, 614377
   2271, 614643
   2272, 614937
   2273, 615202
   2274, 615753
   2275, 616145
   2276, 616418
   2277, 616774
   2278, 617260
   2279, 617697
   2280, 617938
   2281, 618174
   2282, 618542
   2283, 618798
   2284, 618980
   2285, 619339
   2286, 619671
   2287, 619892
   2288, 620131
   2289, 620355
   2290, 620554
   2291, 620864
   2292, 621126
   2293, 621361
   2294, 621800
   2295, 622045
   2296, 622284
   2297, 622716
   2298, 622964
   2299, 623135
   2300, 623459
   2301, 623775
   2302, 624062
   2303, 624356
   2304, 624590
   2305, 624835
   2306, 625115
   2307, 625378
   2308, 625672
   2309, 626151
   2310, 626459
   2311, 626770
   2312, 627001
   2313, 627422
   2314, 627693
   2315, 628042
   2316, 628280
   2317, 628540
   2318, 628776
   2319, 629039
   2320, 629300
   2321, 629567
   2322, 629826
   2323, 630166
   2324, 630455
   2325, 630698
   2326, 630988
   2327, 631307
   2328, 631536
   2329, 631785
   2330, 632089
   2331, 632358
   2332, 632669
   2333, 632908
   2334, 633156
   2335, 633425
   2336, 633728
   2337, 633966
   2338, 634342
   2339, 634689
   2340, 634934
   2341, 635103
   2342, 635505
   2343, 635912
   2344, 636160
   2345, 636429
   2346, 636666
   2347, 636957
   2348, 637447
   2349, 637713
   2350, 638035
   2351, 638279
   2352, 638534
   2353, 638800
   2354, 639150
   2355, 639560
   2356, 639862
   2357, 640082
   2358, 640315
   2359, 640589
   2360, 640878
   2361, 641175
   2362, 641451
   2363, 641700
   2364, 641996
   2365, 642278
   2366, 642674
   2367, 642984
   2368, 643277
   2369, 643579
   2370, 643861
   2371, 644099
   2372, 644325
   2373, 644561
   2374, 644803
   2375, 645065
   2376, 645325
   2377, 645609
   2378, 645846
   2379, 646087
   2380, 646340
   2381, 646647
   2382, 647080
   2383, 647332
   2384, 647596
   2385, 647977
   2386, 648299
   2387, 648547
   2388, 648774
   2389, 648987
   2390, 649247
   2391, 649542
   2392, 649820
