      0,   1197
      1,   1484
      2,   1781
      3,   2075
      4,   2338
      5,   2648
      6,   2943
      7,   3194
      8,   3524
      9,   3836
     10,   4112
     11,   4409
     12,   4700
     13,   4979
     14,   5239
     15,   5581
     16,   5900
     17,   6197
     18,   6494
     19,   6780
     20,   7035
     21,   7341
     22,   7624
     23,   7905
     24,   8212
     25,   8492
     26,   9308
     27,   9615
     28,  10200
     29,  10525
     30,  10796
     31,  11081
     32,  11366
     33,  11645
     34,  11918
     35,  12258
     36,  12555
     37,  12834
     38,  13409
     39,  13683
     40,  13971
     41,  14268
     42,  14561
     43,  14877
     44,  15146
     45,  15432
     46,  15716
     47,  15965
     48,  16279
     49,  16575
     50,  16863
     51,  17152
     52,  17417
     53,  17724
     54,  18000
     55,  18258
     56,  18577
     57,  18864
     58,  19157
     59,  19440
     60,  19715
     61,  20004
     62,  20286
     63,  20546
     64,  20882
     65,  21176
     66,  21460
     67,  21739
     68,  22051
     69,  22308
     70,  22588
     71,  22916
     72,  23206
     73,  23450
     74,  23790
     75,  24087
     76,  24351
     77,  24637
     78,  24924
     79,  25222
     80,  25539
     81,  25809
     82,  26130
     83,  26404
     84,  26684
     85,  26991
     86,  27283
     87,  27607
     88,  27899
     89,  28193
     90,  28461
     91,  28772
     92,  29050
     93,  29346
     94,  29668
     95,  29957
     96,  30233
     97,  30548
     98,  30828
     99,  31093
    100,  31402
    101,  31696
    102,  31985
    103,  32280
    104,  32571
    105,  32830
    106,  33130
    107,  33394
    108,  33701
    109,  33998
    110,  34295
    111,  34595
    112,  34902
    113,  35193
    114,  35487
    115,  35805
    116,  36126
    117,  36437
    118,  36746
    119,  37062
    120,  37322
    121,  37636
    122,  37964
    123,  38282
    124,  38606
    125,  38918
    126,  39224
    127,  39526
    128,  39822
    129,  40020
    130,  40143
    131,  40467
    132,  40781
    133,  41041
    134,  41366
    135,  41669
    136,  41865
    137,  41948
    138,  42277
    139,  42579
    140,  42871
    141,  43476
    142,  43756
    143,  44350
    144,  44654
    145,  45243
    146,  45538
    147,  46096
    148,  46387
    149,  46696
    150,  46982
    151,  47276
    152,  47820
    153,  48110
    154,  48381
    155,  48657
    156,  48975
    157,  49538
    158,  49812
    159,  50098
    160,  50667
    161,  50970
    162,  51569
    163,  51851
    164,  52172
    165,  52715
    166,  53045
    167,  53640
    168,  53928
    169,  54501
    170,  54817
    171,  55118
    172,  55403
    173,  55727
    174,  56027
    175,  56320
    176,  56607
    177,  56911
    178,  57175
    179,  57483
    180,  57795
    181,  58097
    182,  58378
    183,  58689
    184,  58954
    185,  59249
    186,  59553
    187,  59857
    188,  60104
    189,  60451
    190,  60720
    191,  61030
    192,  61298
    193,  61595
    194,  61890
    195,  62195
    196,  62485
    197,  62803
    198,  63080
    199,  63363
    200,  63672
    201,  63959
    202,  64292
    203,  64603
    204,  64915
    205,  65210
    206,  65517
    207,  65821
    208,  66137
    209,  66427
    210,  66754
    211,  67061
    212,  67329
    213,  67652
    214,  67917
    215,  68222
    216,  68546
    217,  68846
    218,  69143
    219,  69437
    220,  69696
    221,  70008
    222,  70295
    223,  70594
    224,  70922
    225,  71209
    226,  71473
    227,  71785
    228,  72059
    229,  72343
    230,  72658
    231,  72951
    232,  73238
    233,  73554
    234,  73809
    235,  74123
    236,  74405
    237,  74666
    238,  75004
    239,  75337
    240,  75642
    241,  75922
    242,  76197
    243,  76485
    244,  76780
    245,  77087
    246,  77396
    247,  77666
    248,  77989
    249,  78263
    250,  78561
    251,  78878
    252,  79177
    253,  79506
    254,  79786
    255,  80113
    256,  80393
    257,  80669
    258,  80983
    259,  81262
    260,  81601
    261,  81907
    262,  82209
    263,  82464
    264,  82782
    265,  83084
    266,  83388
    267,  83698
    268,  84010
    269,  84270
    270,  84586
    271,  84857
    272,  85161
    273,  85456
    274,  85731
    275,  86073
    276,  86357
    277,  86642
    278,  86959
    279,  87217
    280,  87512
    281,  88139
    282,  88407
    283,  89031
    284,  89906
    285,  91076
    286,  91957
    287,  92845
    288,  93115
    289,  93690
    290,  93976
    291,  94556
    292,  94872
    293,  95160
    294,  95432
    295,  95983
    296,  96283
    297,  96854
    298,  97728
    299,  98041
    300,  98616
    301,  98918
    302,  99223
    303,  99491
    304,  99783
    305, 100073
    306, 100330
    307, 100660
    308, 100973
    309, 101252
    310, 101546
    311, 101830
    312, 102111
    313, 102396
    314, 102691
    315, 102992
    316, 103322
    317, 103587
    318, 103906
    319, 104194
    320, 104480
    321, 104798
    322, 105100
    323, 105392
    324, 105720
    325, 106018
    326, 106283
    327, 106598
    328, 106893
    329, 107194
    330, 107531
    331, 107797
    332, 108092
    333, 108408
    334, 108669
    335, 108975
    336, 109277
    337, 109554
    338, 109879
    339, 110166
    340, 110456
    341, 110741
    342, 110995
    343, 111311
    344, 111607
    345, 111901
    346, 112199
    347, 112487
    348, 112766
    349, 113052
    350, 113338
    351, 113620
    352, 113956
    353, 114238
    354, 114534
    355, 114824
    356, 115113
    357, 115372
    358, 115715
    359, 116044
    360, 116363
    361, 116683
    362, 116995
    363, 117295
    364, 117585
    365, 117896
    366, 118178
    367, 118524
    368, 118843
    369, 119143
    370, 119436
    371, 119732
    372, 120061
    373, 120378
    374, 120686
    375, 120948
    376, 121265
    377, 121573
    378, 121833
    379, 122152
    380, 122456
    381, 122752
    382, 123069
    383, 123365
    384, 123629
    385, 123940
    386, 124206
    387, 124548
    388, 124836
    389, 125159
    390, 125432
    391, 125739
    392, 126009
    393, 126302
    394, 126609
    395, 126893
    396, 127196
    397, 127481
    398, 127746
    399, 128056
    400, 128322
    401, 128618
    402, 128914
    403, 129206
    404, 129496
    405, 129780
    406, 130042
    407, 130353
    408, 130611
    409, 130917
    410, 131218
    411, 131515
    412, 131776
    413, 132097
    414, 132372
    415, 132629
    416, 132960
    417, 133254
    418, 133528
    419, 133847
    420, 134127
    421, 134390
    422, 134709
    423, 134988
    424, 135278
    425, 135578
    426, 136163
    427, 137006
    428, 137312
    429, 137899
    430, 138486
    431, 139333
    432, 141347
    433, 143147
    434, 144340
    435, 144660
    436, 145227
    437, 145501
    438, 145826
    439, 146112
    440, 146412
    441, 146725
    442, 147003
    443, 147291
    444, 147600
    445, 147865
    446, 148164
    447, 148491
    448, 148790
    449, 149063
    450, 149374
    451, 149655
    452, 149916
    453, 150245
    454, 150528
    455, 150857
    456, 151136
    457, 151428
    458, 151717
    459, 151982
    460, 152314
    461, 152640
    462, 152949
    463, 153254
    464, 153564
    465, 153870
    466, 154176
    467, 154484
    468, 154793
    469, 155112
    470, 155386
    471, 155721
    472, 156045
    473, 156343
    474, 156661
    475, 156988
    476, 157305
    477, 157609
    478, 157901
    479, 158196
    480, 158460
    481, 158782
    482, 159115
    483, 159428
    484, 159730
    485, 160003
    486, 160319
    487, 160582
    488, 160894
    489, 161183
    490, 161518
    491, 161794
    492, 162108
    493, 162382
    494, 162669
    495, 162952
    496, 163234
    497, 163570
    498, 163851
    499, 164130
    500, 164445
    501, 164734
    502, 165033
    503, 165288
    504, 165619
    505, 165908
    506, 166229
    507, 166501
    508, 166830
    509, 167088
    510, 167411
    511, 167695
    512, 168054
    513, 168373
    514, 168654
    515, 168950
    516, 169213
    517, 169542
    518, 169828
    519, 170162
    520, 170457
    521, 170749
    522, 171039
    523, 171349
    524, 171612
    525, 171924
    526, 172235
    527, 172508
    528, 172834
    529, 173102
    530, 173410
    531, 173686
    532, 173959
    533, 174298
    534, 174591
    535, 174861
    536, 175159
    537, 175441
    538, 175696
    539, 176012
    540, 176298
    541, 176595
    542, 176884
    543, 177154
    544, 177447
    545, 177707
    546, 177989
    547, 178274
    548, 178570
    549, 178874
    550, 179165
    551, 179437
    552, 179748
    553, 180020
    554, 180280
    555, 180621
    556, 180908
    557, 181209
    558, 181474
    559, 181799
    560, 182057
    561, 182339
    562, 182654
    563, 182947
    564, 183226
    565, 183541
    566, 183823
    567, 184103
    568, 184669
    569, 185556
    570, 185855
    571, 186397
    572, 186684
    573, 186987
    574, 187299
    575, 187570
    576, 188163
    577, 189009
    578, 189335
    579, 190489
    580, 190750
    581, 191068
    582, 191392
    583, 191704
    584, 192011
    585, 192165
    586, 192549
    587, 192802
    588, 193208
    589, 193578
    590, 193739
    591, 194138
    592, 194313
    593, 194656
    594, 194821
    595, 195192
    596, 195359
    597, 195716
    598, 195885
    599, 196088
    600, 196260
    601, 196454
    602, 196637
    603, 196825
    604, 196977
    605, 197355
    606, 197753
    607, 198156
    608, 198542
    609, 198916
    610, 199288
    611, 199641
    612, 199948
    613, 200248
    614, 200557
    615, 200823
    616, 201124
    617, 201390
    618, 201554
    619, 201983
    620, 202353
    621, 202702
    622, 203019
    623, 203333
    624, 203592
    625, 203875
    626, 204135
    627, 204629
    628, 204823
    629, 205206
    630, 205368
    631, 205702
    632, 205868
    633, 206062
    634, 206227
    635, 206529
    636, 206699
    637, 206820
    638, 206994
    639, 207183
    640, 207414
    641, 207622
    642, 207796
    643, 207977
    644, 208162
    645, 208348
    646, 208509
    647, 208713
    648, 208907
    649, 209090
    650, 209423
    651, 209618
    652, 209776
    653, 209941
    654, 210118
    655, 210460
    656, 210855
    657, 211272
    658, 211714
    659, 212167
    660, 212531
    661, 212854
    662, 213227
    663, 213532
    664, 213828
    665, 214126
    666, 214425
    667, 214706
    668, 215011
    669, 215295
    670, 215623
    671, 215902
    672, 216216
    673, 216458
    674, 216766
    675, 217075
    676, 217385
    677, 217695
    678, 217946
    679, 218292
    680, 218584
    681, 218848
    682, 219157
    683, 219473
    684, 219747
    685, 220073
    686, 220229
    687, 220616
    688, 220854
    689, 221228
    690, 221499
    691, 221839
    692, 222010
    693, 222397
    694, 222796
    695, 222961
    696, 223338
    697, 223517
    698, 223930
    699, 224118
    700, 224463
    701, 224630
    702, 225009
    703, 225180
    704, 225366
    705, 225580
    706, 225741
    707, 225909
    708, 226066
    709, 226204
    710, 226419
    711, 226624
    712, 226766
    713, 226934
    714, 227106
    715, 227312
    716, 227490
    717, 227649
    718, 227852
    719, 228039
    720, 228292
    721, 228538
    722, 228748
    723, 229045
    724, 229417
    725, 229896
    726, 230304
    727, 230696
    728, 231523
    729, 232299
    730, 232691
    731, 233054
    732, 233372
    733, 233927
    734, 234199
    735, 234795
    736, 235079
    737, 235641
    738, 235903
    739, 236480
    740, 236772
    741, 237345
    742, 237633
    743, 238200
    744, 239072
    745, 239361
    746, 239672
    747, 239956
    748, 240228
    749, 240518
    750, 240772
    751, 241089
    752, 241392
    753, 241654
    754, 241969
    755, 242244
    756, 242498
    757, 242801
    758, 242963
    759, 243354
    760, 243530
    761, 243857
    762, 244024
    763, 244391
    764, 244620
    765, 244963
    766, 245130
    767, 245490
    768, 245660
    769, 246032
    770, 246291
    771, 246659
    772, 246820
    773, 247166
    774, 247340
    775, 247731
    776, 248030
    777, 248176
    778, 248569
    779, 248875
    780, 249037
    781, 249414
    782, 249660
    783, 250236
    784, 250409
    785, 250605
    786, 250844
    787, 251019
    788, 251203
    789, 251371
    790, 251461
    791, 251533
    792, 251851
    793, 252013
    794, 252218
    795, 252395
    796, 252582
    797, 252762
    798, 252932
    799, 253089
    800, 253245
    801, 253421
    802, 253605
    803, 253995
    804, 254379
    805, 254831
    806, 255293
    807, 255726
    808, 256145
    809, 256489
    810, 256653
    811, 257061
    812, 257229
    813, 257628
    814, 257795
    815, 257970
    816, 258077
    817, 258163
    818, 258569
    819, 258741
    820, 259179
    821, 259350
    822, 259599
    823, 259748
    824, 259943
    825, 260159
    826, 260437
    827, 260690
    828, 260917
    829, 261110
    830, 261279
    831, 261492
    832, 261723
    833, 261884
    834, 262081
    835, 262245
    836, 262411
    837, 262606
    838, 262792
    839, 262969
    840, 263165
    841, 263332
    842, 263504
    843, 263685
    844, 263835
    845, 264019
    846, 264203
    847, 264381
    848, 264691
    849, 264888
    850, 265147
    851, 265373
    852, 265568
    853, 265948
    854, 266356
    855, 266808
    856, 267255
    857, 267433
    858, 267833
    859, 268246
    860, 268632
    861, 269016
    862, 269189
    863, 269567
    864, 269932
    865, 270284
    866, 270443
    867, 270759
    868, 270960
    869, 271104
    870, 271462
    871, 271632
    872, 271776
    873, 271912
    874, 272043
    875, 272225
    876, 272407
    877, 272541
    878, 272695
    879, 273191
    880, 273387
    881, 274354
    882, 275161
    883, 275602
    884, 276032
    885, 276509
    886, 277045
    887, 277418
    888, 278007
    889, 278597
    890, 278872
    891, 279018
    892, 279151
    893, 279530
    894, 279913
    895, 280295
    896, 280660
    897, 280989
    898, 281287
    899, 281556
    900, 281839
    901, 282143
    902, 282437
    903, 282729
    904, 283025
    905, 283298
    906, 283579
    907, 283865
    908, 284157
    909, 284469
    910, 284778
    911, 285014
    912, 285363
    913, 285520
    914, 285922
    915, 286090
    916, 286379
    917, 286844
    918, 287035
    919, 287518
    920, 287765
    921, 288061
    922, 288518
    923, 288701
    924, 288952
    925, 289108
    926, 289319
    927, 289550
    928, 289769
    929, 289942
    930, 290115
    931, 290328
    932, 290517
    933, 290698
    934, 291086
    935, 291458
    936, 291817
    937, 292165
    938, 292498
    939, 292848
    940, 293201
    941, 293496
    942, 293785
    943, 294068
    944, 294337
    945, 294631
    946, 294928
    947, 295257
    948, 295547
    949, 295842
    950, 296135
    951, 296426
    952, 296709
    953, 297033
    954, 297350
    955, 297639
    956, 297969
    957, 298130
    958, 298377
    959, 298526
    960, 298694
    961, 298875
    962, 299037
    963, 299205
    964, 299366
    965, 299564
    966, 300005
    967, 300371
    968, 300757
    969, 301125
    970, 301515
    971, 301904
    972, 302069
    973, 302412
    974, 302604
    975, 302857
    976, 303198
    977, 303552
    978, 303906
    979, 304106
    980, 304242
    981, 304447
    982, 304613
    983, 304792
    984, 305145
    985, 305499
    986, 305838
    987, 306151
    988, 306461
    989, 306729
    990, 307015
    991, 307293
    992, 307553
    993, 307836
    994, 308154
    995, 308439
    996, 308705
    997, 309291
    998, 309555
    999, 310041
   1000, 310457
   1001, 310636
   1002, 310789
   1003, 311275
   1004, 312181
   1005, 316899
   1006, 318274
   1007, 326127
   1008, 326850
   1009, 327001
   1010, 327248
   1011, 327403
   1012, 327547
   1013, 327689
   1014, 327955
   1015, 328307
   1016, 328676
   1017, 328982
   1018, 329960
   1019, 330268
   1020, 330586
   1021, 330885
   1022, 331181
   1023, 331484
   1024, 331757
   1025, 331929
   1026, 332339
   1027, 332713
   1028, 332873
   1029, 333120
   1030, 333281
   1031, 333418
   1032, 333606
   1033, 333754
   1034, 333973
   1035, 334145
   1036, 334321
   1037, 334492
   1038, 334711
   1039, 334851
   1040, 335123
   1041, 335315
   1042, 335522
   1043, 335799
   1044, 335980
   1045, 336153
   1046, 336463
   1047, 336683
   1048, 336892
   1049, 337095
   1050, 337457
   1051, 337823
   1052, 338201
   1053, 338650
   1054, 339052
   1055, 339435
   1056, 339808
   1057, 340169
   1058, 340469
   1059, 340772
   1060, 341053
   1061, 341383
   1062, 341661
   1063, 341944
   1064, 342225
   1065, 342518
   1066, 342806
   1067, 343249
   1068, 343679
   1069, 344051
   1070, 344208
   1071, 344614
   1072, 344792
   1073, 344927
   1074, 345154
   1075, 345318
   1076, 345497
   1077, 345660
   1078, 345817
   1079, 345982
   1080, 346137
   1081, 346298
   1082, 346491
   1083, 346725
   1084, 346900
   1085, 347392
   1086, 347794
   1087, 348208
   1088, 348643
   1089, 348810
   1090, 349060
   1091, 349271
   1092, 349453
   1093, 349632
   1094, 349893
   1095, 350231
   1096, 350429
   1097, 350621
   1098, 350824
   1099, 350979
   1100, 351210
   1101, 351414
   1102, 351630
   1103, 351845
   1104, 352012
   1105, 352616
   1106, 353059
   1107, 353302
   1108, 353450
   1109, 353640
   1110, 353884
   1111, 354538
   1112, 354714
   1113, 354921
   1114, 355072
   1115, 355317
   1116, 355754
   1117, 356006
   1118, 356222
   1119, 356401
   1120, 356688
   1121, 356981
   1122, 357172
   1123, 357430
   1124, 357638
   1125, 357939
   1126, 358427
   1127, 373365
   1128, 373756
   1129, 374055
   1130, 374324
   1131, 374557
   1132, 374794
   1133, 375100
   1134, 375403
   1135, 375586
   1136, 375880
   1137, 376106
   1138, 376672
   1139, 376814
   1140, 376962
   1141, 377305
   1142, 377556
   1143, 377720
   1144, 377993
   1145, 378257
   1146, 378489
   1147, 378631
   1148, 378778
   1149, 379049
   1150, 379233
   1151, 379401
   1152, 379628
   1153, 379986
   1154, 380223
   1155, 380459
   1156, 380613
   1157, 380825
   1158, 380963
   1159, 381254
   1160, 381542
   1161, 381718
   1162, 381868
   1163, 382060
   1164, 382265
   1165, 382427
   1166, 382657
   1167, 382874
   1168, 383136
   1169, 383402
   1170, 383628
   1171, 383780
   1172, 383916
   1173, 384120
   1174, 384258
   1175, 384407
   1176, 384666
   1177, 384926
   1178, 385136
   1179, 385284
   1180, 385513
   1181, 385676
   1182, 385823
   1183, 385978
   1184, 386239
   1185, 386418
   1186, 386646
   1187, 386908
   1188, 387110
   1189, 387560
   1190, 388018
   1191, 388213
   1192, 388542
   1193, 388941
   1194, 389123
   1195, 389528
   1196, 389694
   1197, 390145
   1198, 390321
   1199, 390755
   1200, 391168
   1201, 391545
   1202, 391907
   1203, 392064
   1204, 392432
   1205, 392798
   1206, 393066
   1207, 393366
   1208, 393633
   1209, 393907
   1210, 394196
   1211, 394479
   1212, 394786
   1213, 395094
   1214, 395369
   1215, 395648
   1216, 395958
   1217, 396228
   1218, 396530
   1219, 396835
   1220, 397122
   1221, 397415
   1222, 397710
   1223, 397961
   1224, 398263
   1225, 398540
   1226, 398849
   1227, 399137
   1228, 399444
   1229, 399728
   1230, 400007
   1231, 400268
   1232, 400588
   1233, 400864
   1234, 401156
   1235, 401461
   1236, 401756
   1237, 402021
   1238, 402333
   1239, 402603
   1240, 402901
   1241, 403179
   1242, 403330
   1243, 403770
   1244, 403945
   1245, 404326
   1246, 404557
   1247, 404895
   1248, 405167
   1249, 405315
   1250, 405720
   1251, 407030
   1252, 413685
   1253, 418741
   1254, 419266
   1255, 419639
   1256, 419803
   1257, 420328
   1258, 420734
   1259, 420892
   1260, 421273
   1261, 421443
   1262, 421950
   1263, 422334
   1264, 422511
   1265, 422887
   1266, 423050
   1267, 423303
   1268, 423718
   1269, 424109
   1270, 424326
   1271, 424484
   1272, 424835
   1273, 425010
   1274, 425352
   1275, 425527
   1276, 425889
   1277, 426061
   1278, 426403
   1279, 426576
   1280, 426938
   1281, 427161
   1282, 427517
   1283, 427746
   1284, 428086
   1285, 428259
   1286, 428576
   1287, 428773
   1288, 429123
   1289, 429348
   1290, 429492
   1291, 429801
   1292, 430007
   1293, 430317
   1294, 430530
   1295, 430852
   1296, 431053
   1297, 431399
   1298, 431610
   1299, 431947
   1300, 432150
   1301, 432481
   1302, 432668
   1303, 432992
   1304, 433193
   1305, 433334
   1306, 433678
   1307, 433891
   1308, 434228
   1309, 434397
   1310, 434728
   1311, 434912
   1312, 435282
   1313, 435462
   1314, 435851
   1315, 436017
   1316, 436383
   1317, 436556
   1318, 436898
   1319, 437056
   1320, 437426
   1321, 437599
   1322, 437974
   1323, 438143
   1324, 438514
   1325, 438679
   1326, 439040
   1327, 439199
   1328, 439312
   1329, 439566
   1330, 439734
   1331, 439946
   1332, 440131
   1333, 440434
   1334, 440600
   1335, 440737
   1336, 441007
   1337, 441205
   1338, 441363
   1339, 441526
   1340, 441703
   1341, 442085
   1342, 442418
   1343, 442801
   1344, 443205
   1345, 443606
   1346, 444013
   1347, 444238
   1348, 444656
   1349, 444826
   1350, 445014
   1351, 445419
   1352, 445578
   1353, 445772
   1354, 446177
   1355, 446343
   1356, 446606
   1357, 446768
   1358, 446939
   1359, 447086
   1360, 447240
   1361, 447402
   1362, 447559
   1363, 447712
   1364, 447895
   1365, 448382
   1366, 448745
   1367, 449222
   1368, 449694
   1369, 449858
   1370, 450054
   1371, 450507
   1372, 450692
   1373, 450965
   1374, 451364
   1375, 451529
   1376, 452313
   1377, 455999
   1378, 458065
   1379, 458399
   1380, 459280
   1381, 459633
   1382, 459956
   1383, 460843
   1384, 460957
   1385, 461930
   1386, 462245
   1387, 463003
   1388, 463639
   1389, 463778
   1390, 464034
   1391, 464361
   1392, 464682
   1393, 464987
   1394, 465259
   1395, 465550
   1396, 465834
   1397, 466126
   1398, 466277
   1399, 466407
   1400, 466561
   1401, 466735
   1402, 467043
   1403, 467372
   1404, 467707
   1405, 468042
   1406, 468342
   1407, 468485
   1408, 468619
   1409, 468965
   1410, 469276
   1411, 469426
   1412, 469542
   1413, 469705
   1414, 469987
   1415, 470277
   1416, 470590
   1417, 470862
   1418, 471138
   1419, 471415
   1420, 471667
   1421, 471959
   1422, 472120
   1423, 472537
   1424, 472706
   1425, 472962
   1426, 473119
   1427, 473258
   1428, 473628
   1429, 473784
   1430, 473974
   1431, 474346
   1432, 474513
   1433, 474714
   1434, 475095
   1435, 475295
   1436, 475669
   1437, 475911
   1438, 476048
   1439, 476422
   1440, 476607
   1441, 476742
   1442, 476926
   1443, 477107
   1444, 477416
   1445, 477720
   1446, 477998
   1447, 478321
   1448, 478480
   1449, 478626
   1450, 478780
   1451, 478970
   1452, 479183
   1453, 479312
   1454, 479482
   1455, 479737
   1456, 479889
   1457, 480044
   1458, 480353
   1459, 480695
   1460, 481068
   1461, 481413
   1462, 481745
   1463, 482100
   1464, 482400
   1465, 482548
   1466, 482694
   1467, 482832
   1468, 483019
   1469, 483228
   1470, 483477
   1471, 483652
   1472, 483837
   1473, 484013
   1474, 484164
   1475, 484325
   1476, 484835
   1477, 485189
   1478, 485597
   1479, 485945
   1480, 486387
   1481, 486819
   1482, 486981
   1483, 487408
   1484, 487592
   1485, 487904
   1486, 488064
   1487, 488287
   1488, 488455
   1489, 488621
   1490, 488783
   1491, 488914
   1492, 489204
   1493, 489486
   1494, 489683
   1495, 489994
   1496, 490419
   1497, 490742
   1498, 491125
   1499, 491579
   1500, 492614
   1501, 492982
   1502, 493433
   1503, 494379
   1504, 495687
   1505, 502787
   1506, 503201
   1507, 503721
   1508, 503961
   1509, 504103
   1510, 504310
   1511, 504453
   1512, 504878
   1513, 505215
   1514, 505529
   1515, 505836
   1516, 506124
   1517, 506423
   1518, 506735
   1519, 507029
   1520, 507304
   1521, 507623
   1522, 507767
   1523, 508156
   1524, 508544
   1525, 508714
   1526, 508966
   1527, 509122
   1528, 509326
   1529, 509503
   1530, 509686
   1531, 509904
   1532, 510249
   1533, 510606
   1534, 511003
   1535, 511288
   1536, 511582
   1537, 511884
   1538, 512173
   1539, 512442
   1540, 512710
   1541, 513022
   1542, 513326
   1543, 513605
   1544, 513925
   1545, 514082
   1546, 514340
   1547, 514829
   1548, 515107
   1549, 515535
   1550, 515711
   1551, 515963
   1552, 516389
   1553, 516744
   1554, 516900
   1555, 517115
   1556, 517271
   1557, 517475
   1558, 517706
   1559, 518017
   1560, 518437
   1561, 518848
   1562, 519025
   1563, 519282
   1564, 519722
   1565, 520151
   1566, 520357
   1567, 520508
   1568, 520666
   1569, 521027
   1570, 521427
   1571, 521614
   1572, 521819
   1573, 522230
   1574, 522394
   1575, 522578
   1576, 522802
   1577, 522967
   1578, 523112
   1579, 523256
   1580, 523400
   1581, 523634
   1582, 524125
   1583, 524591
   1584, 525023
   1585, 525418
   1586, 525625
   1587, 525775
   1588, 526151
   1589, 526326
   1590, 526721
   1591, 526957
   1592, 527104
   1593, 527309
   1594, 527471
   1595, 527683
   1596, 527810
   1597, 527969
   1598, 528107
   1599, 528379
   1600, 529340
   1601, 529595
   1602, 529743
   1603, 529947
   1604, 530376
   1605, 531219
   1606, 531610
   1607, 531979
   1608, 532338
   1609, 532687
   1610, 532847
   1611, 532982
   1612, 534450
   1613, 534934
   1614, 535293
   1615, 535665
   1616, 535998
   1617, 536320
   1618, 536628
   1619, 536769
   1620, 536896
   1621, 537232
   1622, 539156
   1623, 539287
   1624, 539598
   1625, 541050
   1626, 541390
   1627, 542997
   1628, 543730
   1629, 544072
   1630, 544412
   1631, 546401
   1632, 546670
   1633, 547185
   1634, 547442
   1635, 547729
   1636, 548000
   1637, 548285
   1638, 548564
   1639, 549097
   1640, 549359
   1641, 549641
   1642, 549932
   1643, 550216
   1644, 550506
   1645, 550781
   1646, 551035
   1647, 551344
   1648, 551614
   1649, 551887
   1650, 552188
   1651, 552483
   1652, 552630
   1653, 552878
   1654, 553031
   1655, 553173
   1656, 553329
   1657, 553492
   1658, 553687
   1659, 553834
   1660, 553991
   1661, 554182
   1662, 554379
   1663, 554546
   1664, 554725
   1665, 554861
   1666, 555016
   1667, 555172
   1668, 555330
   1669, 555491
   1670, 555656
   1671, 555863
   1672, 556113
   1673, 556307
   1674, 556764
   1675, 557110
   1676, 557509
   1677, 557967
   1678, 558416
   1679, 558822
   1680, 559153
   1681, 559501
   1682, 559786
   1683, 560053
   1684, 560318
   1685, 560608
   1686, 560894
   1687, 561211
   1688, 561510
   1689, 561773
   1690, 562058
   1691, 562355
   1692, 562629
   1693, 562932
   1694, 563239
   1695, 563525
   1696, 563798
   1697, 564114
   1698, 564399
   1699, 564674
   1700, 564982
   1701, 565139
   1702, 565359
   1703, 565528
   1704, 565682
   1705, 565856
   1706, 566003
   1707, 566150
   1708, 566293
   1709, 566454
   1710, 566600
   1711, 566759
   1712, 566919
   1713, 567252
   1714, 567416
   1715, 567595
   1716, 567755
   1717, 567945
   1718, 568262
   1719, 568665
   1720, 569117
   1721, 569595
   1722, 570048
   1723, 570432
   1724, 570750
   1725, 570904
   1726, 571105
   1727, 571278
   1728, 571420
   1729, 571638
   1730, 572057
   1731, 572457
   1732, 572837
   1733, 573204
   1734, 573578
   1735, 573949
   1736, 574268
   1737, 574407
   1738, 574550
   1739, 574896
   1740, 575196
   1741, 575342
   1742, 575474
   1743, 575613
   1744, 575781
   1745, 575995
   1746, 576183
   1747, 576417
   1748, 576557
   1749, 576768
   1750, 577036
   1751, 577407
   1752, 577537
   1753, 577697
   1754, 578186
   1755, 578628
   1756, 592788
   1757, 593094
   1758, 593444
   1759, 593582
   1760, 593706
   1761, 594217
   1762, 594351
   1763, 594555
   1764, 594775
   1765, 595103
   1766, 595257
   1767, 595421
   1768, 595659
   1769, 595832
   1770, 596054
   1771, 596279
   1772, 596493
   1773, 596746
   1774, 596925
   1775, 597083
   1776, 597276
   1777, 597435
   1778, 597717
   1779, 597912
   1780, 598047
   1781, 598213
   1782, 598509
   1783, 598792
   1784, 599031
   1785, 599201
   1786, 599475
   1787, 599631
   1788, 599887
   1789, 600094
   1790, 600272
   1791, 600578
   1792, 600866
   1793, 601073
   1794, 601201
   1795, 601484
   1796, 601734
   1797, 601956
   1798, 602246
   1799, 602422
   1800, 602697
   1801, 602939
   1802, 603092
   1803, 603321
   1804, 603468
   1805, 603733
   1806, 603917
   1807, 604108
   1808, 604407
   1809, 604706
   1810, 604903
   1811, 605080
   1812, 605377
   1813, 605539
   1814, 605757
   1815, 605968
   1816, 606163
   1817, 606316
   1818, 606604
   1819, 606781
   1820, 607040
   1821, 607232
   1822, 607435
   1823, 607649
   1824, 607900
   1825, 608097
   1826, 608261
   1827, 608542
   1828, 608731
   1829, 608886
   1830, 609039
   1831, 609274
   1832, 609523
   1833, 609805
   1834, 609992
   1835, 610153
   1836, 610356
   1837, 610607
   1838, 610821
   1839, 611060
   1840, 611346
   1841, 611505
   1842, 611712
   1843, 611934
   1844, 612086
   1845, 612236
   1846, 612529
   1847, 612770
   1848, 612925
   1849, 613229
   1850, 613444
   1851, 613580
   1852, 613801
   1853, 613968
   1854, 614185
   1855, 614410
   1856, 614625
   1857, 614877
   1858, 615045
   1859, 615303
   1860, 615457
   1861, 615655
   1862, 615791
   1863, 615923
   1864, 616127
   1865, 616428
   1866, 616705
   1867, 616992
   1868, 617309
   1869, 617524
   1870, 617777
   1871, 617951
   1872, 618102
   1873, 618356
   1874, 618532
   1875, 618676
   1876, 618818
   1877, 619046
   1878, 619345
   1879, 619514
   1880, 619751
   1881, 619940
   1882, 620083
   1883, 620293
   1884, 620516
   1885, 620670
   1886, 620957
   1887, 621115
   1888, 621406
   1889, 621587
   1890, 621766
   1891, 621901
   1892, 622100
   1893, 622270
   1894, 622534
   1895, 622777
   1896, 623038
   1897, 623273
   1898, 623508
   1899, 623823
   1900, 623988
   1901, 624221
   1902, 624448
   1903, 624593
   1904, 624844
   1905, 625134
   1906, 625358
   1907, 625496
   1908, 625761
   1909, 625923
   1910, 626218
   1911, 626357
   1912, 626498
   1913, 626722
   1914, 626962
   1915, 627542
   1916, 638530
   1917, 639137
   1918, 641245
   1919, 641698
   1920, 642120
   1921, 642670
   1922, 642954
   1923, 643383
   1924, 643879
   1925, 644051
   1926, 644258
   1927, 644390
   1928, 644642
   1929, 644827
   1930, 644987
   1931, 645248
   1932, 645441
   1933, 645572
   1934, 645832
   1935, 645986
   1936, 646304
   1937, 646463
   1938, 646685
   1939, 646986
   1940, 647138
   1941, 647390
   1942, 647557
   1943, 647726
   1944, 648059
   1945, 648243
   1946, 648502
   1947, 648723
   1948, 648993
   1949, 649160
   1950, 649320
   1951, 649605
   1952, 649864
