      0,   1318
      1,   1585
      2,   1866
      3,   2136
      4,   2394
      5,   2657
      6,   2919
      7,   3186
      8,   3455
      9,   3721
     10,   3978
     11,   4249
     12,   4525
     13,   4790
     14,   5047
     15,   5311
     16,   5579
     17,   5853
     18,   6119
     19,   6382
     20,   6655
     21,   6930
     22,   7195
     23,   7454
     24,   7718
     25,   7987
     26,   8260
     27,   8489
     28,   8787
     29,   9057
     30,   9332
     31,   9597
     32,   9862
     33,  10130
     34,  10399
     35,  10678
     36,  10952
     37,  11220
     38,  11488
     39,  11772
     40,  12046
     41,  12319
     42,  12594
     43,  12863
     44,  13141
     45,  13413
     46,  13679
     47,  13944
     48,  14226
     49,  14492
     50,  14753
     51,  15020
     52,  15286
     53,  15559
     54,  15834
     55,  16108
     56,  16382
     57,  16675
     58,  16953
     59,  17222
     60,  17500
     61,  17776
     62,  18056
     63,  18328
     64,  18593
     65,  18861
     66,  19135
     67,  19400
     68,  19653
     69,  19916
     70,  20180
     71,  20449
     72,  20718
     73,  20983
     74,  21244
     75,  21519
     76,  21788
     77,  22047
     78,  22266
     79,  22582
     80,  22859
     81,  23059
     82,  23351
     83,  23640
     84,  23934
     85,  24217
     86,  24491
     87,  24768
     88,  25041
     89,  25324
     90,  25594
     91,  25859
     92,  26133
     93,  26316
     94,  26680
     95,  26944
     96,  27214
     97,  27472
     98,  27744
     99,  28013
    100,  28280
    101,  28551
    102,  28835
    103,  29106
    104,  29372
    105,  29645
    106,  29914
    107,  30191
    108,  30468
    109,  30739
    110,  31006
    111,  31280
    112,  31545
    113,  31794
    114,  32059
    115,  32323
    116,  32589
    117,  32859
    118,  33123
    119,  33382
    120,  33655
    121,  33921
    122,  34181
    123,  34442
    124,  34709
    125,  34981
    126,  35249
    127,  35509
    128,  35769
    129,  36030
    130,  36303
    131,  36569
    132,  36830
    133,  37102
    134,  37367
    135,  37639
    136,  37904
    137,  38162
    138,  38424
    139,  38694
    140,  38955
    141,  39216
    142,  39473
    143,  39737
    144,  40003
    145,  40272
    146,  40531
    147,  40789
    148,  41066
    149,  41342
    150,  41613
    151,  41878
    152,  42150
    153,  42422
    154,  42696
    155,  42835
    156,  43005
    157,  43426
    158,  43631
    159,  44056
    160,  44336
    161,  44598
    162,  44890
    163,  45174
    164,  45435
    165,  45704
    166,  45976
    167,  46227
    168,  46510
    169,  46774
    170,  47006
    171,  47306
    172,  47581
    173,  47771
    174,  48101
    175,  48375
    176,  48573
    177,  48914
    178,  49178
    179,  49375
    180,  49705
    181,  49941
    182,  50176
    183,  50501
    184,  50764
    185,  51043
    186,  51304
    187,  51557
    188,  51817
    189,  52078
    190,  52343
    191,  52609
    192,  52861
    193,  53116
    194,  53385
    195,  53651
    196,  53902
    197,  54157
    198,  54407
    199,  54687
    200,  54958
    201,  55222
    202,  55468
    203,  55764
    204,  56039
    205,  56305
    206,  56562
    207,  56831
    208,  57097
    209,  57366
    210,  57616
    211,  57868
    212,  58132
    213,  58397
    214,  58651
    215,  58902
    216,  59073
    217,  59408
    218,  59672
    219,  59926
    220,  60180
    221,  60443
    222,  60715
    223,  60974
    224,  61228
    225,  61488
    226,  61745
    227,  62006
    228,  62199
    229,  62481
    230,  62757
    231,  62996
    232,  63302
    233,  63566
    234,  63826
    235,  64102
    236,  64373
    237,  64651
    238,  64916
    239,  65175
    240,  65442
    241,  65713
    242,  65970
    243,  66223
    244,  66486
    245,  66749
    246,  66971
    247,  67253
    248,  67529
    249,  67756
    250,  68073
    251,  68342
    252,  68608
    253,  68879
    254,  69147
    255,  69419
    256,  69686
    257,  69954
    258,  70216
    259,  70489
    260,  70758
    261,  71023
    262,  71292
    263,  71553
    264,  71823
    265,  72089
    266,  72352
    267,  72611
    268,  72888
    269,  73156
    270,  73424
    271,  73686
    272,  73949
    273,  74220
    274,  74492
    275,  74750
    276,  75009
    277,  75287
    278,  75564
    279,  75831
    280,  76095
    281,  76362
    282,  76629
    283,  76901
    284,  77167
    285,  77429
    286,  77698
    287,  77974
    288,  78234
    289,  78487
    290,  78747
    291,  78999
    292,  79260
    293,  79522
    294,  79786
    295,  80049
    296,  80327
    297,  80597
    298,  80860
    299,  81127
    300,  81345
    301,  81648
    302,  81942
    303,  82213
    304,  82478
    305,  82754
    306,  83020
    307,  83274
    308,  83527
    309,  83787
    310,  84043
    311,  84312
    312,  84569
    313,  84825
    314,  85092
    315,  85359
    316,  85623
    317,  85880
    318,  86146
    319,  86415
    320,  86691
    321,  86952
    322,  87215
    323,  87482
    324,  87752
    325,  88015
    326,  88271
    327,  88536
    328,  88795
    329,  89067
    330,  89324
    331,  89579
    332,  89838
    333,  90112
    334,  90371
    335,  90621
    336,  90878
    337,  91135
    338,  91404
    339,  91668
    340,  91927
    341,  92182
    342,  92458
    343,  92722
    344,  92974
    345,  93241
    346,  93506
    347,  93775
    348,  94046
    349,  94312
    350,  94571
    351,  94842
    352,  95100
    353,  95356
    354,  95610
    355,  95871
    356,  96129
    357,  96393
    358,  96645
    359,  96899
    360,  97160
    361,  97425
    362,  97687
    363,  97944
    364,  98208
    365,  98471
    366,  98739
    367,  98997
    368,  99255
    369,  99515
    370,  99785
    371, 100048
    372, 100305
    373, 100512
    374, 100811
    375, 101040
    376, 101338
    377, 101597
    378, 101851
    379, 102117
    380, 102377
    381, 102635
    382, 102899
    383, 103161
    384, 103424
    385, 103691
    386, 103948
    387, 104202
    388, 104468
    389, 104741
    390, 105003
    391, 105259
    392, 105523
    393, 105779
    394, 106046
    395, 106250
    396, 106535
    397, 106805
    398, 107087
    399, 107362
    400, 107620
    401, 107882
    402, 108143
    403, 108405
    404, 108668
    405, 108921
    406, 109174
    407, 109436
    408, 109703
    409, 109963
    410, 110217
    411, 110477
    412, 110738
    413, 110997
    414, 111259
    415, 111435
    416, 111783
    417, 112064
    418, 112331
    419, 112588
    420, 112850
    421, 113109
    422, 113374
    423, 113639
    424, 113898
    425, 114156
    426, 114421
    427, 114682
    428, 114939
    429, 115196
    430, 115452
    431, 115716
    432, 115987
    433, 116248
    434, 116507
    435, 116776
    436, 117047
    437, 117310
    438, 117563
    439, 117824
    440, 118077
    441, 118344
    442, 118602
    443, 118860
    444, 119122
    445, 119393
    446, 119654
    447, 119909
    448, 120176
    449, 120440
    450, 120710
    451, 120981
    452, 121245
    453, 121506
    454, 121785
    455, 122045
    456, 122300
    457, 122562
    458, 122824
    459, 123094
    460, 123359
    461, 123619
    462, 123871
    463, 124136
    464, 124397
    465, 124650
    466, 124903
    467, 125163
    468, 125430
    469, 125695
    470, 125956
    471, 126147
    472, 126440
    473, 126723
    474, 126994
    475, 127263
    476, 127535
    477, 127811
    478, 128086
    479, 128350
    480, 128613
    481, 128890
    482, 129155
    483, 129421
    484, 129684
    485, 129945
    486, 130210
    487, 130480
    488, 130732
    489, 130988
    490, 131250
    491, 131522
    492, 131789
    493, 132047
    494, 132316
    495, 132573
    496, 132838
    497, 133033
    498, 133316
    499, 133620
    500, 133906
    501, 134177
    502, 134437
    503, 134687
    504, 134968
    505, 135241
    506, 135505
    507, 135773
    508, 136040
    509, 136321
    510, 136592
    511, 136853
    512, 137128
    513, 137402
    514, 137688
    515, 137967
    516, 138241
    517, 138504
    518, 138776
    519, 139037
    520, 139291
    521, 139548
    522, 139806
    523, 140071
    524, 140334
    525, 140589
    526, 140838
    527, 141095
    528, 141357
    529, 141614
    530, 141864
    531, 142121
    532, 142371
    533, 142629
    534, 142882
    535, 143133
    536, 143381
    537, 143639
    538, 143891
    539, 144143
    540, 144390
    541, 144642
    542, 144894
    543, 145148
    544, 145399
    545, 145645
    546, 145899
    547, 146165
    548, 146418
    549, 146672
    550, 146923
    551, 147175
    552, 147428
    553, 147688
    554, 147929
    555, 148172
    556, 148426
    557, 148688
    558, 148941
    559, 149188
    560, 149441
    561, 149692
    562, 149949
    563, 150211
    564, 150463
    565, 150712
    566, 150977
    567, 151236
    568, 151493
    569, 151739
    570, 151998
    571, 152249
    572, 152503
    573, 152752
    574, 153000
    575, 153253
    576, 153520
    577, 153778
    578, 154026
    579, 154279
    580, 154506
    581, 154796
    582, 155055
    583, 155288
    584, 155560
    585, 155821
    586, 156072
    587, 156328
    588, 156570
    589, 156820
    590, 157068
    591, 157309
    592, 157564
    593, 157808
    594, 158055
    595, 158317
    596, 158568
    597, 158814
    598, 159060
    599, 159309
    600, 159559
    601, 159816
    602, 160058
    603, 160295
    604, 160553
    605, 160808
    606, 161058
    607, 161299
    608, 161548
    609, 161790
    610, 162041
    611, 162290
    612, 162537
    613, 162775
    614, 162970
    615, 163267
    616, 163516
    617, 163734
    618, 164011
    619, 164255
    620, 164504
    621, 164749
    622, 164993
    623, 165233
    624, 165482
    625, 165722
    626, 165964
    627, 166204
    628, 166451
    629, 166694
    630, 166946
    631, 167144
    632, 167434
    633, 167682
    634, 167936
    635, 168183
    636, 168426
    637, 168666
    638, 168875
    639, 169153
    640, 169401
    641, 169598
    642, 169878
    643, 170125
    644, 170380
    645, 170620
    646, 170865
    647, 171106
    648, 171322
    649, 171589
    650, 171843
    651, 172086
    652, 172330
    653, 172559
    654, 172828
    655, 173083
    656, 173332
    657, 173580
    658, 173829
    659, 174072
    660, 174324
    661, 174571
    662, 174784
    663, 175022
    664, 175307
    665, 175560
    666, 175804
    667, 176046
    668, 176304
    669, 176551
    670, 176805
    671, 177054
    672, 177298
    673, 177547
    674, 177802
    675, 178049
    676, 178292
    677, 178535
    678, 178787
    679, 179034
    680, 179287
    681, 179538
    682, 179788
    683, 180039
    684, 180303
    685, 180554
    686, 180799
    687, 181053
    688, 181306
    689, 181565
    690, 181829
    691, 182084
    692, 182336
    693, 182596
    694, 182855
    695, 183113
    696, 183357
    697, 183608
    698, 183857
    699, 184112
    700, 184363
    701, 184580
    702, 184825
    703, 185126
    704, 185388
    705, 185642
    706, 185895
    707, 186146
    708, 186405
    709, 186661
    710, 186905
    711, 187150
    712, 187402
    713, 187659
    714, 187910
    715, 188153
    716, 188402
    717, 188647
    718, 188902
    719, 189157
    720, 189405
    721, 189647
    722, 189904
    723, 190156
    724, 190403
    725, 190651
    726, 190851
    727, 191105
    728, 191389
    729, 191644
    730, 191894
    731, 192137
    732, 192401
    733, 192651
    734, 192894
    735, 193143
    736, 193397
    737, 193654
    738, 193912
    739, 194165
    740, 194406
    741, 194663
    742, 194918
    743, 195164
    744, 195404
    745, 195643
    746, 195881
    747, 196080
    748, 196371
    749, 196617
    750, 196850
    751, 197114
    752, 197360
    753, 197609
    754, 197852
    755, 198100
    756, 198341
    757, 198591
    758, 198833
    759, 199076
    760, 199312
    761, 199566
    762, 199809
    763, 200052
    764, 200292
    765, 200512
    766, 200781
    767, 201039
    768, 201284
    769, 201532
    770, 201777
    771, 202036
    772, 202281
    773, 202525
    774, 202770
    775, 202908
    776, 203263
    777, 203515
    778, 203760
    779, 203998
    780, 204235
    781, 204489
    782, 204728
    783, 204938
    784, 205198
    785, 205445
    786, 205665
    787, 205922
    788, 206165
    789, 206407
    790, 206618
    791, 206886
    792, 207133
    793, 207364
    794, 207600
    795, 207800
    796, 208021
    797, 208263
    798, 208442
    799, 208712
    800, 208879
    801, 209146
    802, 209328
    803, 209598
    804, 209772
    805, 210026
    806, 210199
    807, 210444
    808, 210623
    809, 210880
    810, 211055
    811, 211295
    812, 211464
    813, 211719
    814, 211898
    815, 212142
    816, 212319
    817, 212548
    818, 212714
    819, 212946
    820, 213121
    821, 213358
    822, 213533
    823, 213756
    824, 213929
    825, 214156
    826, 214338
    827, 214558
    828, 214736
    829, 214951
    830, 215121
    831, 215327
    832, 215502
    833, 215723
    834, 215901
    835, 216127
    836, 216301
    837, 216506
    838, 216687
    839, 216919
    840, 217088
    841, 217293
    842, 217466
    843, 217685
    844, 217855
    845, 218074
    846, 218258
    847, 218463
    848, 218640
    849, 218858
    850, 219033
    851, 219274
    852, 219445
    853, 219664
    854, 219838
    855, 220046
    856, 220224
    857, 220448
    858, 220624
    859, 220843
    860, 221022
    861, 221214
    862, 221388
    863, 221642
    864, 221812
    865, 222032
    866, 222206
    867, 222412
    868, 222586
    869, 222814
    870, 222988
    871, 223210
    872, 223377
    873, 223599
    874, 223774
    875, 223998
    876, 224171
    877, 224399
    878, 224564
    879, 224779
    880, 224957
    881, 225191
    882, 225361
    883, 225611
    884, 225786
    885, 226008
    886, 226180
    887, 226419
    888, 226596
    889, 226841
    890, 227010
    891, 227240
    892, 227408
    893, 227758
    894, 228111
    895, 228303
    896, 228515
    897, 228818
    898, 229079
    899, 229309
    900, 229572
    901, 229821
    902, 230064
    903, 230311
    904, 230547
    905, 230783
    906, 231017
    907, 231268
    908, 231500
    909, 231730
    910, 231959
    911, 232043
    912, 232205
    913, 232442
    914, 232684
    915, 232921
    916, 233159
    917, 233395
    918, 233635
    919, 233880
    920, 234117
    921, 234350
    922, 234585
    923, 234821
    924, 235068
    925, 235311
    926, 235554
    927, 235791
    928, 236040
    929, 236285
    930, 236531
    931, 236771
    932, 237015
    933, 237264
    934, 237510
    935, 237756
    936, 238007
    937, 238252
    938, 238514
    939, 238763
    940, 239009
    941, 239258
    942, 239507
    943, 239759
    944, 239984
    945, 240254
    946, 240504
    947, 240753
    948, 241015
    949, 241266
    950, 241514
    951, 241762
    952, 242009
    953, 242258
    954, 242508
    955, 242752
    956, 242990
    957, 243233
    958, 243489
    959, 243736
    960, 243982
    961, 244229
    962, 244478
    963, 244728
    964, 244985
    965, 245230
    966, 245473
    967, 245724
    968, 245980
    969, 246225
    970, 246460
    971, 246706
    972, 246952
    973, 247196
    974, 247439
    975, 247678
    976, 247914
    977, 248154
    978, 248404
    979, 248643
    980, 248882
    981, 249121
    982, 249366
    983, 249611
    984, 249858
    985, 250106
    986, 250351
    987, 250597
    988, 250851
    989, 251099
    990, 251341
    991, 251579
    992, 251826
    993, 252073
    994, 252321
    995, 252494
    996, 252679
    997, 252966
    998, 253250
    999, 253505
   1000, 253754
   1001, 253999
   1002, 254253
   1003, 254500
   1004, 254752
   1005, 254992
   1006, 255234
   1007, 255483
   1008, 255737
   1009, 255983
   1010, 256227
   1011, 256473
   1012, 256718
   1013, 256972
   1014, 257229
   1015, 257473
   1016, 257713
   1017, 257968
   1018, 258225
   1019, 258471
   1020, 258720
   1021, 258969
   1022, 259212
   1023, 259464
   1024, 259710
   1025, 259954
   1026, 260188
   1027, 260436
   1028, 260685
   1029, 260925
   1030, 261159
   1031, 261408
   1032, 261651
   1033, 261902
   1034, 262093
   1035, 262365
   1036, 262541
   1037, 262812
   1038, 263138
   1039, 263380
   1040, 263623
   1041, 263808
   1042, 264121
   1043, 264303
   1044, 264614
   1045, 264786
   1046, 265105
   1047, 265286
   1048, 265594
   1049, 265766
   1050, 266066
   1051, 266244
   1052, 266544
   1053, 266723
   1054, 266979
   1055, 267159
   1056, 267507
   1057, 267686
   1058, 268008
   1059, 268185
   1060, 268485
   1061, 268666
   1062, 268971
   1063, 269152
   1064, 269364
   1065, 269529
   1066, 269831
   1067, 270012
   1068, 270382
   1069, 270555
   1070, 270874
   1071, 271050
   1072, 271369
   1073, 271547
   1074, 271854
   1075, 272038
   1076, 272335
   1077, 272522
   1078, 272824
   1079, 273064
   1080, 273300
   1081, 273543
   1082, 273776
   1083, 274017
   1084, 274256
   1085, 274490
   1086, 274719
   1087, 274963
   1088, 275201
   1089, 275442
   1090, 275666
   1091, 275909
   1092, 276150
   1093, 276391
   1094, 276636
   1095, 276875
   1096, 277110
   1097, 277347
   1098, 277599
   1099, 277839
   1100, 278065
   1101, 278301
   1102, 278544
   1103, 278790
   1104, 279033
   1105, 279270
   1106, 279505
   1107, 279751
   1108, 280000
   1109, 280245
   1110, 280482
   1111, 280717
   1112, 280966
   1113, 281212
   1114, 281464
   1115, 281709
   1116, 281951
   1117, 282201
   1118, 282457
   1119, 282705
   1120, 282947
   1121, 283194
   1122, 283440
   1123, 283691
   1124, 283950
   1125, 284200
   1126, 284448
   1127, 284652
   1128, 284953
   1129, 285135
   1130, 285370
   1131, 285693
   1132, 285938
   1133, 286185
   1134, 286439
   1135, 286681
   1136, 286916
   1137, 287169
   1138, 287424
   1139, 287669
   1140, 287908
   1141, 288154
   1142, 288397
   1143, 288647
   1144, 288897
   1145, 289146
   1146, 289392
   1147, 289647
   1148, 289834
   1149, 290019
   1150, 290302
   1151, 290592
   1152, 290852
   1153, 291108
   1154, 291359
   1155, 291608
   1156, 291857
   1157, 292117
   1158, 292368
   1159, 292609
   1160, 292855
   1161, 293103
   1162, 293355
   1163, 293606
   1164, 293842
   1165, 294086
   1166, 294332
   1167, 294589
   1168, 294838
   1169, 295079
   1170, 295325
   1171, 295570
   1172, 295824
   1173, 296052
   1174, 296321
   1175, 296567
   1176, 296752
   1177, 296950
   1178, 297246
   1179, 297531
   1180, 297804
   1181, 298063
   1182, 298325
   1183, 298536
   1184, 298834
   1185, 299060
   1186, 299350
   1187, 299589
   1188, 299853
   1189, 300088
   1190, 300354
   1191, 300597
   1192, 300863
   1193, 301093
   1194, 301351
   1195, 301578
   1196, 301855
   1197, 302077
   1198, 302351
   1199, 302593
   1200, 302842
   1201, 303055
   1202, 303343
   1203, 303588
   1204, 303829
   1205, 304023
   1206, 304321
   1207, 304571
   1208, 304815
   1209, 305067
   1210, 305318
   1211, 305574
   1212, 305820
   1213, 306076
   1214, 306322
   1215, 306583
   1216, 306832
   1217, 307078
   1218, 307329
   1219, 307580
   1220, 307831
   1221, 308029
   1222, 308316
   1223, 308533
   1224, 308805
   1225, 309057
   1226, 309302
   1227, 309543
   1228, 309790
   1229, 309967
   1230, 310184
   1231, 310494
   1232, 310754
   1233, 310999
   1234, 311242
   1235, 311505
   1236, 311747
   1237, 311990
   1238, 312230
   1239, 312477
   1240, 312722
   1241, 312969
   1242, 313212
   1243, 313454
   1244, 313690
   1245, 313947
   1246, 314186
   1247, 314432
   1248, 314668
   1249, 314922
   1250, 315168
   1251, 315413
   1252, 315659
   1253, 315862
   1254, 316130
   1255, 316395
   1256, 316650
   1257, 316895
   1258, 317140
   1259, 317388
   1260, 317645
   1261, 317891
   1262, 318140
   1263, 318387
   1264, 318567
   1265, 318848
   1266, 319032
   1267, 319287
   1268, 319599
   1269, 319850
   1270, 320098
   1271, 320359
   1272, 320606
   1273, 320853
   1274, 321103
   1275, 321360
   1276, 321611
   1277, 321854
   1278, 322104
   1279, 322353
   1280, 322611
   1281, 322804
   1282, 323083
   1283, 323265
   1284, 323522
   1285, 323881
   1286, 324131
   1287, 324346
   1288, 324595
   1289, 324879
   1290, 325132
   1291, 325382
   1292, 325621
   1293, 325867
   1294, 326124
   1295, 326368
   1296, 326604
   1297, 326854
   1298, 327095
   1299, 327351
   1300, 327607
   1301, 327856
   1302, 328031
   1303, 328238
   1304, 328558
   1305, 328824
   1306, 329072
   1307, 329323
   1308, 329575
   1309, 329830
   1310, 330089
   1311, 330337
   1312, 330588
   1313, 330847
   1314, 331101
   1315, 331347
   1316, 331589
   1317, 331842
   1318, 332088
   1319, 332338
   1320, 332582
   1321, 332821
   1322, 333072
   1323, 333323
   1324, 333571
   1325, 333811
   1326, 334055
   1327, 334294
   1328, 334499
   1329, 334783
   1330, 334959
   1331, 335303
   1332, 335481
   1333, 335820
   1334, 335999
   1335, 336323
   1336, 336500
   1337, 336823
   1338, 337002
   1339, 337340
   1340, 337513
   1341, 337835
   1342, 338013
   1343, 338349
   1344, 338525
   1345, 338842
   1346, 339024
   1347, 339347
   1348, 339522
   1349, 339776
   1350, 340057
   1351, 340315
   1352, 340571
   1353, 340822
   1354, 341061
   1355, 341303
   1356, 341551
   1357, 341795
   1358, 342039
   1359, 342286
   1360, 342534
   1361, 342776
   1362, 343026
   1363, 343275
   1364, 343522
   1365, 343768
   1366, 344015
   1367, 344264
   1368, 344518
   1369, 344767
   1370, 345019
   1371, 345269
   1372, 345530
   1373, 345755
   1374, 346028
   1375, 346277
   1376, 346528
   1377, 346779
   1378, 347031
   1379, 347276
   1380, 347520
   1381, 347772
   1382, 348030
   1383, 348273
   1384, 348516
   1385, 348759
   1386, 349001
   1387, 349254
   1388, 349505
   1389, 349750
   1390, 349995
   1391, 350246
   1392, 350502
   1393, 350750
   1394, 350993
   1395, 351237
   1396, 351478
   1397, 351728
   1398, 351982
   1399, 352188
   1400, 352464
   1401, 352676
   1402, 352966
   1403, 353215
   1404, 353452
   1405, 353698
   1406, 353939
   1407, 354184
   1408, 354431
   1409, 354671
   1410, 354908
   1411, 355153
   1412, 355403
   1413, 355646
   1414, 355875
   1415, 356119
   1416, 356357
   1417, 356605
   1418, 356851
   1419, 357097
   1420, 357336
   1421, 357596
   1422, 357853
   1423, 358102
   1424, 358347
   1425, 358601
   1426, 358857
   1427, 359107
   1428, 359354
   1429, 359601
   1430, 359848
   1431, 360110
   1432, 360361
   1433, 360611
   1434, 360865
   1435, 361111
   1436, 361368
   1437, 361629
   1438, 361879
   1439, 362129
   1440, 362389
   1441, 362655
   1442, 362913
   1443, 363162
   1444, 363423
   1445, 363680
   1446, 363941
   1447, 364122
   1448, 364296
   1449, 364668
   1450, 364856
   1451, 365119
   1452, 365346
   1453, 365718
   1454, 365894
   1455, 366229
   1456, 366407
   1457, 366686
   1458, 366855
   1459, 367212
   1460, 367508
   1461, 367757
   1462, 368006
   1463, 368256
   1464, 368480
   1465, 368749
   1466, 368993
   1467, 369241
   1468, 369484
   1469, 369739
   1470, 369984
   1471, 370213
   1472, 370469
   1473, 370692
   1474, 370958
   1475, 371218
   1476, 371444
   1477, 371709
   1478, 371965
   1479, 372221
   1480, 372474
   1481, 372714
   1482, 372963
   1483, 373205
   1484, 373407
   1485, 373711
   1486, 373954
   1487, 374165
   1488, 374455
   1489, 374709
   1490, 374930
   1491, 375202
   1492, 375413
   1493, 375682
   1494, 375867
   1495, 376097
   1496, 376267
   1497, 376484
   1498, 376648
   1499, 376872
   1500, 377051
   1501, 377272
   1502, 377443
   1503, 377669
   1504, 377837
   1505, 378058
   1506, 378236
   1507, 378464
   1508, 378638
   1509, 378864
   1510, 379026
   1511, 379265
   1512, 379440
   1513, 379670
   1514, 379842
   1515, 380056
   1516, 380226
   1517, 380470
   1518, 380633
   1519, 380874
   1520, 381053
   1521, 381281
   1522, 381448
   1523, 381687
   1524, 381861
   1525, 382100
   1526, 382269
   1527, 382485
   1528, 382654
   1529, 382894
   1530, 383057
   1531, 383300
   1532, 383474
   1533, 383708
   1534, 383879
   1535, 384124
   1536, 384295
   1537, 384551
   1538, 384721
   1539, 384962
   1540, 385129
   1541, 385388
   1542, 385558
   1543, 385830
   1544, 385999
   1545, 386259
   1546, 386428
   1547, 386687
   1548, 386868
   1549, 387110
   1550, 387282
   1551, 387529
   1552, 387696
   1553, 387964
   1554, 388140
   1555, 388416
   1556, 388584
   1557, 388871
   1558, 389044
   1559, 389422
   1560, 389769
   1561, 390027
   1562, 390278
   1563, 390532
   1564, 390789
   1565, 391039
   1566, 391277
   1567, 391533
   1568, 391786
   1569, 392030
   1570, 392273
   1571, 392524
   1572, 392766
   1573, 393018
   1574, 393265
   1575, 393515
   1576, 393760
   1577, 394020
   1578, 394204
   1579, 394481
   1580, 394736
   1581, 394998
   1582, 395254
   1583, 395512
   1584, 395762
   1585, 396013
   1586, 396264
   1587, 396523
   1588, 396777
   1589, 397018
   1590, 397261
   1591, 397506
   1592, 397731
   1593, 398010
   1594, 398256
   1595, 398504
   1596, 398760
   1597, 399015
   1598, 399264
   1599, 399505
   1600, 399759
   1601, 400006
   1602, 400260
   1603, 400506
   1604, 400754
   1605, 401011
   1606, 401275
   1607, 401527
   1608, 401773
   1609, 402025
   1610, 402278
   1611, 402533
   1612, 402793
   1613, 403042
   1614, 403290
   1615, 403548
   1616, 403807
   1617, 404061
   1618, 404309
   1619, 404559
   1620, 404805
   1621, 404979
   1622, 405306
   1623, 405486
   1624, 405751
   1625, 406067
   1626, 406319
   1627, 406571
   1628, 406812
   1629, 407067
   1630, 407318
   1631, 407566
   1632, 407814
   1633, 408056
   1634, 408308
   1635, 408567
   1636, 408818
   1637, 409060
   1638, 409309
   1639, 409563
   1640, 409816
   1641, 410075
   1642, 410320
   1643, 410565
   1644, 410819
   1645, 411075
   1646, 411330
   1647, 411573
   1648, 411826
   1649, 412066
   1650, 412321
   1651, 412570
   1652, 412816
   1653, 413053
   1654, 413304
   1655, 413558
   1656, 413807
   1657, 414049
   1658, 414230
   1659, 414503
   1660, 414690
   1661, 414952
   1662, 415219
   1663, 415527
   1664, 415718
   1665, 416003
   1666, 416264
   1667, 416520
   1668, 416773
   1669, 417026
   1670, 417282
   1671, 417540
   1672, 417787
   1673, 418037
   1674, 418297
   1675, 418550
   1676, 418797
   1677, 419041
   1678, 419295
   1679, 419546
   1680, 419793
   1681, 420047
   1682, 420289
   1683, 420533
   1684, 420789
   1685, 421037
   1686, 421275
   1687, 421520
   1688, 421765
   1689, 422023
   1690, 422275
   1691, 422530
   1692, 422778
   1693, 423034
   1694, 423291
   1695, 423542
   1696, 423784
   1697, 424032
   1698, 424280
   1699, 424469
   1700, 424743
   1701, 424917
   1702, 425166
   1703, 425524
   1704, 425780
   1705, 426027
   1706, 426273
   1707, 426521
   1708, 426768
   1709, 427019
   1710, 427264
   1711, 427510
   1712, 427757
   1713, 428015
   1714, 428258
   1715, 428501
   1716, 428751
   1717, 428993
   1718, 429242
   1719, 429496
   1720, 429734
   1721, 429976
   1722, 430231
   1723, 430491
   1724, 430744
   1725, 430984
   1726, 431242
   1727, 431490
   1728, 431746
   1729, 431999
   1730, 432247
   1731, 432494
   1732, 432751
   1733, 433007
   1734, 433254
   1735, 433503
   1736, 433751
   1737, 434005
   1738, 434253
   1739, 434498
   1740, 434742
   1741, 434988
   1742, 435244
   1743, 435493
   1744, 435736
   1745, 435982
   1746, 436233
   1747, 436485
   1748, 436737
   1749, 436981
   1750, 437232
   1751, 437477
   1752, 437727
   1753, 437975
   1754, 438219
   1755, 438468
   1756, 438719
   1757, 438976
   1758, 439231
   1759, 439477
   1760, 439731
   1761, 439988
   1762, 440239
   1763, 440487
   1764, 440734
   1765, 440986
   1766, 441240
   1767, 441496
   1768, 441741
   1769, 441987
   1770, 442232
   1771, 442491
   1772, 442736
   1773, 442974
   1774, 443220
   1775, 443470
   1776, 443723
   1777, 443980
   1778, 444232
   1779, 444479
   1780, 444730
   1781, 444994
   1782, 445240
   1783, 445483
   1784, 445735
   1785, 445982
   1786, 446240
   1787, 446499
   1788, 446745
   1789, 446994
   1790, 447250
   1791, 447511
   1792, 447763
   1793, 448007
   1794, 448262
   1795, 448510
   1796, 448766
   1797, 449019
   1798, 449273
   1799, 449518
   1800, 449779
   1801, 450034
   1802, 450281
   1803, 450521
   1804, 450772
   1805, 451015
   1806, 451266
   1807, 451510
   1808, 451758
   1809, 452006
   1810, 452266
   1811, 452514
   1812, 452764
   1813, 453010
   1814, 453262
   1815, 453516
   1816, 453769
   1817, 454015
   1818, 454269
   1819, 454525
   1820, 454784
   1821, 454998
   1822, 455256
   1823, 455532
   1824, 455779
   1825, 456043
   1826, 456298
   1827, 456549
   1828, 456794
   1829, 457057
   1830, 457311
   1831, 457558
   1832, 457806
   1833, 458051
   1834, 458299
   1835, 458547
   1836, 458793
   1837, 459039
   1838, 459281
   1839, 459541
   1840, 459790
   1841, 460030
   1842, 460283
   1843, 460531
   1844, 460787
   1845, 461041
   1846, 461289
   1847, 461532
   1848, 461788
   1849, 462047
   1850, 462303
   1851, 462550
   1852, 462807
   1853, 463059
   1854, 463313
   1855, 463558
   1856, 463804
   1857, 464047
   1858, 464301
   1859, 464547
   1860, 464792
   1861, 464980
   1862, 465258
   1863, 465439
   1864, 465742
   1865, 465921
   1866, 466282
   1867, 466459
   1868, 466797
   1869, 466975
   1870, 467305
   1871, 467477
   1872, 467811
   1873, 467986
   1874, 468318
   1875, 468492
   1876, 468814
   1877, 468999
   1878, 469327
   1879, 469505
   1880, 469828
   1881, 470012
   1882, 470339
   1883, 470521
   1884, 470848
   1885, 471021
   1886, 471339
   1887, 471528
   1888, 471840
   1889, 472009
   1890, 472325
   1891, 472506
   1892, 472822
   1893, 473005
   1894, 473324
   1895, 473495
   1896, 473815
   1897, 474000
   1898, 474283
   1899, 474452
   1900, 474808
   1901, 474990
   1902, 475323
   1903, 475510
   1904, 475830
   1905, 476008
   1906, 476334
   1907, 476513
   1908, 476828
   1909, 476999
   1910, 477322
   1911, 477501
   1912, 477821
   1913, 477999
   1914, 478311
   1915, 478496
   1916, 478814
   1917, 478996
   1918, 479309
   1919, 479486
   1920, 479807
   1921, 479989
   1922, 480313
   1923, 480490
   1924, 480806
   1925, 480988
   1926, 481312
   1927, 481492
   1928, 481797
   1929, 481972
   1930, 482295
   1931, 482477
   1932, 482806
   1933, 482980
   1934, 483291
   1935, 483480
   1936, 483811
   1937, 483991
   1938, 484295
   1939, 484471
   1940, 484732
   1941, 484923
   1942, 485229
   1943, 485410
   1944, 485740
   1945, 485921
   1946, 486258
   1947, 486441
   1948, 486752
   1949, 486930
   1950, 487250
   1951, 487441
   1952, 487763
   1953, 487947
   1954, 488267
   1955, 488451
   1956, 488782
   1957, 488965
   1958, 489281
   1959, 489458
   1960, 489781
   1961, 489961
   1962, 490283
   1963, 490461
   1964, 490783
   1965, 490969
   1966, 491293
   1967, 491477
   1968, 491788
   1969, 491974
   1970, 492296
   1971, 492491
   1972, 492805
   1973, 492982
   1974, 493318
   1975, 493509
   1976, 493823
   1977, 494005
   1978, 494321
   1979, 494494
   1980, 494827
   1981, 495008
   1982, 495328
   1983, 495504
   1984, 495836
   1985, 496019
   1986, 496325
   1987, 496507
   1988, 496816
   1989, 497003
   1990, 497306
   1991, 497488
   1992, 497792
   1993, 497974
   1994, 498291
   1995, 498472
   1996, 498775
   1997, 498946
   1998, 499260
   1999, 499443
   2000, 499736
   2001, 499912
   2002, 500245
   2003, 500428
   2004, 500763
   2005, 500946
   2006, 501256
   2007, 501434
   2008, 501754
   2009, 501937
   2010, 502246
   2011, 502420
   2012, 502735
   2013, 502918
   2014, 503225
   2015, 503404
   2016, 503706
   2017, 503897
   2018, 504195
   2019, 504371
   2020, 504681
   2021, 504863
   2022, 505163
   2023, 505350
   2024, 505654
   2025, 505835
   2026, 506137
   2027, 506330
   2028, 506631
   2029, 506810
   2030, 507128
   2031, 507305
   2032, 507612
   2033, 507801
   2034, 508115
   2035, 508286
   2036, 508600
   2037, 508785
   2038, 509107
   2039, 509288
   2040, 509605
   2041, 509786
   2042, 510087
   2043, 510285
   2044, 510587
   2045, 510762
   2046, 511077
   2047, 511256
   2048, 511576
   2049, 511763
   2050, 512070
   2051, 512253
   2052, 512565
   2053, 512761
   2054, 513068
   2055, 513248
   2056, 513571
   2057, 513751
   2058, 514081
   2059, 514271
   2060, 514588
   2061, 514769
   2062, 515094
   2063, 515283
   2064, 515599
   2065, 515775
   2066, 516100
   2067, 516277
   2068, 516603
   2069, 516790
   2070, 517096
   2071, 517278
   2072, 517603
   2073, 517790
   2074, 518096
   2075, 518276
   2076, 518604
   2077, 518786
   2078, 519115
   2079, 519290
   2080, 519580
   2081, 519780
   2082, 520119
   2083, 520300
   2084, 520611
   2085, 520793
   2086, 521111
   2087, 521293
   2088, 521623
   2089, 521870
   2090, 522058
   2091, 522362
   2092, 522611
   2093, 522855
   2094, 523092
   2095, 523337
   2096, 523577
   2097, 523824
   2098, 524071
   2099, 524314
   2100, 524550
   2101, 524796
   2102, 525043
   2103, 525288
   2104, 525521
   2105, 525761
   2106, 526004
   2107, 526250
   2108, 526494
   2109, 526746
   2110, 526986
   2111, 527243
   2112, 527490
   2113, 527736
   2114, 527984
   2115, 528228
   2116, 528476
   2117, 528729
   2118, 528970
   2119, 529211
   2120, 529462
   2121, 529717
   2122, 529964
   2123, 530205
   2124, 530453
   2125, 530699
   2126, 530951
   2127, 531208
   2128, 531451
   2129, 531692
   2130, 531949
   2131, 532205
   2132, 532458
   2133, 532697
   2134, 532955
   2135, 533199
   2136, 533457
   2137, 533708
   2138, 533955
   2139, 534208
   2140, 534475
   2141, 534733
   2142, 534980
   2143, 535242
   2144, 535499
   2145, 535697
   2146, 535984
   2147, 536171
   2148, 536410
   2149, 536788
   2150, 536978
   2151, 537256
   2152, 537545
   2153, 537797
   2154, 538048
   2155, 538302
   2156, 538475
   2157, 538751
   2158, 538928
   2159, 539205
   2160, 539530
   2161, 539779
   2162, 540031
   2163, 540278
   2164, 540525
   2165, 540782
   2166, 541021
   2167, 541252
   2168, 541495
   2169, 541745
   2170, 541983
   2171, 542213
   2172, 542459
   2173, 542687
   2174, 542947
   2175, 543198
   2176, 543432
   2177, 543683
   2178, 543934
   2179, 544186
   2180, 544429
   2181, 544663
   2182, 544914
   2183, 545108
   2184, 545384
   2185, 545568
   2186, 545805
   2187, 546148
   2188, 546404
   2189, 546614
   2190, 546902
   2191, 547142
   2192, 547371
   2193, 547631
   2194, 547886
   2195, 548136
   2196, 548389
   2197, 548628
   2198, 548875
   2199, 549136
   2200, 549357
   2201, 549624
   2202, 549874
   2203, 550078
   2204, 550371
   2205, 550618
   2206, 550805
   2207, 551101
   2208, 551293
   2209, 551532
   2210, 551912
   2211, 552101
   2212, 552724
   2213, 552999
   2214, 553251
   2215, 553507
   2216, 553763
   2217, 554023
   2218, 554271
   2219, 554516
   2220, 554768
   2221, 555017
   2222, 555210
   2223, 555528
   2224, 555783
   2225, 555966
   2226, 556293
   2227, 556548
   2228, 556717
   2229, 557056
   2230, 557244
   2231, 557512
   2232, 557849
   2233, 558092
   2234, 558281
   2235, 558539
   2236, 558730
   2237, 558963
   2238, 559139
   2239, 559357
   2240, 559752
   2241, 560084
   2242, 560291
   2243, 560646
   2244, 560916
   2245, 561115
   2246, 561455
   2247, 561707
   2248, 561899
   2249, 562222
   2250, 562481
   2251, 562682
   2252, 562981
   2253, 563225
   2254, 563426
   2255, 563722
   2256, 563972
   2257, 564168
   2258, 564460
   2259, 564714
   2260, 564904
   2261, 565135
   2262, 565419
   2263, 565684
   2264, 565946
   2265, 566196
   2266, 566435
   2267, 566679
   2268, 566919
   2269, 567163
   2270, 567414
   2271, 567645
   2272, 567880
   2273, 568126
   2274, 568377
   2275, 568615
   2276, 568848
   2277, 569087
   2278, 569327
   2279, 569568
   2280, 569820
   2281, 570059
   2282, 570298
   2283, 570547
   2284, 570801
   2285, 571053
   2286, 571293
   2287, 571541
   2288, 571789
   2289, 572040
   2290, 572289
   2291, 572541
   2292, 572784
   2293, 573035
   2294, 573287
   2295, 573535
   2296, 573782
   2297, 574034
   2298, 574289
   2299, 574550
   2300, 574805
   2301, 575060
   2302, 575323
   2303, 575596
   2304, 575814
   2305, 576040
   2306, 576368
   2307, 576590
   2308, 576915
   2309, 577102
   2310, 577350
   2311, 577709
   2312, 577982
   2313, 578236
   2314, 578491
   2315, 578744
   2316, 578999
   2317, 579250
   2318, 579514
   2319, 579760
   2320, 580008
   2321, 580269
   2322, 580521
   2323, 580754
   2324, 581013
   2325, 581272
   2326, 581519
   2327, 581773
   2328, 582025
   2329, 582279
   2330, 582522
   2331, 582788
   2332, 583041
   2333, 583288
   2334, 583536
   2335, 583788
   2336, 584037
   2337, 584287
   2338, 584529
   2339, 584774
   2340, 585015
   2341, 585271
   2342, 585520
   2343, 585760
   2344, 586008
   2345, 586261
   2346, 586512
   2347, 586766
   2348, 586947
   2349, 587226
   2350, 587406
   2351, 587659
   2352, 588005
   2353, 588251
   2354, 588502
   2355, 588748
   2356, 589004
   2357, 589255
   2358, 589499
   2359, 589740
   2360, 589992
   2361, 590238
   2362, 590483
   2363, 590657
   2364, 590927
   2365, 591104
   2366, 591359
   2367, 591691
   2368, 591940
   2369, 592179
   2370, 592402
   2371, 592669
   2372, 592925
   2373, 593168
   2374, 593410
   2375, 593649
   2376, 593897
   2377, 594150
   2378, 594395
   2379, 594577
   2380, 594867
   2381, 595055
   2382, 595285
   2383, 595642
   2384, 595838
   2385, 596132
   2386, 596317
   2387, 596665
   2388, 596839
   2389, 597170
   2390, 597356
   2391, 597677
   2392, 597848
   2393, 598163
   2394, 598335
   2395, 598659
   2396, 598842
   2397, 599157
   2398, 599327
   2399, 599658
   2400, 599838
   2401, 600166
   2402, 600345
   2403, 600660
   2404, 600839
   2405, 601166
   2406, 601343
   2407, 601651
   2408, 601832
   2409, 602164
   2410, 602342
   2411, 602657
   2412, 602838
   2413, 603150
   2414, 603332
   2415, 603653
   2416, 603832
   2417, 604132
   2418, 604318
   2419, 604634
   2420, 604819
   2421, 605122
   2422, 605303
   2423, 605610
   2424, 605787
   2425, 606103
   2426, 606287
   2427, 606585
   2428, 606763
   2429, 607079
   2430, 607264
   2431, 607570
   2432, 607754
   2433, 608067
   2434, 608246
   2435, 608569
   2436, 608754
   2437, 609056
   2438, 609246
   2439, 609558
   2440, 609740
   2441, 610043
   2442, 610232
   2443, 610545
   2444, 610730
   2445, 611040
   2446, 611222
   2447, 611537
   2448, 611727
   2449, 612023
   2450, 612209
   2451, 612515
   2452, 612704
   2453, 613023
   2454, 613211
   2455, 613514
   2456, 613694
   2457, 614003
   2458, 614196
   2459, 614499
   2460, 614676
   2461, 614978
   2462, 615161
   2463, 615465
   2464, 615653
   2465, 615963
   2466, 616136
   2467, 616455
   2468, 616656
   2469, 616927
   2470, 617191
   2471, 617443
   2472, 617688
   2473, 617936
   2474, 618197
   2475, 618441
   2476, 618639
   2477, 618923
   2478, 619199
   2479, 619453
   2480, 619701
   2481, 619950
   2482, 620129
   2483, 620352
   2484, 620687
   2485, 620945
   2486, 621194
   2487, 621454
   2488, 621712
   2489, 621965
   2490, 622208
   2491, 622460
   2492, 622709
   2493, 622957
   2494, 623211
   2495, 623459
   2496, 623705
   2497, 623964
   2498, 624217
   2499, 624464
   2500, 624713
   2501, 624965
   2502, 625217
   2503, 625476
   2504, 625725
   2505, 625973
   2506, 626233
   2507, 626490
   2508, 626745
   2509, 626929
   2510, 627210
   2511, 627389
   2512, 627622
   2513, 627990
   2514, 628171
   2515, 628445
   2516, 628752
   2517, 629002
   2518, 629246
   2519, 629493
   2520, 629738
   2521, 629989
   2522, 630244
   2523, 630486
   2524, 630727
   2525, 630979
   2526, 631232
   2527, 631483
   2528, 631727
   2529, 631980
   2530, 632225
   2531, 632475
   2532, 632726
   2533, 632919
   2534, 633196
   2535, 633386
   2536, 633624
   2537, 633973
   2538, 634221
   2539, 634425
   2540, 634725
   2541, 634922
   2542, 635160
   2543, 635484
   2544, 635744
   2545, 636001
   2546, 636255
   2547, 636500
   2548, 636747
   2549, 636990
   2550, 637245
   2551, 637490
   2552, 637733
   2553, 637981
   2554, 638229
   2555, 638479
   2556, 638730
   2557, 638979
   2558, 639233
   2559, 639485
   2560, 639743
   2561, 639994
   2562, 640241
   2563, 640498
   2564, 640755
   2565, 641006
   2566, 641250
   2567, 641508
   2568, 641760
   2569, 642017
   2570, 642276
   2571, 642531
   2572, 642777
   2573, 643035
   2574, 643290
   2575, 643538
   2576, 643785
   2577, 644039
   2578, 644295
   2579, 644544
   2580, 644794
   2581, 645041
   2582, 645289
   2583, 645545
   2584, 645768
   2585, 646041
   2586, 646225
   2587, 646453
   2588, 646805
   2589, 646998
   2590, 647276
   2591, 647574
   2592, 647830
   2593, 648089
   2594, 648345
   2595, 648597
   2596, 648850
   2597, 649102
   2598, 649360
   2599, 649610
   2600, 649861
