      0,   1150
      1,   1412
      2,   1678
      3,   1938
      4,   2211
      5,   2478
      6,   2738
      7,   2997
      8,   3255
      9,   3514
     10,   3775
     11,   4038
     12,   4311
     13,   4581
     14,   4852
     15,   5127
     16,   5399
     17,   5674
     18,   5938
     19,   6205
     20,   6470
     21,   6744
     22,   7017
     23,   7274
     24,   7536
     25,   7787
     26,   8036
     27,   8285
     28,   8535
     29,   8794
     30,   9064
     31,   9341
     32,   9609
     33,   9883
     34,  10168
     35,  10449
     36,  10729
     37,  11001
     38,  11271
     39,  11543
     40,  11817
     41,  12090
     42,  12370
     43,  12655
     44,  12935
     45,  13220
     46,  13510
     47,  13792
     48,  14067
     49,  14343
     50,  14622
     51,  14887
     52,  15164
     53,  15446
     54,  15719
     55,  15995
     56,  16281
     57,  16582
     58,  16879
     59,  17175
     60,  17463
     61,  17741
     62,  18020
     63,  18291
     64,  18572
     65,  18863
     66,  19146
     67,  19426
     68,  19703
     69,  19991
     70,  20282
     71,  20572
     72,  20846
     73,  21123
     74,  21407
     75,  21701
     76,  22009
     77,  22313
     78,  22607
     79,  22907
     80,  23212
     81,  23505
     82,  23790
     83,  24070
     84,  24361
     85,  24661
     86,  24959
     87,  25256
     88,  25556
     89,  25839
     90,  26101
     91,  26365
     92,  26634
     93,  26896
     94,  27171
     95,  27459
     96,  27752
     97,  28045
     98,  28342
     99,  28644
    100,  28934
    101,  29223
    102,  29507
    103,  29796
    104,  30094
    105,  30394
    106,  30682
    107,  30963
    108,  31233
    109,  31508
    110,  31801
    111,  32091
    112,  32388
    113,  32683
    114,  32992
    115,  33301
    116,  33595
    117,  33881
    118,  34167
    119,  34451
    120,  34731
    121,  35021
    122,  35321
    123,  35632
    124,  35959
    125,  36272
    126,  36587
    127,  36902
    128,  37196
    129,  37488
    130,  37775
    131,  38068
    132,  38367
    133,  38678
    134,  38988
    135,  39279
    136,  39564
    137,  39848
    138,  40136
    139,  40413
    140,  40694
    141,  40978
    142,  41255
    143,  41544
    144,  41841
    145,  42150
    146,  42450
    147,  42758
    148,  43076
    149,  43385
    150,  43680
    151,  43956
    152,  44230
    153,  44497
    154,  44767
    155,  45042
    156,  45308
    157,  45577
    158,  45849
    159,  46123
    160,  46402
    161,  46674
    162,  46960
    163,  47284
    164,  47611
    165,  47944
    166,  48260
    167,  48559
    168,  48853
    169,  49149
    170,  49438
    171,  49723
    172,  50006
    173,  50283
    174,  50563
    175,  50850
    176,  51140
    177,  51434
    178,  51729
    179,  52016
    180,  52307
    181,  52607
    182,  52902
    183,  53189
    184,  53469
    185,  53743
    186,  54019
    187,  54286
    188,  54558
    189,  54832
    190,  55105
    191,  55389
    192,  55683
    193,  55974
    194,  56248
    195,  56519
    196,  56783
    197,  57048
    198,  57309
    199,  57579
    200,  57851
    201,  58126
    202,  58402
    203,  58673
    204,  58955
    205,  59250
    206,  59532
    207,  59803
    208,  60057
    209,  60306
    210,  60548
    211,  60787
    212,  61027
    213,  61274
    214,  61516
    215,  61764
    216,  62010
    217,  62267
    218,  62526
    219,  62777
    220,  63031
    221,  63277
    222,  63521
    223,  63771
    224,  64013
    225,  64260
    226,  64508
    227,  64744
    228,  64983
    229,  65216
    230,  65448
    231,  65684
    232,  65913
    233,  66140
    234,  66358
    235,  66576
    236,  66793
    237,  67026
    238,  67267
    239,  67527
    240,  67808
    241,  68087
    242,  68361
    243,  68618
    244,  68872
    245,  69117
    246,  69348
    247,  69579
    248,  69803
    249,  70029
    250,  70263
    251,  70501
    252,  70746
    253,  71009
    254,  71271
    255,  71532
    256,  71793
    257,  72067
    258,  72335
    259,  72591
    260,  72852
    261,  73103
    262,  73354
    263,  73606
    264,  73857
    265,  74120
    266,  74392
    267,  74655
    268,  74915
    269,  75176
    270,  75441
    271,  75704
    272,  75965
    273,  76227
    274,  76492
    275,  76751
    276,  77001
    277,  77253
    278,  77500
    279,  77741
    280,  77977
    281,  78209
    282,  78440
    283,  78675
    284,  78916
    285,  79159
    286,  79411
    287,  79658
    288,  79912
    289,  80170
    290,  80432
    291,  80686
    292,  80944
    293,  81191
    294,  81441
    295,  81686
    296,  81929
    297,  82173
    298,  82407
    299,  82638
    300,  82865
    301,  83100
    302,  83350
    303,  83599
    304,  83860
    305,  84120
    306,  84376
    307,  84624
    308,  84863
    309,  85112
    310,  85358
    311,  85598
    312,  85843
    313,  86085
    314,  86347
    315,  86616
    316,  86866
    317,  87114
    318,  87363
    319,  87613
    320,  87859
    321,  88103
    322,  88351
    323,  88601
    324,  88846
    325,  89093
    326,  89340
    327,  89601
    328,  89874
    329,  90134
    330,  90399
    331,  90677
    332,  90932
    333,  91185
    334,  91436
    335,  91696
    336,  91968
    337,  92239
    338,  92499
    339,  92752
    340,  93010
    341,  93267
    342,  93535
    343,  93805
    344,  94067
    345,  94320
    346,  94570
    347,  94836
    348,  95135
    349,  95440
    350,  95752
    351,  96059
    352,  96354
    353,  96622
    354,  96888
    355,  97146
    356,  97394
    357,  97643
    358,  97885
    359,  98126
    360,  98371
    361,  98608
    362,  98849
    363,  99085
    364,  99334
    365,  99585
    366,  99828
    367, 100078
    368, 100322
    369, 100572
    370, 100834
    371, 101097
    372, 101372
    373, 101637
    374, 101886
    375, 102146
    376, 102417
    377, 102701
    378, 103000
    379, 103339
    380, 103659
    381, 103989
    382, 104325
    383, 104676
    384, 105037
    385, 105359
    386, 105662
    387, 105974
    388, 106304
    389, 106658
    390, 107019
    391, 107371
    392, 107720
    393, 108062
    394, 108403
    395, 108736
    396, 109063
    397, 109411
    398, 109765
    399, 110098
    400, 110425
    401, 110765
    402, 111091
    403, 111429
    404, 111780
    405, 112104
    406, 112416
    407, 112759
    408, 113113
    409, 113450
    410, 113794
    411, 114095
    412, 114399
    413, 114724
    414, 115045
    415, 115367
    416, 115706
    417, 116050
    418, 116401
    419, 116741
    420, 117081
    421, 117431
    422, 117771
    423, 118097
    424, 118430
    425, 118775
    426, 119138
    427, 119504
    428, 119848
    429, 120183
    430, 120534
    431, 120877
    432, 121222
    433, 121569
    434, 121910
    435, 122265
    436, 122619
    437, 122926
    438, 123235
    439, 123553
    440, 123899
    441, 124237
    442, 124553
    443, 124859
    444, 125164
    445, 125480
    446, 125818
    447, 126161
    448, 126479
    449, 126778
    450, 127083
    451, 127402
    452, 127749
    453, 128104
    454, 128453
    455, 128799
    456, 129115
    457, 129413
    458, 129696
    459, 129982
    460, 130275
    461, 130586
    462, 130931
    463, 131278
    464, 131627
    465, 131944
    466, 132262
    467, 132553
    468, 132844
    469, 133149
    470, 133478
    471, 133810
    472, 134174
    473, 134549
    474, 134905
    475, 135255
    476, 135606
    477, 135941
    478, 136275
    479, 136591
    480, 136922
    481, 137270
    482, 137603
    483, 137939
    484, 138277
    485, 138631
    486, 138984
    487, 139332
    488, 139672
    489, 139991
    490, 140295
    491, 140600
    492, 140913
    493, 141236
    494, 141573
    495, 141909
    496, 142262
    497, 142617
    498, 142956
    499, 143292
    500, 143640
    501, 144010
    502, 144378
    503, 144714
    504, 145057
    505, 145416
    506, 145757
    507, 146106
    508, 146457
    509, 146814
    510, 147179
    511, 147511
    512, 147834
    513, 148157
    514, 148489
    515, 148840
    516, 149166
    517, 149484
    518, 149810
    519, 150137
    520, 150471
    521, 150790
    522, 151110
    523, 151444
    524, 151791
    525, 152137
    526, 152458
    527, 152778
    528, 153106
    529, 153414
    530, 153750
    531, 154108
    532, 154473
    533, 154847
    534, 155170
    535, 155497
    536, 155825
    537, 156148
    538, 156449
    539, 156741
    540, 157050
    541, 157370
    542, 157697
    543, 158033
    544, 158385
    545, 158727
    546, 159068
    547, 159371
    548, 159675
    549, 159979
    550, 160301
    551, 160624
    552, 160946
    553, 161242
    554, 161527
    555, 161806
    556, 162096
    557, 162410
    558, 162717
    559, 163043
    560, 163375
    561, 163709
    562, 164005
    563, 164293
    564, 164578
    565, 164858
    566, 165144
    567, 165447
    568, 165771
    569, 166100
    570, 166410
    571, 166730
    572, 167051
    573, 167357
    574, 167662
    575, 167970
    576, 168280
    577, 168601
    578, 168926
    579, 169226
    580, 169533
    581, 169846
    582, 170176
    583, 170499
    584, 170804
    585, 171106
    586, 171421
    587, 171749
    588, 172080
    589, 172400
    590, 172726
    591, 173058
    592, 173405
    593, 173748
    594, 174077
    595, 174400
    596, 174713
    597, 175013
    598, 175320
    599, 175643
    600, 175975
    601, 176317
    602, 176677
    603, 177037
    604, 177365
    605, 177669
    606, 177981
    607, 178306
    608, 178655
    609, 178997
    610, 179337
    611, 179651
    612, 179977
    613, 180287
    614, 180612
    615, 180932
    616, 181270
    617, 181616
    618, 181934
    619, 182255
    620, 182579
    621, 182909
    622, 183253
    623, 183591
    624, 183933
    625, 184261
    626, 184588
    627, 184919
    628, 185229
    629, 185529
    630, 185813
    631, 186089
    632, 186389
    633, 186702
    634, 187032
    635, 187363
    636, 187707
    637, 188020
    638, 188341
    639, 188671
    640, 188983
    641, 189294
    642, 189610
    643, 189940
    644, 190269
    645, 190601
    646, 190944
    647, 191260
    648, 191588
    649, 191927
    650, 192269
    651, 192616
    652, 192946
    653, 193275
    654, 193612
    655, 193941
    656, 194285
    657, 194616
    658, 194943
    659, 195277
    660, 195616
    661, 195965
    662, 196319
    663, 196647
    664, 196971
    665, 197305
    666, 197638
    667, 197960
    668, 198285
    669, 198612
    670, 198921
    671, 199228
    672, 199542
    673, 199843
    674, 200158
    675, 200480
    676, 200815
    677, 201126
    678, 201447
    679, 201769
    680, 202080
    681, 202391
    682, 202713
    683, 203042
    684, 203372
    685, 203685
    686, 203996
    687, 204300
    688, 204590
    689, 204870
    690, 205129
    691, 205380
    692, 205627
    693, 205878
    694, 206126
    695, 206368
    696, 206630
    697, 206956
    698, 207304
    699, 207643
    700, 207999
    701, 208349
    702, 208682
    703, 209014
    704, 209341
    705, 209655
    706, 209969
    707, 210291
    708, 210627
    709, 210964
    710, 211306
    711, 211634
    712, 211961
    713, 212290
    714, 212628
    715, 212951
    716, 213274
    717, 213584
    718, 213879
    719, 214159
    720, 214438
    721, 214740
    722, 215075
    723, 215416
    724, 215764
    725, 216090
    726, 216411
    727, 216729
    728, 217063
    729, 217405
    730, 217742
    731, 218074
    732, 218407
    733, 218736
    734, 219066
    735, 219395
    736, 219726
    737, 220055
    738, 220387
    739, 220705
    740, 221031
    741, 221358
    742, 221665
    743, 221966
    744, 222279
    745, 222603
    746, 222930
    747, 223240
    748, 223556
    749, 223867
    750, 224186
    751, 224501
    752, 224808
    753, 225123
    754, 225438
    755, 225755
    756, 226078
    757, 226403
    758, 226721
    759, 227054
    760, 227378
    761, 227713
    762, 228048
    763, 228376
    764, 228691
    765, 229022
    766, 229350
    767, 229672
    768, 229990
    769, 230314
    770, 230645
    771, 230968
    772, 231261
    773, 231551
    774, 231839
    775, 232161
    776, 232497
    777, 232817
    778, 233132
    779, 233452
    780, 233769
    781, 234081
    782, 234387
    783, 234699
    784, 235024
    785, 235362
    786, 235699
    787, 236035
    788, 236372
    789, 236704
    790, 237018
    791, 237336
    792, 237660
    793, 237979
    794, 238294
    795, 238638
    796, 238981
    797, 239304
    798, 239622
    799, 239953
    800, 240264
    801, 240567
    802, 240877
    803, 241191
    804, 241516
    805, 241839
    806, 242147
    807, 242454
    808, 242766
    809, 243083
    810, 243388
    811, 243686
    812, 243991
    813, 244291
    814, 244582
    815, 244876
    816, 245183
    817, 245493
    818, 245809
    819, 246125
    820, 246436
    821, 246728
    822, 247024
    823, 247322
    824, 247614
    825, 247912
    826, 248236
    827, 248579
    828, 248910
    829, 249231
    830, 249578
    831, 249917
    832, 250250
    833, 250583
    834, 250895
    835, 251205
    836, 251535
    837, 251880
    838, 252221
    839, 252571
    840, 252924
    841, 253252
    842, 253571
    843, 253886
    844, 254189
    845, 254492
    846, 254801
    847, 255115
    848, 255436
    849, 255758
    850, 256081
    851, 256388
    852, 256703
    853, 257022
    854, 257338
    855, 257636
    856, 257942
    857, 258259
    858, 258559
    859, 258865
    860, 259178
    861, 259501
    862, 259832
    863, 260142
    864, 260438
    865, 260729
    866, 261011
    867, 261321
    868, 261653
    869, 261972
    870, 262276
    871, 262589
    872, 262903
    873, 263216
    874, 263534
    875, 263844
    876, 264156
    877, 264453
    878, 264750
    879, 265053
    880, 265362
    881, 265673
    882, 265988
    883, 266271
    884, 266558
    885, 266850
    886, 267138
    887, 267423
    888, 267708
    889, 267996
    890, 268292
    891, 268599
    892, 268907
    893, 269222
    894, 269517
    895, 269820
    896, 270119
    897, 270411
    898, 270706
    899, 271013
    900, 271339
    901, 271674
    902, 272013
    903, 272354
    904, 272687
    905, 272995
    906, 273293
    907, 273594
    908, 273899
    909, 274226
    910, 274562
    911, 274895
    912, 275225
    913, 275542
    914, 275859
    915, 276172
    916, 276472
    917, 276771
    918, 277078
    919, 277396
    920, 277728
    921, 278053
    922, 278379
    923, 278700
    924, 279024
    925, 279325
    926, 279629
    927, 279945
    928, 280263
    929, 280581
    930, 280897
    931, 281220
    932, 281542
    933, 281859
    934, 282172
    935, 282490
    936, 282820
    937, 283150
    938, 283450
    939, 283754
    940, 284064
    941, 284398
    942, 284718
    943, 285027
    944, 285344
    945, 285663
    946, 285991
    947, 286318
    948, 286617
    949, 286910
    950, 287196
    951, 287506
    952, 287820
    953, 288146
    954, 288484
    955, 288798
    956, 289119
    957, 289452
    958, 289780
    959, 290095
    960, 290410
    961, 290735
    962, 291064
    963, 291385
    964, 291699
    965, 291989
    966, 292269
    967, 292556
    968, 292862
    969, 293181
    970, 293513
    971, 293831
    972, 294150
    973, 294466
    974, 294785
    975, 295111
    976, 295446
    977, 295783
    978, 296100
    979, 296400
    980, 296689
    981, 296998
    982, 297322
    983, 297643
    984, 297940
    985, 298225
    986, 298506
    987, 298789
    988, 299085
    989, 299374
    990, 299663
    991, 299970
    992, 300278
    993, 300595
    994, 300901
    995, 301211
    996, 301523
    997, 301812
    998, 302100
    999, 302395
   1000, 302702
   1001, 303014
   1002, 303328
   1003, 303631
   1004, 303940
   1005, 304238
   1006, 304540
   1007, 304849
   1008, 305149
   1009, 305434
   1010, 305716
   1011, 306005
   1012, 306306
   1013, 306599
   1014, 306910
   1015, 307243
   1016, 307549
   1017, 307853
   1018, 308164
   1019, 308478
   1020, 308783
   1021, 309068
   1022, 309342
   1023, 309615
   1024, 309887
   1025, 310178
   1026, 310491
   1027, 310817
   1028, 311143
   1029, 311484
   1030, 311823
   1031, 312160
   1032, 312488
   1033, 312790
   1034, 313092
   1035, 313398
   1036, 313700
   1037, 314012
   1038, 314339
   1039, 314672
   1040, 315007
   1041, 315327
   1042, 315651
   1043, 315977
   1044, 316265
   1045, 316548
   1046, 316842
   1047, 317138
   1048, 317441
   1049, 317758
   1050, 318080
   1051, 318389
   1052, 318712
   1053, 319033
   1054, 319346
   1055, 319640
   1056, 319940
   1057, 320255
   1058, 320566
   1059, 320881
   1060, 321184
   1061, 321474
   1062, 321755
   1063, 322042
   1064, 322336
   1065, 322622
   1066, 322912
   1067, 323214
   1068, 323534
   1069, 323868
   1070, 324198
   1071, 324536
   1072, 324868
   1073, 325204
   1074, 325535
   1075, 325849
   1076, 326152
   1077, 326455
   1078, 326761
   1079, 327068
   1080, 327385
   1081, 327688
   1082, 328000
   1083, 328313
   1084, 328627
   1085, 328942
   1086, 329235
   1087, 329522
   1088, 329817
   1089, 330118
   1090, 330430
   1091, 330751
   1092, 331062
   1093, 331376
   1094, 331700
   1095, 332019
   1096, 332347
   1097, 332680
   1098, 333015
   1099, 333358
   1100, 333696
   1101, 334031
   1102, 334356
   1103, 334668
   1104, 334982
   1105, 335306
   1106, 335638
   1107, 335972
   1108, 336318
   1109, 336653
   1110, 336971
   1111, 337273
   1112, 337571
   1113, 337859
   1114, 338160
   1115, 338484
   1116, 338813
   1117, 339138
   1118, 339471
   1119, 339810
   1120, 340148
   1121, 340475
   1122, 340803
   1123, 341119
   1124, 341437
   1125, 341753
   1126, 342048
   1127, 342325
   1128, 342604
   1129, 342894
   1130, 343195
   1131, 343522
   1132, 343851
   1133, 344171
   1134, 344491
   1135, 344826
   1136, 345160
   1137, 345484
   1138, 345800
   1139, 346101
   1140, 346395
   1141, 346677
   1142, 346953
   1143, 347239
   1144, 347549
   1145, 347879
   1146, 348200
   1147, 348524
   1148, 348834
   1149, 349142
   1150, 349460
   1151, 349765
   1152, 350072
   1153, 350375
   1154, 350670
   1155, 350956
   1156, 351238
   1157, 351515
   1158, 351775
   1159, 352034
   1160, 352291
   1161, 352555
   1162, 352846
   1163, 353158
   1164, 353451
   1165, 353755
   1166, 354061
   1167, 354360
   1168, 354645
   1169, 354924
   1170, 355207
   1171, 355483
   1172, 355770
   1173, 356069
   1174, 356373
   1175, 356686
   1176, 356998
   1177, 357309
   1178, 357618
   1179, 357930
   1180, 358251
   1181, 358575
   1182, 358878
   1183, 359174
   1184, 359460
   1185, 359738
   1186, 360003
   1187, 360275
   1188, 360576
   1189, 360898
   1190, 361207
   1191, 361512
   1192, 361823
   1193, 362122
   1194, 362432
   1195, 362720
   1196, 363007
   1197, 363288
   1198, 363571
   1199, 363859
   1200, 364151
   1201, 364434
   1202, 364700
   1203, 364962
   1204, 365219
   1205, 365485
   1206, 365768
   1207, 366054
   1208, 366342
   1209, 366635
   1210, 366935
   1211, 367218
   1212, 367500
   1213, 367778
   1214, 368051
   1215, 368333
   1216, 368622
   1217, 368919
   1218, 369206
   1219, 369482
   1220, 369757
   1221, 370036
   1222, 370317
   1223, 370604
   1224, 370886
   1225, 371165
   1226, 371444
   1227, 371719
   1228, 372010
   1229, 372316
   1230, 372633
   1231, 372958
   1232, 373287
   1233, 373591
   1234, 373889
   1235, 374185
   1236, 374480
   1237, 374773
   1238, 375058
   1239, 375349
   1240, 375640
   1241, 375941
   1242, 376245
   1243, 376553
   1244, 376868
   1245, 377178
   1246, 377495
   1247, 377811
   1248, 378111
   1249, 378398
   1250, 378677
   1251, 378953
   1252, 379244
   1253, 379543
   1254, 379855
   1255, 380172
   1256, 380502
   1257, 380833
   1258, 381138
   1259, 381439
   1260, 381742
   1261, 382058
   1262, 382370
   1263, 382682
   1264, 383008
   1265, 383340
   1266, 383676
   1267, 383995
   1268, 384291
   1269, 384585
   1270, 384875
   1271, 385180
   1272, 385486
   1273, 385805
   1274, 386117
   1275, 386425
   1276, 386728
   1277, 387040
   1278, 387362
   1279, 387691
   1280, 388018
   1281, 388352
   1282, 388673
   1283, 388997
   1284, 389317
   1285, 389644
   1286, 389969
   1287, 390295
   1288, 390618
   1289, 390934
   1290, 391219
   1291, 391498
   1292, 391778
   1293, 392035
   1294, 392300
   1295, 392576
   1296, 392873
   1297, 393188
   1298, 393491
   1299, 393784
   1300, 394067
   1301, 394346
   1302, 394615
   1303, 394885
   1304, 395152
   1305, 395406
   1306, 395650
   1307, 395896
   1308, 396138
   1309, 396376
   1310, 396617
   1311, 396856
   1312, 397099
   1313, 397332
   1314, 397564
   1315, 397792
   1316, 398022
   1317, 398248
   1318, 398470
   1319, 398691
   1320, 398905
   1321, 399125
   1322, 399349
   1323, 399582
   1324, 399821
   1325, 400064
   1326, 400320
   1327, 400566
   1328, 400820
   1329, 401073
   1330, 401337
   1331, 401611
   1332, 401885
   1333, 402150
   1334, 402409
   1335, 402662
   1336, 402922
   1337, 403189
   1338, 403446
   1339, 403695
   1340, 403941
   1341, 404174
   1342, 404411
   1343, 404657
   1344, 404913
   1345, 405174
   1346, 405438
   1347, 405709
   1348, 405987
   1349, 406257
   1350, 406527
   1351, 406795
   1352, 407040
   1353, 407283
   1354, 407509
   1355, 407739
   1356, 407963
   1357, 408189
   1358, 408418
   1359, 408658
   1360, 408906
   1361, 409165
   1362, 409425
   1363, 409710
   1364, 409992
   1365, 410259
   1366, 410529
   1367, 410787
   1368, 411048
   1369, 411309
   1370, 411563
   1371, 411816
   1372, 412068
   1373, 412321
   1374, 412582
   1375, 412849
   1376, 413113
   1377, 413382
   1378, 413652
   1379, 413915
   1380, 414179
   1381, 414444
   1382, 414698
   1383, 414948
   1384, 415186
   1385, 415433
   1386, 415679
   1387, 415924
   1388, 416174
   1389, 416422
   1390, 416666
   1391, 416912
   1392, 417157
   1393, 417406
   1394, 417671
   1395, 417932
   1396, 418191
   1397, 418444
   1398, 418690
   1399, 418933
   1400, 419176
   1401, 419424
   1402, 419669
   1403, 419913
   1404, 420164
   1405, 420417
   1406, 420672
   1407, 420933
   1408, 421192
   1409, 421453
   1410, 421701
   1411, 421960
   1412, 422210
   1413, 422454
   1414, 422703
   1415, 422946
   1416, 423183
   1417, 423418
   1418, 423650
   1419, 423886
   1420, 424126
   1421, 424374
   1422, 424623
   1423, 424867
   1424, 425114
   1425, 425367
   1426, 425620
   1427, 425882
   1428, 426160
   1429, 426436
   1430, 426714
   1431, 426988
   1432, 427260
   1433, 427541
   1434, 427809
   1435, 428083
   1436, 428366
   1437, 428639
   1438, 428911
   1439, 429192
   1440, 429466
   1441, 429737
   1442, 430009
   1443, 430269
   1444, 430545
   1445, 430821
   1446, 431094
   1447, 431372
   1448, 431635
   1449, 431901
   1450, 432173
   1451, 432444
   1452, 432725
   1453, 433008
   1454, 433291
   1455, 433575
   1456, 433874
   1457, 434154
   1458, 434434
   1459, 434723
   1460, 435024
   1461, 435328
   1462, 435643
   1463, 435948
   1464, 436242
   1465, 436539
   1466, 436822
   1467, 437108
   1468, 437399
   1469, 437695
   1470, 437993
   1471, 438294
   1472, 438605
   1473, 438919
   1474, 439221
   1475, 439524
   1476, 439831
   1477, 440126
   1478, 440425
   1479, 440729
   1480, 441032
   1481, 441325
   1482, 441621
   1483, 441918
   1484, 442211
   1485, 442494
   1486, 442771
   1487, 443039
   1488, 443311
   1489, 443588
   1490, 443873
   1491, 444155
   1492, 444443
   1493, 444740
   1494, 445041
   1495, 445345
   1496, 445641
   1497, 445940
   1498, 446222
   1499, 446501
   1500, 446777
   1501, 447058
   1502, 447340
   1503, 447631
   1504, 447929
   1505, 448234
   1506, 448541
   1507, 448842
   1508, 449144
   1509, 449432
   1510, 449717
   1511, 450008
   1512, 450313
   1513, 450606
   1514, 450903
   1515, 451209
   1516, 451525
   1517, 451840
   1518, 452162
   1519, 452486
   1520, 452800
   1521, 453103
   1522, 453415
   1523, 453725
   1524, 454014
   1525, 454299
   1526, 454597
   1527, 454871
   1528, 455148
   1529, 455429
   1530, 455701
   1531, 455955
   1532, 456200
   1533, 456450
   1534, 456713
   1535, 456988
   1536, 457274
   1537, 457560
   1538, 457848
   1539, 458144
   1540, 458435
   1541, 458711
   1542, 458972
   1543, 459234
   1544, 459496
   1545, 459765
   1546, 460037
   1547, 460298
   1548, 460572
   1549, 460838
   1550, 461114
   1551, 461402
   1552, 461695
   1553, 461992
   1554, 462278
   1555, 462558
   1556, 462839
   1557, 463132
   1558, 463423
   1559, 463712
   1560, 464004
   1561, 464305
   1562, 464589
   1563, 464875
   1564, 465155
   1565, 465422
   1566, 465683
   1567, 465942
   1568, 466218
   1569, 466508
   1570, 466793
   1571, 467092
   1572, 467402
   1573, 467699
   1574, 467991
   1575, 468284
   1576, 468563
   1577, 468833
   1578, 469101
   1579, 469362
   1580, 469635
   1581, 469915
   1582, 470201
   1583, 470472
   1584, 470756
   1585, 471044
   1586, 471324
   1587, 471615
   1588, 471909
   1589, 472206
   1590, 472492
   1591, 472783
   1592, 473075
   1593, 473364
   1594, 473643
   1595, 473927
   1596, 474214
   1597, 474488
   1598, 474756
   1599, 475020
   1600, 475275
   1601, 475542
   1602, 475811
   1603, 476094
   1604, 476389
   1605, 476683
   1606, 476972
   1607, 477252
   1608, 477541
   1609, 477820
   1610, 478100
   1611, 478383
   1612, 478662
   1613, 478941
   1614, 479220
   1615, 479500
   1616, 479779
   1617, 480056
   1618, 480336
   1619, 480622
   1620, 480911
   1621, 481201
   1622, 481490
   1623, 481774
   1624, 482051
   1625, 482320
   1626, 482592
   1627, 482865
   1628, 483129
   1629, 483390
   1630, 483668
   1631, 483962
   1632, 484255
   1633, 484555
   1634, 484859
   1635, 485155
   1636, 485449
   1637, 485727
   1638, 486002
   1639, 486264
   1640, 486531
   1641, 486799
   1642, 487063
   1643, 487331
   1644, 487595
   1645, 487870
   1646, 488156
   1647, 488442
   1648, 488731
   1649, 489022
   1650, 489314
   1651, 489597
   1652, 489876
   1653, 490140
   1654, 490408
   1655, 490678
   1656, 490959
   1657, 491238
   1658, 491517
   1659, 491806
   1660, 492090
   1661, 492378
   1662, 492668
   1663, 492950
   1664, 493229
   1665, 493506
   1666, 493775
   1667, 494044
   1668, 494328
   1669, 494625
   1670, 494904
   1671, 495189
   1672, 495469
   1673, 495758
   1674, 496052
   1675, 496359
   1676, 496652
   1677, 496947
   1678, 497227
   1679, 497509
   1680, 497784
   1681, 498048
   1682, 498321
   1683, 498599
   1684, 498885
   1685, 499181
   1686, 499478
   1687, 499762
   1688, 500063
   1689, 500365
   1690, 500663
   1691, 500958
   1692, 501247
   1693, 501524
   1694, 501798
   1695, 502072
   1696, 502348
   1697, 502606
   1698, 502865
   1699, 503118
   1700, 503372
   1701, 503632
   1702, 503902
   1703, 504178
   1704, 504451
   1705, 504716
   1706, 504975
   1707, 505246
   1708, 505506
   1709, 505762
   1710, 506022
   1711, 506276
   1712, 506524
   1713, 506780
   1714, 507039
   1715, 507294
   1716, 507547
   1717, 507799
   1718, 508051
   1719, 508296
   1720, 508538
   1721, 508778
   1722, 509014
   1723, 509248
   1724, 509484
   1725, 509724
   1726, 509975
   1727, 510226
   1728, 510485
   1729, 510743
   1730, 510989
   1731, 511235
   1732, 511483
   1733, 511730
   1734, 511981
   1735, 512233
   1736, 512489
   1737, 512737
   1738, 512992
   1739, 513257
   1740, 513533
   1741, 513810
   1742, 514087
   1743, 514375
   1744, 514670
   1745, 514958
   1746, 515261
   1747, 515570
   1748, 515874
   1749, 516175
   1750, 516486
   1751, 516788
   1752, 517090
   1753, 517391
   1754, 517685
   1755, 517961
   1756, 518245
   1757, 518526
   1758, 518790
   1759, 519050
   1760, 519305
   1761, 519569
   1762, 519846
   1763, 520133
   1764, 520417
   1765, 520707
   1766, 521002
   1767, 521290
   1768, 521599
   1769, 521917
   1770, 522237
   1771, 522552
   1772, 522863
   1773, 523175
   1774, 523497
   1775, 523794
   1776, 524084
   1777, 524365
   1778, 524643
   1779, 524932
   1780, 525210
   1781, 525477
   1782, 525736
   1783, 525992
   1784, 526247
   1785, 526495
   1786, 526742
   1787, 526997
   1788, 527240
   1789, 527493
   1790, 527750
   1791, 528008
   1792, 528279
   1793, 528545
   1794, 528822
   1795, 529102
   1796, 529388
   1797, 529654
   1798, 529919
   1799, 530184
   1800, 530440
   1801, 530702
   1802, 530958
   1803, 531220
   1804, 531493
   1805, 531761
   1806, 532027
   1807, 532289
   1808, 532545
   1809, 532803
   1810, 533072
   1811, 533353
   1812, 533634
   1813, 533911
   1814, 534179
   1815, 534445
   1816, 534716
   1817, 534980
   1818, 535242
   1819, 535500
   1820, 535769
   1821, 536059
   1822, 536358
   1823, 536641
   1824, 536926
   1825, 537221
   1826, 537506
   1827, 537786
   1828, 538068
   1829, 538345
   1830, 538627
   1831, 538905
   1832, 539181
   1833, 539445
   1834, 539718
   1835, 539987
   1836, 540250
   1837, 540512
   1838, 540775
   1839, 541045
   1840, 541330
   1841, 541614
   1842, 541896
   1843, 542177
   1844, 542463
   1845, 542738
   1846, 543011
   1847, 543283
   1848, 543545
   1849, 543815
   1850, 544092
   1851, 544389
   1852, 544694
   1853, 545002
   1854, 545299
   1855, 545593
   1856, 545866
   1857, 546136
   1858, 546403
   1859, 546675
   1860, 546955
   1861, 547240
   1862, 547539
   1863, 547851
   1864, 548161
   1865, 548450
   1866, 548737
   1867, 549023
   1868, 549295
   1869, 549560
   1870, 549819
   1871, 550069
   1872, 550317
   1873, 550572
   1874, 550849
   1875, 551130
   1876, 551405
   1877, 551676
   1878, 551952
   1879, 552227
   1880, 552506
   1881, 552793
   1882, 553077
   1883, 553350
   1884, 553622
   1885, 553896
   1886, 554169
   1887, 554440
   1888, 554708
   1889, 554974
   1890, 555244
   1891, 555508
   1892, 555781
   1893, 556064
   1894, 556344
   1895, 556622
   1896, 556905
   1897, 557196
   1898, 557487
   1899, 557776
   1900, 558067
   1901, 558357
   1902, 558657
   1903, 558958
   1904, 559272
   1905, 559572
   1906, 559865
   1907, 560151
   1908, 560444
   1909, 560747
   1910, 561053
   1911, 561367
   1912, 561672
   1913, 561967
   1914, 562243
   1915, 562507
   1916, 562761
   1917, 562998
   1918, 563231
   1919, 563462
   1920, 563698
   1921, 563939
   1922, 564185
   1923, 564439
   1924, 564692
   1925, 564953
   1926, 565216
   1927, 565475
   1928, 565725
   1929, 565969
   1930, 566202
   1931, 566438
   1932, 566676
   1933, 566923
   1934, 567177
   1935, 567431
   1936, 567702
   1937, 567981
   1938, 568270
   1939, 568557
   1940, 568855
   1941, 569154
   1942, 569434
   1943, 569717
   1944, 569996
   1945, 570268
   1946, 570542
   1947, 570806
   1948, 571065
   1949, 571316
   1950, 571572
   1951, 571826
   1952, 572087
   1953, 572360
   1954, 572628
   1955, 572905
   1956, 573180
   1957, 573471
   1958, 573758
   1959, 574040
   1960, 574313
   1961, 574588
   1962, 574859
   1963, 575123
   1964, 575391
   1965, 575651
   1966, 575907
   1967, 576167
   1968, 576427
   1969, 576692
   1970, 576965
   1971, 577224
   1972, 577484
   1973, 577742
   1974, 577996
   1975, 578252
   1976, 578504
   1977, 578758
   1978, 579014
   1979, 579270
   1980, 579520
   1981, 579773
   1982, 580029
   1983, 580288
   1984, 580547
   1985, 580804
   1986, 581067
   1987, 581327
   1988, 581583
   1989, 581845
   1990, 582100
   1991, 582351
   1992, 582603
   1993, 582847
   1994, 583092
   1995, 583344
   1996, 583592
   1997, 583838
   1998, 584079
   1999, 584321
   2000, 584562
   2001, 584805
   2002, 585054
   2003, 585304
   2004, 585561
   2005, 585812
   2006, 586066
   2007, 586319
   2008, 586573
   2009, 586819
   2010, 587063
   2011, 587302
   2012, 587534
   2013, 587769
   2014, 588009
   2015, 588253
   2016, 588500
   2017, 588762
   2018, 589016
   2019, 589263
   2020, 589506
   2021, 589756
   2022, 590003
   2023, 590246
   2024, 590489
   2025, 590730
   2026, 590979
   2027, 591238
   2028, 591490
   2029, 591743
   2030, 591997
   2031, 592248
   2032, 592503
   2033, 592753
   2034, 593016
   2035, 593276
   2036, 593536
   2037, 593792
   2038, 594054
   2039, 594322
   2040, 594600
   2041, 594886
   2042, 595180
   2043, 595460
   2044, 595731
   2045, 595994
   2046, 596253
   2047, 596512
   2048, 596767
   2049, 597021
   2050, 597280
   2051, 597544
   2052, 597801
   2053, 598073
   2054, 598350
   2055, 598621
   2056, 598888
   2057, 599136
   2058, 599388
   2059, 599632
   2060, 599873
   2061, 600114
   2062, 600344
   2063, 600580
   2064, 600819
   2065, 601052
   2066, 601295
   2067, 601537
   2068, 601778
   2069, 602010
   2070, 602244
   2071, 602479
   2072, 602718
   2073, 602962
   2074, 603210
   2075, 603464
   2076, 603736
   2077, 604019
   2078, 604312
   2079, 604617
   2080, 604920
   2081, 605211
   2082, 605499
   2083, 605784
   2084, 606073
   2085, 606354
   2086, 606632
   2087, 606907
   2088, 607183
   2089, 607461
   2090, 607740
   2091, 608004
   2092, 608264
   2093, 608532
   2094, 608793
   2095, 609063
   2096, 609344
   2097, 609623
   2098, 609908
   2099, 610177
   2100, 610443
   2101, 610701
   2102, 610957
   2103, 611198
   2104, 611442
   2105, 611681
   2106, 611924
   2107, 612163
   2108, 612411
   2109, 612665
   2110, 612916
   2111, 613170
   2112, 613419
   2113, 613670
   2114, 613917
   2115, 614166
   2116, 614412
   2117, 614660
   2118, 614898
   2119, 615137
   2120, 615377
   2121, 615624
   2122, 615867
   2123, 616100
   2124, 616344
   2125, 616582
   2126, 616825
   2127, 617086
   2128, 617350
   2129, 617621
   2130, 617899
   2131, 618176
   2132, 618447
   2133, 618711
   2134, 618974
   2135, 619230
   2136, 619482
   2137, 619731
   2138, 619987
   2139, 620240
   2140, 620488
   2141, 620744
   2142, 620999
   2143, 621254
   2144, 621514
   2145, 621776
   2146, 622050
   2147, 622333
   2148, 622604
   2149, 622879
   2150, 623148
   2151, 623418
   2152, 623684
   2153, 623944
   2154, 624200
   2155, 624457
   2156, 624710
   2157, 624964
   2158, 625215
   2159, 625473
   2160, 625738
   2161, 625993
   2162, 626249
   2163, 626513
   2164, 626776
   2165, 627040
   2166, 627312
   2167, 627583
   2168, 627848
   2169, 628119
   2170, 628388
   2171, 628652
   2172, 628912
   2173, 629160
   2174, 629355
   2175, 629618
   2176, 629853
   2177, 630093
   2178, 630327
   2179, 630571
   2180, 630821
   2181, 631067
   2182, 631318
   2183, 631572
   2184, 631833
   2185, 632123
   2186, 632411
   2187, 632713
   2188, 632996
   2189, 633279
   2190, 633557
   2191, 633841
   2192, 634131
   2193, 634404
   2194, 634677
   2195, 634949
   2196, 635229
   2197, 635511
   2198, 635787
   2199, 636052
   2200, 636312
   2201, 636573
   2202, 636827
   2203, 637086
   2204, 637356
   2205, 637615
   2206, 637880
   2207, 638137
   2208, 638398
   2209, 638670
   2210, 638938
   2211, 639097
   2212, 639198
   2213, 639453
   2214, 639709
   2215, 639964
   2216, 640221
   2217, 640471
   2218, 640718
   2219, 640962
   2220, 641211
   2221, 641469
   2222, 641742
   2223, 642014
   2224, 642293
   2225, 642567
   2226, 642854
   2227, 643154
   2228, 643452
   2229, 643746
   2230, 644028
   2231, 644305
   2232, 644583
   2233, 644854
   2234, 645130
   2235, 645394
   2236, 645662
   2237, 645929
   2238, 646205
   2239, 646489
   2240, 646765
   2241, 647049
   2242, 647326
   2243, 647601
   2244, 647872
   2245, 648136
   2246, 648396
   2247, 648640
   2248, 648883
   2249, 649118
   2250, 649350
   2251, 649583
   2252, 649819
