      0,   1168
      1,   1514
      2,   1835
      3,   2461
      4,   2791
      5,   3090
      6,   3422
      7,   3756
      8,   4060
      9,   4388
     10,   4722
     11,   5037
     12,   5379
     13,   5742
     14,   6062
     15,   6417
     16,   6801
     17,   7124
     18,   7482
     19,   7829
     20,   8140
     21,   8480
     22,   8820
     23,   9139
     24,   9498
     25,   9855
     26,  10184
     27,  10540
     28,  10895
     29,  11226
     30,  11584
     31,  11919
     32,  12237
     33,  12591
     34,  12944
     35,  13263
     36,  13620
     37,  13951
     38,  14285
     39,  14628
     40,  14970
     41,  15290
     42,  15640
     43,  15980
     44,  16307
     45,  16653
     46,  17020
     47,  17355
     48,  17709
     49,  18051
     50,  18373
     51,  18717
     52,  19057
     53,  19368
     54,  19723
     55,  20056
     56,  20376
     57,  20732
     58,  21070
     59,  21385
     60,  21733
     61,  22062
     62,  22380
     63,  22728
     64,  23076
     65,  23397
     66,  23749
     67,  24086
     68,  24407
     69,  24770
     70,  25122
     71,  25448
     72,  25812
     73,  26159
     74,  26494
     75,  26842
     76,  27197
     77,  27548
     78,  27876
     79,  28207
     80,  28559
     81,  28890
     82,  29236
     83,  29595
     84,  29928
     85,  30282
     86,  30639
     87,  30977
     88,  31327
     89,  31694
     90,  32022
     91,  32361
     92,  32706
     93,  33029
     94,  33359
     95,  33714
     96,  34029
     97,  34653
     98,  34978
     99,  35589
    100,  36210
    101,  36842
    102,  37446
    103,  38058
    104,  38656
    105,  39267
    106,  39864
    107,  40460
    108,  41060
    109,  41649
    110,  42224
    111,  42789
    112,  43360
    113,  43939
    114,  44528
    115,  45115
    116,  45694
    117,  46258
    118,  46819
    119,  47400
    120,  48011
    121,  48600
    122,  49186
    123,  49784
    124,  50373
    125,  50972
    126,  51561
    127,  52145
    128,  52600
    129,  52997
    130,  53238
    131,  53388
    132,  53782
    133,  54111
    134,  54442
    135,  54773
    136,  55092
    137,  55428
    138,  55791
    139,  56120
    140,  56481
    141,  56846
    142,  57194
    143,  57569
    144,  57934
    145,  58264
    146,  58606
    147,  58938
    148,  59267
    149,  59608
    150,  59961
    151,  60297
    152,  60659
    153,  61031
    154,  61372
    155,  61749
    156,  62122
    157,  62480
    158,  62856
    159,  63232
    160,  63575
    161,  63941
    162,  64283
    163,  64623
    164,  65006
    165,  65354
    166,  65703
    167,  66058
    168,  66396
    169,  66733
    170,  67099
    171,  67456
    172,  67827
    173,  68201
    174,  68551
    175,  68895
    176,  69246
    177,  69588
    178,  69936
    179,  70285
    180,  70637
    181,  70986
    182,  71336
    183,  71697
    184,  72038
    185,  72389
    186,  72747
    187,  73085
    188,  73436
    189,  73801
    190,  74135
    191,  74500
    192,  74850
    193,  75188
    194,  75544
    195,  75901
    196,  76234
    197,  76594
    198,  76957
    199,  77296
    200,  77654
    201,  78013
    202,  78339
    203,  78682
    204,  79031
    205,  79347
    206,  79688
    207,  80034
    208,  80344
    209,  80673
    210,  81028
    211,  81347
    212,  81678
    213,  82039
    214,  82374
    215,  82693
    216,  83047
    217,  83379
    218,  83695
    219,  84044
    220,  84378
    221,  84687
    222,  85038
    223,  85369
    224,  85681
    225,  86011
    226,  86339
    227,  86646
    228,  86979
    229,  87326
    230,  87652
    231,  87993
    232,  88366
    233,  88717
    234,  89057
    235,  89413
    236,  89754
    237,  90085
    238,  90428
    239,  90761
    240,  91085
    241,  91426
    242,  91788
    243,  92116
    244,  92459
    245,  92819
    246,  93170
    247,  93510
    248,  93870
    249,  94195
    250,  94524
    251,  94869
    252,  95211
    253,  95529
    254,  95888
    255,  96210
    256,  96543
    257,  96888
    258,  97236
    259,  97559
    260,  97919
    261,  98263
    262,  98581
    263,  98925
    264,  99271
    265,  99600
    266,  99933
    267, 100288
    268, 100606
    269, 100947
    270, 101286
    271, 101598
    272, 101958
    273, 102310
    274, 102633
    275, 102987
    276, 103330
    277, 103651
    278, 103999
    279, 104333
    280, 104653
    281, 105014
    282, 105357
    283, 105685
    284, 106045
    285, 106392
    286, 106722
    287, 107088
    288, 107431
    289, 107766
    290, 108122
    291, 108464
    292, 108792
    293, 109143
    294, 109478
    295, 109810
    296, 110155
    297, 110492
    298, 110825
    299, 111174
    300, 111534
    301, 111898
    302, 112223
    303, 112570
    304, 112922
    305, 113251
    306, 113597
    307, 113950
    308, 114268
    309, 114619
    310, 114967
    311, 115288
    312, 115621
    313, 115965
    314, 116270
    315, 116606
    316, 116937
    317, 117256
    318, 117600
    319, 117969
    320, 118280
    321, 118627
    322, 118958
    323, 119588
    324, 119922
    325, 120530
    326, 121160
    327, 121794
    328, 122401
    329, 123031
    330, 123619
    331, 124214
    332, 124798
    333, 125392
    334, 125985
    335, 126573
    336, 127171
    337, 127761
    338, 128359
    339, 128939
    340, 129536
    341, 130144
    342, 130743
    343, 131335
    344, 131919
    345, 132506
    346, 133100
    347, 133712
    348, 134330
    349, 134962
    350, 135590
    351, 136198
    352, 136791
    353, 137382
    354, 137960
    355, 138548
    356, 139137
    357, 139728
    358, 140326
    359, 140913
    360, 141499
    361, 142077
    362, 142652
    363, 143214
    364, 143787
    365, 144379
    366, 144964
    367, 145555
    368, 146156
    369, 146741
    370, 147329
    371, 147949
    372, 148542
    373, 149158
    374, 149752
    375, 150330
    376, 150924
    377, 151510
    378, 152131
    379, 152724
    380, 153337
    381, 153949
    382, 154537
    383, 155141
    384, 155716
    385, 156292
    386, 156871
    387, 157457
    388, 158057
    389, 158632
    390, 159215
    391, 159781
    392, 160368
    393, 160961
    394, 161536
    395, 162134
    396, 162706
    397, 163303
    398, 163893
    399, 164492
    400, 165112
    401, 165725
    402, 166323
    403, 166943
    404, 167555
    405, 168171
    406, 168784
    407, 169426
    408, 170056
    409, 170680
    410, 171324
    411, 171938
    412, 172532
    413, 173131
    414, 173724
    415, 174331
    416, 174939
    417, 175545
    418, 176152
    419, 176739
    420, 177323
    421, 177920
    422, 178508
    423, 179116
    424, 179709
    425, 180293
    426, 180889
    427, 181483
    428, 182114
    429, 182722
    430, 183347
    431, 183947
    432, 184559
    433, 185168
    434, 185794
    435, 186387
    436, 187012
    437, 187631
    438, 188248
    439, 188858
    440, 189439
    441, 190040
    442, 190639
    443, 191245
    444, 191861
    445, 192441
    446, 193045
    447, 193621
    448, 194229
    449, 194801
    450, 195387
    451, 195961
    452, 196544
    453, 197143
    454, 197750
    455, 198350
    456, 198940
    457, 199531
    458, 200119
    459, 200691
    460, 201265
    461, 201879
    462, 202467
    463, 202780
    464, 203084
    465, 203403
    466, 203760
    467, 204100
    468, 204452
    469, 204826
    470, 205181
    471, 205517
    472, 205888
    473, 206226
    474, 206548
    475, 206877
    476, 207204
    477, 207512
    478, 207851
    479, 208174
    480, 208475
    481, 208805
    482, 209151
    483, 209465
    484, 209804
    485, 210148
    486, 210461
    487, 210801
    488, 211146
    489, 211465
    490, 211797
    491, 212148
    492, 212492
    493, 212822
    494, 213208
    495, 213571
    496, 213924
    497, 214293
    498, 214655
    499, 215022
    500, 215399
    501, 215765
    502, 216108
    503, 216448
    504, 216795
    505, 217132
    506, 217491
    507, 217861
    508, 218205
    509, 218575
    510, 218949
    511, 219309
    512, 219672
    513, 220033
    514, 220367
    515, 220721
    516, 221075
    517, 221403
    518, 221757
    519, 222106
    520, 222428
    521, 222782
    522, 223141
    523, 223464
    524, 223822
    525, 224161
    526, 224479
    527, 224824
    528, 225159
    529, 225473
    530, 225827
    531, 226176
    532, 226505
    533, 226838
    534, 227186
    535, 227522
    536, 227848
    537, 228182
    538, 228499
    539, 228805
    540, 229132
    541, 229463
    542, 229795
    543, 230117
    544, 230484
    545, 230836
    546, 231166
    547, 231545
    548, 231930
    549, 232263
    550, 232616
    551, 232974
    552, 233301
    553, 233652
    554, 234013
    555, 234333
    556, 234678
    557, 235032
    558, 235347
    559, 235692
    560, 236038
    561, 236345
    562, 236680
    563, 237029
    564, 237352
    565, 237671
    566, 237999
    567, 238319
    568, 238631
    569, 238966
    570, 239300
    571, 239634
    572, 239957
    573, 240324
    574, 240678
    575, 241008
    576, 241360
    577, 241719
    578, 242049
    579, 242400
    580, 242756
    581, 243088
    582, 243449
    583, 243806
    584, 244130
    585, 244477
    586, 244818
    587, 245139
    588, 245463
    589, 245812
    590, 246142
    591, 246462
    592, 246808
    593, 247155
    594, 247470
    595, 247820
    596, 248158
    597, 248481
    598, 248816
    599, 249158
    600, 249471
    601, 249812
    602, 250151
    603, 250473
    604, 250809
    605, 251161
    606, 251477
    607, 251804
    608, 252141
    609, 252485
    610, 252807
    611, 253170
    612, 253521
    613, 253856
    614, 254194
    615, 254545
    616, 254876
    617, 255218
    618, 255560
    619, 255889
    620, 256230
    621, 256561
    622, 257204
    623, 257522
    624, 257840
    625, 258170
    626, 258508
    627, 258836
    628, 259195
    629, 259552
    630, 259893
    631, 260239
    632, 260593
    633, 260937
    634, 261276
    635, 261627
    636, 261964
    637, 262287
    638, 262629
    639, 262961
    640, 263274
    641, 263626
    642, 263967
    643, 264275
    644, 264621
    645, 264975
    646, 265308
    647, 265651
    648, 266002
    649, 266343
    650, 266684
    651, 267049
    652, 267404
    653, 267751
    654, 268109
    655, 268452
    656, 268790
    657, 269132
    658, 269468
    659, 269785
    660, 270114
    661, 270442
    662, 270757
    663, 271085
    664, 271407
    665, 271724
    666, 272053
    667, 272391
    668, 272713
    669, 273084
    670, 273438
    671, 273786
    672, 274134
    673, 274485
    674, 274816
    675, 275164
    676, 275487
    677, 275805
    678, 276131
    679, 276467
    680, 276787
    681, 277150
    682, 277513
    683, 277866
    684, 278224
    685, 278593
    686, 278954
    687, 279284
    688, 279631
    689, 279990
    690, 280323
    691, 280665
    692, 281013
    693, 281344
    694, 281681
    695, 282017
    696, 282349
    697, 282675
    698, 283037
    699, 283389
    700, 283731
    701, 284079
    702, 284429
    703, 284763
    704, 285114
    705, 285455
    706, 285786
    707, 286111
    708, 286449
    709, 286773
    710, 287107
    711, 287444
    712, 287768
    713, 288384
    714, 289000
    715, 289636
    716, 290250
    717, 290884
    718, 291488
    719, 292081
    720, 292656
    721, 293230
    722, 293817
    723, 294386
    724, 294989
    725, 295576
    726, 296159
    727, 296742
    728, 297322
    729, 297917
    730, 298519
    731, 299107
    732, 299697
    733, 300270
    734, 300841
    735, 301418
    736, 301990
    737, 302594
    738, 303181
    739, 303819
    740, 304428
    741, 305038
    742, 305638
    743, 306217
    744, 306817
    745, 307397
    746, 307986
    747, 308571
    748, 309176
    749, 309797
    750, 310386
    751, 311004
    752, 311614
    753, 312231
    754, 312843
    755, 313461
    756, 314069
    757, 314668
    758, 315240
    759, 315837
    760, 316431
    761, 317035
    762, 317641
    763, 318254
    764, 318866
    765, 319462
    766, 320056
    767, 320668
    768, 321287
    769, 321886
    770, 322492
    771, 323088
    772, 323715
    773, 324328
    774, 324939
    775, 325558
    776, 326145
    777, 326748
    778, 327343
    779, 327940
    780, 328543
    781, 329134
    782, 329746
    783, 330343
    784, 330944
    785, 331557
    786, 332156
    787, 332751
    788, 333353
    789, 333934
    790, 334534
    791, 335117
    792, 335740
    793, 336338
    794, 336945
    795, 337572
    796, 338174
    797, 338799
    798, 339406
    799, 340017
    800, 340616
    801, 341197
    802, 341789
    803, 342390
    804, 342993
    805, 343621
    806, 344217
    807, 344832
    808, 345433
    809, 346022
    810, 346608
    811, 347212
    812, 347819
    813, 348422
    814, 349027
    815, 349633
    816, 350247
    817, 350834
    818, 351432
    819, 352007
    820, 352587
    821, 353176
    822, 353760
    823, 354362
    824, 354942
    825, 355551
    826, 356128
    827, 356710
    828, 357300
    829, 357882
    830, 358490
    831, 359091
    832, 359722
    833, 360342
    834, 360967
    835, 361585
    836, 362174
    837, 362764
    838, 363358
    839, 363962
    840, 364555
    841, 365161
    842, 365753
    843, 366354
    844, 366950
    845, 367544
    846, 368148
    847, 368753
    848, 369363
    849, 369970
    850, 370589
    851, 371230
    852, 371839
    853, 372445
    854, 373025
    855, 373611
    856, 374210
    857, 374826
    858, 375461
    859, 376066
    860, 376381
    861, 376679
    862, 377030
    863, 377372
    864, 377691
    865, 378072
    866, 378457
    867, 378818
    868, 379218
    869, 379580
    870, 379934
    871, 380301
    872, 380647
    873, 380992
    874, 381352
    875, 381695
    876, 382028
    877, 382369
    878, 382707
    879, 383042
    880, 383381
    881, 383725
    882, 384045
    883, 384402
    884, 384756
    885, 385102
    886, 385450
    887, 385802
    888, 386132
    889, 386494
    890, 386852
    891, 387197
    892, 387551
    893, 387900
    894, 388227
    895, 388564
    896, 388892
    897, 389210
    898, 389530
    899, 389860
    900, 390182
    901, 390533
    902, 390903
    903, 391249
    904, 391604
    905, 391970
    906, 392314
    907, 392662
    908, 393032
    909, 393363
    910, 393711
    911, 394073
    912, 394415
    913, 394772
    914, 395152
    915, 395489
    916, 395834
    917, 396172
    918, 396488
    919, 396822
    920, 397167
    921, 397477
    922, 397824
    923, 398187
    924, 398514
    925, 398865
    926, 399246
    927, 399593
    928, 399930
    929, 400281
    930, 400625
    931, 400963
    932, 401313
    933, 401672
    934, 402007
    935, 402378
    936, 402736
    937, 403079
    938, 403416
    939, 403746
    940, 404069
    941, 404409
    942, 404748
    943, 405065
    944, 405390
    945, 405727
    946, 406052
    947, 406387
    948, 406758
    949, 407108
    950, 407433
    951, 407779
    952, 408127
    953, 408438
    954, 408787
    955, 409130
    956, 409443
    957, 409754
    958, 410084
    959, 410403
    960, 410730
    961, 411076
    962, 411433
    963, 411768
    964, 412145
    965, 412497
    966, 412846
    967, 413197
    968, 413546
    969, 413876
    970, 414226
    971, 414576
    972, 414917
    973, 415267
    974, 415615
    975, 415946
    976, 416293
    977, 416636
    978, 416969
    979, 417309
    980, 417660
    981, 418009
    982, 418335
    983, 418674
    984, 419032
    985, 419348
    986, 419705
    987, 420091
    988, 420427
    989, 420819
    990, 421191
    991, 421533
    992, 421872
    993, 422211
    994, 422528
    995, 422892
    996, 423256
    997, 423597
    998, 423971
    999, 424335
   1000, 424678
   1001, 425047
   1002, 425393
   1003, 425722
   1004, 426063
   1005, 426392
   1006, 426730
   1007, 427069
   1008, 427404
   1009, 427764
   1010, 428119
   1011, 428459
   1012, 428830
   1013, 429181
   1014, 429508
   1015, 429872
   1016, 430237
   1017, 430583
   1018, 430974
   1019, 431349
   1020, 431707
   1021, 432069
   1022, 432413
   1023, 432752
   1024, 433067
   1025, 433389
   1026, 433694
   1027, 434289
   1028, 434896
   1029, 435477
   1030, 436071
   1031, 436668
   1032, 437263
   1033, 437879
   1034, 438486
   1035, 439084
   1036, 439690
   1037, 440277
   1038, 440903
   1039, 441483
   1040, 442097
   1041, 442691
   1042, 443282
   1043, 443872
   1044, 444440
   1045, 445021
   1046, 445605
   1047, 446189
   1048, 446771
   1049, 447351
   1050, 447960
   1051, 448585
   1052, 448893
   1053, 449202
   1054, 449568
   1055, 449944
   1056, 450302
   1057, 450730
   1058, 451123
   1059, 451492
   1060, 451861
   1061, 452200
   1062, 452555
   1063, 452906
   1064, 453252
   1065, 453581
   1066, 453907
   1067, 454226
   1068, 454577
   1069, 454917
   1070, 455253
   1071, 455617
   1072, 455976
   1073, 456315
   1074, 456674
   1075, 457010
   1076, 457332
   1077, 457684
   1078, 458003
   1079, 458326
   1080, 458647
   1081, 459237
   1082, 459831
   1083, 460419
   1084, 461004
   1085, 461596
   1086, 462178
   1087, 462763
   1088, 463356
   1089, 463959
   1090, 464565
   1091, 465166
   1092, 465776
   1093, 466373
   1094, 466942
   1095, 467522
   1096, 468108
   1097, 468711
   1098, 469324
   1099, 469946
   1100, 470593
   1101, 471208
   1102, 471839
   1103, 472448
   1104, 473045
   1105, 473637
   1106, 474224
   1107, 474810
   1108, 475416
   1109, 476007
   1110, 476613
   1111, 477210
   1112, 477803
   1113, 478413
   1114, 479014
   1115, 479632
   1116, 480238
   1117, 480851
   1118, 481488
   1119, 482087
   1120, 482712
   1121, 483310
   1122, 483929
   1123, 484535
   1124, 485141
   1125, 485740
   1126, 486343
   1127, 486922
   1128, 487510
   1129, 488090
   1130, 488675
   1131, 489287
   1132, 489907
   1133, 490524
   1134, 491141
   1135, 491760
   1136, 492378
   1137, 492989
   1138, 493596
   1139, 494215
   1140, 494822
   1141, 495416
   1142, 496013
   1143, 496595
   1144, 497205
   1145, 497806
   1146, 498439
   1147, 499066
   1148, 499687
   1149, 500312
   1150, 500896
   1151, 501507
   1152, 502101
   1153, 502691
   1154, 503282
   1155, 503874
   1156, 504471
   1157, 505088
   1158, 505704
   1159, 506323
   1160, 506955
   1161, 507579
   1162, 507902
   1163, 508212
   1164, 508533
   1165, 508880
   1166, 509210
   1167, 509538
   1168, 509888
   1169, 510217
   1170, 510563
   1171, 510937
   1172, 511278
   1173, 511635
   1174, 512004
   1175, 512346
   1176, 512707
   1177, 513075
   1178, 513412
   1179, 513760
   1180, 514111
   1181, 514435
   1182, 514787
   1183, 515145
   1184, 515480
   1185, 515839
   1186, 516200
   1187, 516548
   1188, 516905
   1189, 517276
   1190, 517624
   1191, 517995
   1192, 518351
   1193, 518715
   1194, 519064
   1195, 519411
   1196, 519781
   1197, 520119
   1198, 520480
   1199, 520835
   1200, 521193
   1201, 521556
   1202, 521911
   1203, 522273
   1204, 522637
   1205, 522996
   1206, 523358
   1207, 523730
   1208, 524080
   1209, 524433
   1210, 524794
   1211, 525138
   1212, 525511
   1213, 525892
   1214, 526235
   1215, 526599
   1216, 526976
   1217, 527328
   1218, 527692
   1219, 528044
   1220, 528379
   1221, 528741
   1222, 529106
   1223, 529437
   1224, 529802
   1225, 530151
   1226, 530481
   1227, 530828
   1228, 531171
   1229, 531486
   1230, 531835
   1231, 532176
   1232, 532492
   1233, 532850
   1234, 533197
   1235, 533519
   1236, 533871
   1237, 534215
   1238, 534541
   1239, 534897
   1240, 535238
   1241, 535566
   1242, 535936
   1243, 536287
   1244, 536615
   1245, 536978
   1246, 537318
   1247, 537657
   1248, 538001
   1249, 538377
   1250, 538728
   1251, 539082
   1252, 539445
   1253, 539804
   1254, 540148
   1255, 540525
   1256, 540878
   1257, 541256
   1258, 541648
   1259, 542004
   1260, 542367
   1261, 542743
   1262, 543090
   1263, 543456
   1264, 543809
   1265, 544138
   1266, 544497
   1267, 544863
   1268, 545205
   1269, 545591
   1270, 545961
   1271, 546302
   1272, 546678
   1273, 547016
   1274, 547355
   1275, 547718
   1276, 548056
   1277, 548390
   1278, 548744
   1279, 549085
   1280, 549438
   1281, 549812
   1282, 550187
   1283, 550536
   1284, 550917
   1285, 551302
   1286, 551654
   1287, 552028
   1288, 552397
   1289, 552739
   1290, 553096
   1291, 553453
   1292, 553780
   1293, 554125
   1294, 554476
   1295, 554820
   1296, 555163
   1297, 555534
   1298, 555866
   1299, 556195
   1300, 556532
   1301, 556847
   1302, 557187
   1303, 557558
   1304, 557879
   1305, 558246
   1306, 558627
   1307, 558962
   1308, 559335
   1309, 559672
   1310, 559999
   1311, 560319
   1312, 560673
   1313, 560989
   1314, 561347
   1315, 561696
   1316, 562021
   1317, 562391
   1318, 562771
   1319, 563102
   1320, 563493
   1321, 563850
   1322, 564189
   1323, 564565
   1324, 564909
   1325, 565251
   1326, 565591
   1327, 565913
   1328, 566235
   1329, 566583
   1330, 566919
   1331, 567261
   1332, 567623
   1333, 567976
   1334, 568308
   1335, 568688
   1336, 569040
   1337, 569389
   1338, 569748
   1339, 570093
   1340, 570434
   1341, 570782
   1342, 571139
   1343, 571469
   1344, 571806
   1345, 572146
   1346, 572468
   1347, 572814
   1348, 573170
   1349, 573492
   1350, 573845
   1351, 574194
   1352, 574532
   1353, 574880
   1354, 575240
   1355, 575574
   1356, 575931
   1357, 576310
   1358, 576652
   1359, 577010
   1360, 577370
   1361, 577694
   1362, 578030
   1363, 578356
   1364, 578988
   1365, 579314
   1366, 579613
   1367, 579952
   1368, 580301
   1369, 580619
   1370, 580980
   1371, 581356
   1372, 581696
   1373, 582053
   1374, 582419
   1375, 582751
   1376, 583114
   1377, 583459
   1378, 583793
   1379, 584161
   1380, 584517
   1381, 584840
   1382, 585187
   1383, 585516
   1384, 585832
   1385, 586173
   1386, 586514
   1387, 586836
   1388, 587197
   1389, 587544
   1390, 587877
   1391, 588252
   1392, 588600
   1393, 588946
   1394, 589301
   1395, 589651
   1396, 589982
   1397, 590347
   1398, 590691
   1399, 591031
   1400, 591374
   1401, 591712
   1402, 592042
   1403, 592375
   1404, 592715
   1405, 593047
   1406, 593394
   1407, 593750
   1408, 594084
   1409, 594429
   1410, 594791
   1411, 595132
   1412, 595460
   1413, 595829
   1414, 596198
   1415, 596536
   1416, 596914
   1417, 597274
   1418, 597609
   1419, 597991
   1420, 598342
   1421, 598675
   1422, 599025
   1423, 599351
   1424, 599675
   1425, 600023
   1426, 600366
   1427, 600716
   1428, 601061
   1429, 601416
   1430, 601755
   1431, 602103
   1432, 602460
   1433, 602808
   1434, 603159
   1435, 603504
   1436, 603849
   1437, 604198
   1438, 604534
   1439, 604877
   1440, 605210
   1441, 605544
   1442, 605876
   1443, 606210
   1444, 606564
   1445, 606905
   1446, 607251
   1447, 607609
   1448, 607948
   1449, 608303
   1450, 608670
   1451, 609007
   1452, 609345
   1453, 609689
   1454, 610035
   1455, 610368
   1456, 610727
   1457, 611075
   1458, 611407
   1459, 611763
   1460, 612122
   1461, 612455
   1462, 612816
   1463, 613156
   1464, 613490
   1465, 613851
   1466, 614206
   1467, 614564
   1468, 614926
   1469, 615304
   1470, 615665
   1471, 616031
   1472, 616394
   1473, 616743
   1474, 617090
   1475, 617438
   1476, 617783
   1477, 618125
   1478, 618482
   1479, 618819
   1480, 619152
   1481, 619502
   1482, 619840
   1483, 620182
   1484, 620556
   1485, 620889
   1486, 621241
   1487, 621605
   1488, 621949
   1489, 622303
   1490, 622670
   1491, 623009
   1492, 623349
   1493, 623706
   1494, 624052
   1495, 624393
   1496, 624748
   1497, 625099
   1498, 625434
   1499, 625789
   1500, 626130
   1501, 626468
   1502, 626803
   1503, 627138
   1504, 627467
   1505, 627807
   1506, 628157
   1507, 628492
   1508, 628824
   1509, 629177
   1510, 629552
   1511, 629888
   1512, 630253
   1513, 630607
   1514, 630930
   1515, 631283
   1516, 631634
   1517, 631952
   1518, 632299
   1519, 632624
   1520, 633253
   1521, 633583
   1522, 633892
   1523, 634243
   1524, 634588
   1525, 634909
   1526, 635263
   1527, 635625
   1528, 635964
   1529, 636348
   1530, 636710
   1531, 637060
   1532, 637434
   1533, 637790
   1534, 638135
   1535, 638495
   1536, 638827
   1537, 639163
   1538, 639515
   1539, 639855
   1540, 640206
   1541, 640562
   1542, 640924
   1543, 641267
   1544, 641630
   1545, 641992
   1546, 642346
   1547, 642709
   1548, 643076
   1549, 643426
   1550, 643777
   1551, 644143
   1552, 644483
   1553, 644835
   1554, 645176
   1555, 645515
   1556, 645839
   1557, 646169
   1558, 646803
   1559, 647130
   1560, 647441
   1561, 647778
   1562, 648126
   1563, 648458
   1564, 648813
   1565, 649143
   1566, 649503
   1567, 649864
