      0,   1264
      1,   1669
      2,   1913
      3,   2167
      4,   2839
      5,   3077
      6,   3678
      7,   3920
      8,   4522
      9,   4761
     10,   5352
     11,   5595
     12,   5866
     13,   6493
     14,   6732
     15,   6992
     16,   7243
     17,   7503
     18,   7764
     19,   8013
     20,   8265
     21,   8952
     22,   9901
     23,  10305
     24,  10551
     25,  10806
     26,  11472
     27,  11714
     28,  11984
     29,  12247
     30,  12502
     31,  12758
     32,  13014
     33,  13274
     34,  13536
     35,  13802
     36,  14068
     37,  14329
     38,  15328
     39,  15738
     40,  15976
     41,  16236
     42,  16929
     43,  17172
     44,  17432
     45,  17695
     46,  18413
     47,  18903
     48,  19141
     49,  19402
     50,  19661
     51,  19916
     52,  20178
     53,  21138
     54,  21570
     55,  21815
     56,  22076
     57,  22529
     58,  22688
     59,  22976
     60,  23240
     61,  23897
     62,  24137
     63,  24395
     64,  24650
     65,  25363
     66,  26111
     67,  26820
     68,  27059
     69,  27317
     70,  27569
     71,  27831
     72,  28092
     73,  28348
     74,  28602
     75,  28861
     76,  29125
     77,  29384
     78,  30019
     79,  30267
     80,  30530
     81,  30790
     82,  31304
     83,  31545
     84,  31805
     85,  32488
     86,  32738
     87,  33004
     88,  33262
     89,  33522
     90,  33780
     91,  34316
     92,  34567
     93,  34835
     94,  35522
     95,  35760
     96,  36030
     97,  36295
     98,  36982
     99,  37222
    100,  37496
    101,  38203
    102,  38447
    103,  38712
    104,  38971
    105,  39678
    106,  39919
    107,  40178
    108,  40884
    109,  41136
    110,  41394
    111,  42079
    112,  42325
    113,  42588
    114,  43260
    115,  43507
    116,  43777
    117,  44452
    118,  44694
    119,  44956
    120,  45210
    121,  45471
    122,  45728
    123,  46404
    124,  46650
    125,  46919
    126,  47186
    127,  47450
    128,  47707
    129,  47965
    130,  48225
    131,  48486
    132,  48750
    133,  49018
    134,  49882
    135,  50378
    136,  50626
    137,  50891
    138,  51145
    139,  51408
    140,  52017
    141,  52271
    142,  52535
    143,  53190
    144,  53444
    145,  53703
    146,  54370
    147,  54616
    148,  54874
    149,  55561
    150,  55809
    151,  56073
    152,  56757
    153,  57002
    154,  57258
    155,  57517
    156,  57779
    157,  58037
    158,  58949
    159,  59466
    160,  59709
    161,  59970
    162,  60648
    163,  60901
    164,  61165
    165,  61428
    166,  61693
    167,  61953
    168,  62637
    169,  62882
    170,  63505
    171,  63743
    172,  64340
    173,  64584
    174,  65179
    175,  65424
    176,  65682
    177,  66333
    178,  66581
    179,  66837
    180,  67473
    181,  67719
    182,  67982
    183,  68621
    184,  68855
    185,  69452
    186,  69699
    187,  69954
    188,  70597
    189,  70839
    190,  71105
    191,  71364
    192,  72012
    193,  72256
    194,  72874
    195,  73106
    196,  73363
    197,  73616
    198,  73875
    199,  74527
    200,  75226
    201,  75467
    202,  75727
    203,  76399
    204,  76634
    205,  76898
    206,  77572
    207,  77810
    208,  78071
    209,  78738
    210,  78986
    211,  79250
    212,  79499
    213,  79751
    214,  80008
    215,  80701
    216,  80944
    217,  81203
    218,  81457
    219,  81715
    220,  81982
    221,  82239
    222,  82507
    223,  82766
    224,  83029
    225,  83292
    226,  83559
    227,  83821
    228,  84090
    229,  84354
    230,  84612
    231,  85187
    232,  85438
    233,  85710
    234,  85973
    235,  86235
    236,  87246
    237,  87720
    238,  87965
    239,  88233
    240,  88496
    241,  88757
    242,  89007
    243,  89270
    244,  89538
    245,  89801
    246,  90525
    247,  90778
    248,  91044
    249,  91742
    250,  91993
    251,  92621
    252,  92865
    253,  93133
    254,  93395
    255,  93657
    256,  94272
    257,  94524
    258,  94799
    259,  95493
    260,  95736
    261,  95999
    262,  96265
    263,  96534
    264,  96797
    265,  97511
    266,  97760
    267,  98417
    268,  98663
    269,  98932
    270,  99191
    271,  99460
    272, 100085
    273, 100331
    274, 100594
    275, 101272
    276, 101518
    277, 101778
    278, 102034
    279, 102992
    280, 103398
    281, 103646
    282, 103912
    283, 104605
    284, 104843
    285, 105106
    286, 105824
    287, 106345
    288, 106592
    289, 106851
    290, 107112
    291, 107379
    292, 107642
    293, 107905
    294, 108171
    295, 108852
    296, 109363
    297, 109606
    298, 109872
    299, 110133
    300, 110397
    301, 111080
    302, 111322
    303, 111588
    304, 111850
    305, 112118
    306, 112385
    307, 113386
    308, 113888
    309, 114132
    310, 114736
    311, 114972
    312, 115236
    313, 115497
    314, 115756
    315, 116010
    316, 116268
    317, 116528
    318, 116798
    319, 117466
    320, 117708
    321, 118341
    322, 118591
    323, 118859
    324, 119512
    325, 119755
    326, 120024
    327, 120277
    328, 120542
    329, 120801
    330, 121466
    331, 121712
    332, 121980
    333, 122240
    334, 122506
    335, 122619
    336, 123101
    337, 123342
    338, 123601
    339, 123857
    340, 124115
    341, 124692
    342, 124934
    343, 125200
    344, 125454
    345, 125715
    346, 126423
    347, 126672
    348, 126935
    349, 127635
    350, 128558
    351, 129058
    352, 129305
    353, 129577
    354, 129841
    355, 130107
    356, 130363
    357, 130625
    358, 130890
    359, 131884
    360, 132347
    361, 132594
    362, 132860
    363, 133119
    364, 133378
    365, 133979
    366, 134227
    367, 134499
    368, 135179
    369, 135423
    370, 135691
    371, 135961
    372, 136219
    373, 136477
    374, 136735
    375, 137708
    376, 138188
    377, 138430
    378, 138695
    379, 138961
    380, 139224
    381, 139486
    382, 139740
    383, 139862
    384, 140321
    385, 140568
    386, 140831
    387, 141101
    388, 141373
    389, 141633
    390, 141897
    391, 142168
    392, 143193
    393, 143603
    394, 143849
    395, 144119
    396, 144378
    397, 145069
    398, 145320
    399, 145590
    400, 146242
    401, 146483
    402, 146746
    403, 147014
    404, 147288
    405, 147550
    406, 147814
    407, 148073
    408, 148341
    409, 148612
    410, 148876
    411, 149566
    412, 149812
    413, 150077
    414, 150793
    415, 151038
    416, 151303
    417, 151574
    418, 151844
    419, 152106
    420, 153040
    421, 153483
    422, 153733
    423, 153992
    424, 154663
    425, 154918
    426, 155185
    427, 155446
    428, 155707
    429, 156375
    430, 156624
    431, 156894
    432, 157556
    433, 157799
    434, 158066
    435, 158328
    436, 158590
    437, 158849
    438, 159110
    439, 159643
    440, 159895
    441, 160167
    442, 160430
    443, 160690
    444, 160955
    445, 161702
    446, 161942
    447, 162207
    448, 162471
    449, 162736
    450, 163368
    451, 163618
    452, 163879
    453, 164144
    454, 164419
    455, 164683
    456, 164950
    457, 165594
    458, 165838
    459, 166113
    460, 166380
    461, 167358
    462, 167839
    463, 168089
    464, 168350
    465, 169013
    466, 169266
    467, 169542
    468, 170203
    469, 170453
    470, 170723
    471, 170983
    472, 171600
    473, 171843
    474, 172107
    475, 172369
    476, 173094
    477, 173339
    478, 173607
    479, 173877
    480, 174142
    481, 174402
    482, 175104
    483, 175339
    484, 175608
    485, 175871
    486, 176132
    487, 176395
    488, 176653
    489, 177312
    490, 177555
    491, 177806
    492, 178455
    493, 178706
    494, 178974
    495, 179227
    496, 179487
    497, 179733
    498, 179995
    499, 180264
    500, 180525
    501, 181232
    502, 181479
    503, 181737
    504, 181998
    505, 182271
    506, 182530
    507, 182790
    508, 183052
    509, 183646
    510, 183897
    511, 184163
    512, 184422
    513, 184689
    514, 185333
    515, 185583
    516, 185853
    517, 186561
    518, 186807
    519, 187445
    520, 187697
    521, 187961
    522, 188223
    523, 188486
    524, 188752
    525, 189010
    526, 189562
    527, 189813
    528, 190084
    529, 190762
    530, 191008
    531, 191625
    532, 191873
    533, 192139
    534, 192391
    535, 192654
    536, 192923
    537, 193182
    538, 193715
    539, 193956
    540, 194221
    541, 194885
    542, 195133
    543, 195401
    544, 196104
    545, 196355
    546, 196619
    547, 196880
    548, 197142
    549, 197783
    550, 198042
    551, 198309
    552, 198572
    553, 198837
    554, 199499
    555, 199752
    556, 200016
    557, 200276
    558, 200817
    559, 201061
    560, 201330
    561, 201595
    562, 201854
    563, 202118
    564, 202888
    565, 203135
    566, 203406
    567, 203674
    568, 203942
    569, 204207
    570, 204917
    571, 205161
    572, 205434
    573, 206143
    574, 206394
    575, 206661
    576, 206922
    577, 207188
    578, 207861
    579, 208111
    580, 208381
    581, 208648
    582, 209209
    583, 209449
    584, 209720
    585, 209985
    586, 210675
    587, 210923
    588, 211194
    589, 211450
    590, 211718
    591, 211989
    592, 212256
    593, 212527
    594, 212799
    595, 213071
    596, 213340
    597, 214067
    598, 214318
    599, 214589
    600, 214857
    601, 215138
    602, 215802
    603, 216061
    604, 216342
    605, 216608
    606, 217174
    607, 217422
    608, 217694
    609, 217965
    610, 218237
    611, 218792
    612, 219037
    613, 219313
    614, 219583
    615, 219857
    616, 220539
    617, 220794
    618, 221069
    619, 221342
    620, 221911
    621, 222158
    622, 222431
    623, 222705
    624, 222974
    625, 223245
    626, 223522
    627, 224272
    628, 224532
    629, 224809
    630, 225496
    631, 225749
    632, 226017
    633, 226708
    634, 226952
    635, 227212
    636, 227896
    637, 228142
    638, 228408
    639, 228668
    640, 228939
    641, 230049
    642, 230550
    643, 230811
    644, 231087
    645, 231358
    646, 231624
    647, 231896
    648, 232170
    649, 232441
    650, 233553
    651, 234042
    652, 234296
    653, 234568
    654, 235254
    655, 235501
    656, 235776
    657, 236047
    658, 236312
    659, 236946
    660, 237206
    661, 237483
    662, 237751
    663, 238287
    664, 238538
    665, 238813
    666, 239085
    667, 239353
    668, 240004
    669, 240261
    670, 240537
    671, 240802
    672, 241065
    673, 241704
    674, 241963
    675, 242241
    676, 242510
    677, 242781
    678, 243047
    679, 243318
    680, 243594
    681, 244266
    682, 244519
    683, 244792
    684, 245051
    685, 245319
    686, 245583
    687, 245844
    688, 246102
    689, 246371
    690, 246637
    691, 246909
    692, 247175
    693, 247431
    694, 247694
    695, 247958
    696, 248215
    697, 248476
    698, 248740
    699, 248992
    700, 249248
    701, 249509
    702, 249784
    703, 250055
    704, 250320
    705, 250580
    706, 250842
    707, 251110
    708, 251373
    709, 251639
    710, 251912
    711, 252176
    712, 252448
    713, 252717
    714, 252993
    715, 253266
    716, 253536
    717, 253804
    718, 254394
    719, 254642
    720, 255211
    721, 255458
    722, 255725
    723, 255991
    724, 256264
    725, 256526
    726, 256793
    727, 257430
    728, 257669
    729, 257942
    730, 258210
    731, 258472
    732, 258742
    733, 259005
    734, 259276
    735, 259553
    736, 259823
    737, 260093
    738, 260359
    739, 260634
    740, 261281
    741, 261525
    742, 261788
    743, 262429
    744, 262685
    745, 262953
    746, 263214
    747, 263871
    748, 264111
    749, 264378
    750, 264646
    751, 264908
    752, 265175
    753, 265440
    754, 266091
    755, 266338
    756, 266605
    757, 267226
    758, 267476
    759, 268117
    760, 268360
    761, 268634
    762, 269293
    763, 269535
    764, 269797
    765, 270462
    766, 270709
    767, 270983
    768, 271239
    769, 271498
    770, 272209
    771, 272451
    772, 272713
    773, 272973
    774, 273231
    775, 273491
    776, 273759
    777, 274029
    778, 274290
    779, 274974
    780, 275227
    781, 275497
    782, 276156
    783, 276407
    784, 276671
    785, 276938
    786, 277710
    787, 277956
    788, 278226
    789, 278877
    790, 279114
    791, 279382
    792, 280041
    793, 280290
    794, 280558
    795, 281235
    796, 281485
    797, 281757
    798, 282024
    799, 282706
    800, 282951
    801, 283222
    802, 283881
    803, 284122
    804, 284381
    805, 285062
    806, 285307
    807, 285573
    808, 286241
    809, 286488
    810, 286757
    811, 287014
    812, 287271
    813, 287530
    814, 287798
    815, 288062
    816, 288335
    817, 288596
    818, 288861
    819, 289132
    820, 289399
    821, 289667
    822, 289943
    823, 290620
    824, 290880
    825, 291156
    826, 291423
    827, 291690
    828, 292361
    829, 292611
    830, 292883
    831, 293614
    832, 293860
    833, 294137
    834, 294850
    835, 295101
    836, 295372
    837, 296061
    838, 296308
    839, 296576
    840, 297253
    841, 297512
    842, 297779
    843, 298039
    844, 298851
    845, 299098
    846, 299371
    847, 300052
    848, 300297
    849, 300570
    850, 301244
    851, 301492
    852, 301602
    853, 301755
    854, 302012
    855, 302663
    856, 302911
    857, 303177
    858, 303849
    859, 304090
    860, 304356
    861, 305062
    862, 305306
    863, 305573
    864, 305837
    865, 306099
    866, 306756
    867, 307006
    868, 307277
    869, 307541
    870, 307804
    871, 308070
    872, 308331
    873, 308601
    874, 309102
    875, 309344
    876, 309610
    877, 310287
    878, 310538
    879, 311203
    880, 311451
    881, 311724
    882, 312421
    883, 312666
    884, 312932
    885, 313201
    886, 313466
    887, 313729
    888, 313986
    889, 314716
    890, 315695
    891, 316094
    892, 316353
    893, 316561
    894, 316862
    895, 317115
    896, 317375
    897, 318070
    898, 318318
    899, 318580
    900, 318838
    901, 319733
    902, 320221
    903, 320470
    904, 320737
    905, 320995
    906, 321261
    907, 321531
    908, 321795
    909, 322060
    910, 322320
    911, 322591
    912, 323727
    913, 324171
    914, 324429
    915, 324702
    916, 324965
    917, 325228
    918, 325492
    919, 325761
    920, 326390
    921, 326631
    922, 326899
    923, 327595
    924, 327851
    925, 328120
    926, 328385
    927, 329354
    928, 329873
    929, 330116
    930, 330388
    931, 330653
    932, 330917
    933, 331181
    934, 331444
    935, 332123
    936, 332373
    937, 332640
    938, 333331
    939, 333575
    940, 333844
    941, 334114
    942, 334373
    943, 334639
    944, 335302
    945, 335557
    946, 335832
    947, 336093
    948, 336356
    949, 336627
    950, 336894
    951, 337480
    952, 337725
    953, 337992
    954, 338259
    955, 339223
    956, 339640
    957, 339893
    958, 340162
    959, 340858
    960, 341101
    961, 341369
    962, 341643
    963, 341914
    964, 342181
    965, 342444
    966, 342704
    967, 342976
    968, 344488
    969, 344951
    970, 345198
    971, 345466
    972, 345729
    973, 345994
    974, 346260
    975, 346531
    976, 346802
    977, 347911
    978, 348367
    979, 348617
    980, 348880
    981, 349586
    982, 349836
    983, 350107
    984, 350372
    985, 350639
    986, 350906
    987, 351181
    988, 351456
    989, 351725
    990, 352505
    991, 353986
    992, 354434
    993, 354685
    994, 354949
    995, 355208
    996, 355477
    997, 355740
    998, 356008
    999, 356276
   1000, 356544
   1001, 356809
   1002, 357071
   1003, 358247
   1004, 358700
   1005, 358948
   1006, 359219
   1007, 359874
   1008, 360116
   1009, 360382
   1010, 360650
   1011, 360914
   1012, 361176
   1013, 361436
   1014, 362069
   1015, 362320
   1016, 362589
   1017, 362858
   1018, 363128
   1019, 363888
   1020, 364415
   1021, 364658
   1022, 364930
   1023, 365193
   1024, 365457
   1025, 365727
   1026, 365993
   1027, 367034
   1028, 367446
   1029, 367700
   1030, 367968
   1031, 368238
   1032, 368501
   1033, 368770
   1034, 369045
   1035, 369309
   1036, 370169
   1037, 371142
   1038, 371606
   1039, 371856
   1040, 372135
   1041, 372396
   1042, 372662
   1043, 372923
   1044, 373191
   1045, 373727
   1046, 373971
   1047, 374237
   1048, 374889
   1049, 375143
   1050, 375415
   1051, 375676
   1052, 376359
   1053, 376611
   1054, 376885
   1055, 377147
   1056, 377413
   1057, 377682
   1058, 377945
   1059, 378216
   1060, 378491
   1061, 380605
   1062, 381035
   1063, 381294
   1064, 381569
   1065, 381832
   1066, 382099
   1067, 382359
   1068, 382630
   1069, 382906
   1070, 383172
   1071, 383437
   1072, 383705
   1073, 383974
   1074, 384969
   1075, 385503
   1076, 385758
   1077, 386037
   1078, 386302
   1079, 386570
   1080, 386830
   1081, 387091
   1082, 387358
   1083, 387630
   1084, 388348
   1085, 388860
   1086, 389113
   1087, 389383
   1088, 389651
   1089, 390353
   1090, 390598
   1091, 390869
   1092, 391556
   1093, 391805
   1094, 392076
   1095, 392348
   1096, 392613
   1097, 392879
   1098, 393146
   1099, 394066
   1100, 395021
   1101, 395440
   1102, 395693
   1103, 395959
   1104, 396216
   1105, 396479
   1106, 398066
   1107, 398505
   1108, 398769
   1109, 399036
   1110, 399300
   1111, 399566
   1112, 399830
   1113, 400089
   1114, 400361
   1115, 400631
   1116, 400898
   1117, 401690
   1118, 402692
   1119, 403134
   1120, 403382
   1121, 403650
   1122, 403914
   1123, 404175
   1124, 404433
   1125, 404698
   1126, 404967
   1127, 405233
   1128, 405910
   1129, 406158
   1130, 406419
   1131, 406685
   1132, 406958
   1133, 407220
   1134, 408473
   1135, 408964
   1136, 409202
   1137, 409472
   1138, 409735
   1139, 409996
   1140, 410256
   1141, 410520
   1142, 410779
   1143, 411040
   1144, 411305
   1145, 411574
   1146, 411841
   1147, 412820
   1148, 413546
   1149, 413795
   1150, 414059
   1151, 414327
   1152, 414596
   1153, 414863
   1154, 415126
   1155, 415392
   1156, 416140
   1157, 417586
   1158, 418019
   1159, 418265
   1160, 418534
   1161, 418800
   1162, 419063
   1163, 419333
   1164, 419607
   1165, 419874
   1166, 420147
   1167, 420415
   1168, 420690
   1169, 420965
   1170, 421963
   1171, 422404
   1172, 422663
   1173, 422935
   1174, 423198
   1175, 423462
   1176, 423734
   1177, 424013
   1178, 424286
   1179, 424554
   1180, 425621
   1181, 426062
   1182, 426315
   1183, 426577
   1184, 426846
   1185, 427121
   1186, 427386
   1187, 427654
   1188, 428815
   1189, 429269
   1190, 429521
   1191, 429782
   1192, 430054
   1193, 430329
   1194, 430597
   1195, 430863
   1196, 431133
   1197, 431401
   1198, 431669
   1199, 432799
   1200, 433376
   1201, 433628
   1202, 433905
   1203, 434164
   1204, 434433
   1205, 434703
   1206, 434971
   1207, 435242
   1208, 435520
   1209, 435789
   1210, 436869
   1211, 437411
   1212, 437659
   1213, 437931
   1214, 438203
   1215, 438471
   1216, 438738
   1217, 439007
   1218, 439271
   1219, 439540
   1220, 439822
   1221, 440091
   1222, 440726
   1223, 440984
   1224, 441249
   1225, 441917
   1226, 442167
   1227, 442432
   1228, 442703
   1229, 442979
   1230, 443245
   1231, 443516
   1232, 443783
   1233, 444542
   1234, 446036
   1235, 446335
   1236, 446517
   1237, 446682
   1238, 446891
   1239, 447119
   1240, 447384
   1241, 447608
   1242, 447841
   1243, 448087
   1244, 448858
   1245, 449266
   1246, 449516
   1247, 449787
   1248, 450049
   1249, 450312
   1250, 452328
   1251, 452800
   1252, 453049
   1253, 453311
   1254, 453582
   1255, 453840
   1256, 454107
   1257, 454380
   1258, 454641
   1259, 454902
   1260, 455163
   1261, 455430
   1262, 456363
   1263, 456800
   1264, 457044
   1265, 457312
   1266, 457574
   1267, 457833
   1268, 458090
   1269, 458353
   1270, 458625
   1271, 458897
   1272, 459171
   1273, 459435
   1274, 460549
   1275, 461372
   1276, 462308
   1277, 463217
   1278, 463746
   1279, 463984
   1280, 464253
   1281, 464501
   1282, 464759
   1283, 465020
   1284, 465281
   1285, 465541
   1286, 465800
   1287, 467377
   1288, 467788
   1289, 468043
   1290, 468317
   1291, 468578
   1292, 468828
   1293, 469085
   1294, 469345
   1295, 469598
   1296, 469860
   1297, 470127
   1298, 470386
   1299, 471086
   1300, 471628
   1301, 471881
   1302, 472144
   1303, 472407
   1304, 472672
   1305, 472939
   1306, 473203
   1307, 474690
   1308, 475096
   1309, 475338
   1310, 475605
   1311, 475862
   1312, 476126
   1313, 476387
   1314, 476647
   1315, 476908
   1316, 477165
   1317, 477429
   1318, 477696
   1319, 477955
   1320, 478227
   1321, 478485
   1322, 480084
   1323, 480486
   1324, 480744
   1325, 481015
   1326, 481275
   1327, 481535
   1328, 481794
   1329, 482056
   1330, 482314
   1331, 482576
   1332, 483283
   1333, 483811
   1334, 484067
   1335, 484713
   1336, 484967
   1337, 485238
   1338, 485917
   1339, 486162
   1340, 486430
   1341, 486688
   1342, 486952
   1343, 487230
   1344, 487491
   1345, 487758
   1346, 488522
   1347, 490018
   1348, 490464
   1349, 490709
   1350, 490967
   1351, 491222
   1352, 491488
   1353, 491749
   1354, 492016
   1355, 492288
   1356, 492550
   1357, 492812
   1358, 493862
   1359, 494775
   1360, 495673
   1361, 496176
   1362, 496428
   1363, 496697
   1364, 496957
   1365, 497217
   1366, 497479
   1367, 497739
   1368, 497995
   1369, 498263
   1370, 498529
   1371, 498792
   1372, 499484
   1373, 500410
   1374, 500934
   1375, 501176
   1376, 501437
   1377, 501707
   1378, 501972
   1379, 502229
   1380, 502485
   1381, 502751
   1382, 503019
   1383, 503280
   1384, 503542
   1385, 503802
   1386, 504066
   1387, 504325
   1388, 504591
   1389, 504861
   1390, 505722
   1391, 507155
   1392, 507572
   1393, 507824
   1394, 508090
   1395, 508347
   1396, 508607
   1397, 508869
   1398, 509132
   1399, 509396
   1400, 509663
   1401, 509923
   1402, 510186
   1403, 510455
   1404, 512499
   1405, 512923
   1406, 513175
   1407, 513434
   1408, 513692
   1409, 513952
   1410, 514214
   1411, 514479
   1412, 514741
   1413, 515005
   1414, 516052
   1415, 516890
   1416, 517815
   1417, 518725
   1418, 519621
   1419, 520131
   1420, 520378
   1421, 520637
   1422, 520903
   1423, 521161
   1424, 521414
   1425, 521674
   1426, 521936
   1427, 522192
   1428, 522449
   1429, 522704
   1430, 522956
   1431, 523658
   1432, 524164
   1433, 524410
   1434, 524675
   1435, 524937
   1436, 525205
   1437, 525463
   1438, 525720
   1439, 525981
   1440, 526248
   1441, 526508
   1442, 526776
   1443, 527047
   1444, 527306
   1445, 528069
   1446, 528588
   1447, 528828
   1448, 529095
   1449, 529355
   1450, 529611
   1451, 529874
   1452, 530139
   1453, 530400
   1454, 530659
   1455, 530920
   1456, 531187
   1457, 531457
   1458, 531726
   1459, 532351
   1460, 532603
   1461, 532877
   1462, 533144
   1463, 533417
   1464, 534965
   1465, 535410
   1466, 535666
   1467, 535930
   1468, 536202
   1469, 536475
   1470, 536737
   1471, 536999
   1472, 537263
   1473, 537540
   1474, 537813
   1475, 538081
   1476, 539183
   1477, 539610
   1478, 539861
   1479, 540132
   1480, 540396
   1481, 540667
   1482, 540941
   1483, 541203
   1484, 542184
   1485, 542761
   1486, 543003
   1487, 543266
   1488, 543521
   1489, 543786
   1490, 544054
   1491, 544316
   1492, 544579
   1493, 544851
   1494, 545124
   1495, 545861
   1496, 546847
   1497, 547334
   1498, 547584
   1499, 547846
   1500, 548112
   1501, 548380
   1502, 548649
   1503, 548917
   1504, 549188
   1505, 549456
   1506, 549719
   1507, 549989
   1508, 550266
   1509, 550534
   1510, 550808
   1511, 551955
   1512, 552411
   1513, 552663
   1514, 552928
   1515, 553194
   1516, 553468
   1517, 553730
   1518, 553991
   1519, 554253
   1520, 554521
   1521, 554785
   1522, 555062
   1523, 556014
   1524, 556545
   1525, 556801
   1526, 557075
   1527, 557337
   1528, 557604
   1529, 557877
   1530, 558146
   1531, 558421
   1532, 558692
   1533, 558958
   1534, 559223
   1535, 559492
   1536, 559772
   1537, 560869
   1538, 561315
   1539, 561570
   1540, 561843
   1541, 562115
   1542, 562380
   1543, 562651
   1544, 562929
   1545, 563195
   1546, 563469
   1547, 563741
   1548, 564014
   1549, 564282
   1550, 564979
   1551, 565485
   1552, 565735
   1553, 566016
   1554, 566287
   1555, 566558
   1556, 566830
   1557, 567099
   1558, 567373
   1559, 567647
   1560, 567930
   1561, 568209
   1562, 568487
   1563, 568761
   1564, 569045
   1565, 569934
   1566, 570484
   1567, 570742
   1568, 571019
   1569, 571295
   1570, 571570
   1571, 571838
   1572, 572115
   1573, 573391
   1574, 573996
   1575, 574249
   1576, 574523
   1577, 574794
   1578, 575062
   1579, 575335
   1580, 575616
   1581, 575886
   1582, 576156
   1583, 576428
   1584, 577534
   1585, 577986
   1586, 578240
   1587, 578520
   1588, 578798
   1589, 579069
   1590, 579343
   1591, 579611
   1592, 579887
   1593, 580157
   1594, 580433
   1595, 580719
   1596, 580988
   1597, 581955
   1598, 582347
   1599, 582593
   1600, 582868
   1601, 583136
   1602, 583407
   1603, 583674
   1604, 583954
   1605, 584656
   1606, 585660
   1607, 586076
   1608, 586327
   1609, 586599
   1610, 586862
   1611, 587125
   1612, 587388
   1613, 587647
   1614, 588447
   1615, 588952
   1616, 589196
   1617, 589474
   1618, 589744
   1619, 590018
   1620, 590283
   1621, 590554
   1622, 590824
   1623, 591101
   1624, 591382
   1625, 591652
   1626, 592531
   1627, 593077
   1628, 593336
   1629, 593607
   1630, 593872
   1631, 594144
   1632, 594422
   1633, 594693
   1634, 594963
   1635, 595228
   1636, 595495
   1637, 595769
   1638, 596046
   1639, 597203
   1640, 598175
   1641, 598708
   1642, 598953
   1643, 599231
   1644, 599499
   1645, 599762
   1646, 600031
   1647, 600289
   1648, 600560
   1649, 600835
   1650, 601102
   1651, 601365
   1652, 601629
   1653, 601901
   1654, 602166
   1655, 603047
   1656, 603531
   1657, 603783
   1658, 604054
   1659, 604321
   1660, 604581
   1661, 604846
   1662, 605115
   1663, 605790
   1664, 606721
   1665, 607173
   1666, 607422
   1667, 607682
   1668, 607942
   1669, 608206
   1670, 608463
   1671, 608729
   1672, 608992
   1673, 609254
   1674, 609518
   1675, 609777
   1676, 610048
   1677, 610686
   1678, 610929
   1679, 611207
   1680, 611488
   1681, 611761
   1682, 613363
   1683, 613793
   1684, 614044
   1685, 614344
   1686, 614629
   1687, 615355
   1688, 616254
   1689, 617123
   1690, 617968
   1691, 618811
   1692, 619645
   1693, 619891
   1694, 620147
   1695, 620393
   1696, 620646
   1697, 620905
   1698, 621155
   1699, 621418
   1700, 621682
   1701, 621934
   1702, 622194
   1703, 622451
   1704, 622720
   1705, 622988
   1706, 623252
   1707, 623897
   1708, 624391
   1709, 624638
   1710, 624912
   1711, 625167
   1712, 625426
   1713, 625691
   1714, 625962
   1715, 626225
   1716, 626491
   1717, 626759
   1718, 627023
   1719, 627287
   1720, 627553
   1721, 627822
   1722, 628089
   1723, 628356
   1724, 629059
   1725, 629983
   1726, 630485
   1727, 630734
   1728, 630999
   1729, 631259
   1730, 631518
   1731, 631775
   1732, 632035
   1733, 632307
   1734, 632580
   1735, 632849
   1736, 633574
   1737, 634630
   1738, 635065
   1739, 635321
   1740, 635596
   1741, 635861
   1742, 636122
   1743, 636384
   1744, 636653
   1745, 636925
   1746, 637193
   1747, 637464
   1748, 637735
   1749, 638001
   1750, 638950
   1751, 639455
   1752, 639713
   1753, 639984
   1754, 640253
   1755, 640526
   1756, 640792
   1757, 641059
   1758, 641326
   1759, 641600
   1760, 641874
   1761, 642152
   1762, 643271
   1763, 643844
   1764, 644095
   1765, 644361
   1766, 644633
   1767, 644906
   1768, 645180
   1769, 645453
   1770, 645720
   1771, 645985
   1772, 646254
   1773, 646528
   1774, 647170
   1775, 647421
   1776, 647690
   1777, 647965
   1778, 648239
   1779, 648850
   1780, 649107
   1781, 649377
