      0,   1398
      1,   1573
      2,   1835
      3,   2171
      4,   2452
      5,   2674
      6,   2888
      7,   3025
      8,   3321
      9,   3535
     10,   3744
     11,   3959
     12,   4175
     13,   4389
     14,   4518
     15,   4810
     16,   4966
     17,   5232
     18,   5452
     19,   5596
     20,   5763
     21,   6058
     22,   6268
     23,   6480
     24,   6695
     25,   6906
     26,   7116
     27,   7325
     28,   7489
     29,   7724
     30,   7939
     31,   8069
     32,   8360
     33,   8571
     34,   8781
     35,   8915
     36,   9204
     37,   9413
     38,   9618
     39,   9827
     40,  10219
     41,  10351
     42,  10651
     43,  10827
     44,  11060
     45,  11282
     46,  11412
     47,  11706
     48,  11880
     49,  12121
     50,  12327
     51,  12460
     52,  12749
     53,  12930
     54,  13169
     55,  13377
     56,  13578
     57,  13740
     58,  13994
     59,  14199
     60,  14330
     61,  14605
     62,  14788
     63,  15012
     64,  15219
     65,  15426
     66,  15597
     67,  15714
     68,  16026
     69,  16182
     70,  16454
     71,  16660
     72,  16865
     73,  17066
     74,  17270
     75,  17394
     76,  17679
     77,  17888
     78,  18090
     79,  18218
     80,  18483
     81,  18689
     82,  18899
     83,  19102
     84,  19306
     85,  19454
     86,  19719
     87,  19913
     88,  20121
     89,  20302
     90,  20527
     91,  20735
     92,  20870
     93,  21142
     94,  21355
     95,  21557
     96,  21764
     97,  21967
     98,  22172
     99,  22315
    100,  22581
    101,  22767
    102,  22992
    103,  23199
    104,  23330
    105,  23604
    106,  23751
    107,  24017
    108,  24222
    109,  24427
    110,  24635
    111,  24834
    112,  25006
    113,  25251
    114,  25455
    115,  25594
    116,  25859
    117,  26048
    118,  26282
    119,  26491
    120,  26630
    121,  26900
    122,  27106
    123,  27311
    124,  27459
    125,  27731
    126,  27937
    127,  28137
    128,  28307
    129,  28546
    130,  28758
    131,  28897
    132,  29159
    133,  29318
    134,  29432
    135,  29736
    136,  29946
    137,  30153
    138,  30372
    139,  30574
    140,  30775
    141,  30980
    142,  31193
    143,  31395
    144,  31595
    145,  31785
    146,  31921
    147,  32199
    148,  32392
    149,  32592
    150,  32793
    151,  32995
    152,  33132
    153,  33391
    154,  33598
    155,  33799
    156,  33948
    157,  34208
    158,  34407
    159,  34601
    160,  34815
    161,  35006
    162,  35157
    163,  35420
    164,  35617
    165,  35808
    166,  36022
    167,  36224
    168,  36425
    169,  36620
    170,  36752
    171,  37018
    172,  37217
    173,  37416
    174,  37609
    175,  37803
    176,  38001
    177,  38199
    178,  38412
    179,  38604
    180,  38817
    181,  39007
    182,  39218
    183,  39420
    184,  39618
    185,  39823
    186,  39968
    187,  40226
    188,  40423
    189,  40634
    190,  40843
    191,  41050
    192,  41254
    193,  41446
    194,  41644
    195,  41858
    196,  42060
    197,  42283
    198,  42495
    199,  42616
    200,  42895
    201,  43088
    202,  43330
    203,  43540
    204,  43666
    205,  43934
    206,  44124
    207,  44353
    208,  44560
    209,  44701
    210,  44984
    211,  45119
    212,  45394
    213,  45529
    214,  45836
    215,  46000
    216,  46259
    217,  46465
    218,  46592
    219,  46860
    220,  47026
    221,  47276
    222,  47625
    223,  48093
    224,  48327
    225,  48461
    226,  48728
    227,  48875
    228,  49149
    229,  49347
    230,  49559
    231,  49728
    232,  49972
    233,  50183
    234,  50315
    235,  50595
    236,  50734
    237,  51033
    238,  51169
    239,  51439
    240,  51613
    241,  51864
    242,  52091
    243,  52223
    244,  52501
    245,  52639
    246,  52933
    247,  53068
    248,  53352
    249,  53526
    250,  53647
    251,  53970
    252,  54130
    253,  54398
    254,  54625
    255,  54754
    256,  55035
    257,  55175
    258,  55462
    259,  55682
    260,  55820
    261,  56101
    262,  56245
    263,  56528
    264,  56670
    265,  56927
    266,  57160
    267,  57292
    268,  57575
    269,  57753
    270,  58004
    271,  58211
    272,  58343
    273,  58627
    274,  58768
    275,  59057
    276,  59199
    277,  59494
    278,  59661
    279,  59912
    280,  60134
    281,  60262
    282,  60766
    283,  60890
    284,  61193
    285,  61417
    286,  61613
    287,  61751
    288,  62043
    289,  62240
    290,  62383
    291,  62651
    292,  62878
    293,  63016
    294,  63301
    295,  63427
    296,  63714
    297,  63931
    298,  64135
    299,  64346
    300,  64560
    301,  64767
    302,  64894
    303,  65174
    304,  65352
    305,  65591
    306,  65800
    307,  66000
    308,  66159
    309,  66410
    310,  66612
    311,  66819
    312,  66944
    313,  67144
    314,  67386
    315,  67604
    316,  67813
    317,  68024
    318,  68231
    319,  68357
    320,  68625
    321,  68792
    322,  69050
    323,  69264
    324,  69394
    325,  69666
    326,  69808
    327,  70092
    328,  70301
    329,  70423
    330,  70724
    331,  70896
    332,  71126
    333,  71347
    334,  71554
    335,  71721
    336,  71967
    337,  72174
    338,  72380
    339,  72547
    340,  72787
    341,  72996
    342,  73137
    343,  73410
    344,  73551
    345,  73821
    346,  75716
    347,  75821
    348,  76132
    349,  76299
    350,  76545
    351,  76772
    352,  76903
    353,  77183
    354,  77316
    355,  77619
    356,  77750
    357,  78051
    358,  78261
    359,  78470
    360,  79108
    361,  79324
    362,  79530
    363,  79706
    364,  79845
    365,  80158
    366,  80374
    367,  80550
    368,  80773
    369,  80985
    370,  81131
    371,  81408
    372,  81626
    373,  81837
    374,  82048
    375,  82224
    376,  82373
    377,  84143
    378,  84296
    379,  84522
    380,  84759
    381,  84971
    382,  85181
    383,  85384
    384,  85504
    385,  85793
    386,  86006
    387,  86211
    388,  86425
    389,  86639
    390,  86843
    391,  87050
    392,  87172
    393,  87469
    394,  87639
    395,  87893
    396,  88099
    397,  88222
    398,  88510
    399,  88634
    400,  89563
    401,  90414
    402,  91474
    403,  91681
    404,  92012
    405,  92306
    406,  92498
    407,  92730
    408,  92935
    409,  93144
    410,  93305
    411,  93418
    412,  93764
    413,  93928
    414,  94194
    415,  94405
    416,  94614
    417,  94832
    418,  95046
    419,  95174
    420,  95466
    421,  95678
    422,  95795
    423,  96105
    424,  96323
    425,  96527
    426,  96742
    427,  96959
    428,  97084
    429,  97388
    430,  97604
    431,  97811
    432,  98025
    433,  98237
    434,  98364
    435,  98660
    436,  98877
    437,  99092
    438,  99293
    439,  99514
    440,  99728
    441,  99862
    442, 100142
    443, 100363
    444, 100572
    445, 100702
    446, 100999
    447, 101163
    448, 101415
    449, 101630
    450, 101839
    451, 102052
    452, 102282
    453, 102493
    454, 102705
    455, 102918
    456, 103041
    457, 103339
    458, 103561
    459, 103784
    460, 103907
    461, 104198
    462, 104365
    463, 104645
    464, 105081
    465, 105291
    466, 105499
    467, 105627
    468, 105923
    469, 106353
    470, 106564
    471, 106773
    472, 106898
    473, 107414
    474, 107624
    475, 107749
    476, 108047
    477, 108260
    478, 108476
    479, 108608
    480, 109116
    481, 109326
    482, 109458
    483, 109761
    484, 109913
    485, 110315
    486, 112060
    487, 112365
    488, 112579
    489, 112793
    490, 112924
    491, 113224
    492, 113379
    493, 113662
    494, 113788
    495, 114076
    496, 114250
    497, 114523
    498, 114739
    499, 114951
    500, 115164
    501, 115380
    502, 115505
    503, 115807
    504, 116028
    505, 116241
    506, 116368
    507, 116669
    508, 116895
    509, 117108
    510, 117237
    511, 117524
    512, 117735
    513, 117936
    514, 118076
    515, 118366
    516, 118579
    517, 118792
    518, 118928
    519, 119229
    520, 119453
    521, 119670
    522, 119796
    523, 120082
    524, 120312
    525, 120527
    526, 120655
    527, 120963
    528, 121182
    529, 121392
    530, 121568
    531, 121829
    532, 122045
    533, 122257
    534, 122428
    535, 122681
    536, 122990
    537, 123325
    538, 123544
    539, 123756
    540, 124320
    541, 124621
    542, 124838
    543, 125057
    544, 125184
    545, 125491
    546, 125716
    547, 125934
    548, 126061
    549, 126586
    550, 126803
    551, 127024
    552, 127232
    553, 127359
    554, 127657
    555, 127875
    556, 128088
    557, 128220
    558, 128520
    559, 128735
    560, 128947
    561, 129081
    562, 129384
    563, 129940
    564, 130234
    565, 130669
    566, 130794
    567, 131091
    568, 131302
    569, 131653
    570, 132482
    571, 132993
    572, 133206
    573, 133333
    574, 133624
    575, 133840
    576, 134061
    577, 134191
    578, 134485
    579, 134697
    580, 134910
    581, 135041
    582, 135338
    583, 135560
    584, 135772
    585, 135901
    586, 136193
    587, 136416
    588, 136633
    589, 136760
    590, 137054
    591, 137269
    592, 137485
    593, 137612
    594, 137913
    595, 138134
    596, 138348
    597, 138471
    598, 138775
    599, 139002
    600, 139216
    601, 139342
    602, 139642
    603, 139858
    604, 140070
    605, 140200
    606, 140499
    607, 140714
    608, 140925
    609, 141047
    610, 141351
    611, 141572
    612, 141784
    613, 141907
    614, 142199
    615, 142415
    616, 142629
    617, 142753
    618, 143056
    619, 143274
    620, 143485
    621, 143614
    622, 143924
    623, 144146
    624, 144357
    625, 144571
    626, 144787
    627, 144964
    628, 145216
    629, 145439
    630, 145653
    631, 145865
    632, 145993
    633, 146295
    634, 146488
    635, 146624
    636, 146949
    637, 147085
    638, 147386
    639, 147577
    640, 147832
    641, 148049
    642, 148180
    643, 148480
    644, 148668
    645, 148922
    646, 149140
    647, 149353
    648, 149535
    649, 149779
    650, 149999
    651, 150178
    652, 150328
    653, 150641
    654, 150779
    655, 151078
    656, 151304
    657, 151520
    658, 151714
    659, 152599
    660, 152735
    661, 153018
    662, 153229
    663, 153442
    664, 153630
    665, 153767
    666, 154076
    667, 154207
    668, 154503
    669, 155565
    670, 155773
    671, 155987
    672, 156203
    673, 156413
    674, 156616
    675, 156822
    676, 157036
    677, 157244
    678, 157452
    679, 157659
    680, 157865
    681, 158035
    682, 158258
    683, 158484
    684, 158612
    685, 158898
    686, 159102
    687, 159312
    688, 159513
    689, 159736
    690, 159864
    691, 160156
    692, 160371
    693, 160575
    694, 160785
    695, 161000
    696, 161126
    697, 161404
    698, 161608
    699, 161832
    700, 162040
    701, 162253
    702, 162436
    703, 162650
    704, 162890
    705, 163101
    706, 163318
    707, 163535
    708, 163755
    709, 163878
    710, 164173
    711, 164351
    712, 164610
    713, 164832
    714, 165039
    715, 165263
    716, 165472
    717, 165601
    718, 165909
    719, 166126
    720, 166341
    721, 166466
    722, 166770
    723, 166989
    724, 167214
    725, 167342
    726, 167641
    727, 167862
    728, 168098
    729, 168230
    730, 168543
    731, 168762
    732, 168977
    733, 169106
    734, 169402
    735, 169625
    736, 169845
    737, 169973
    738, 170266
    739, 170479
    740, 170694
    741, 170825
    742, 171113
    743, 171325
    744, 171547
    745, 171680
    746, 171966
    747, 172183
    748, 172391
    749, 172528
    750, 172810
    751, 173027
    752, 173248
    753, 173389
    754, 173670
    755, 173883
    756, 174105
    757, 174235
    758, 174516
    759, 174744
    760, 174953
    761, 175080
    762, 175359
    763, 175575
    764, 175805
    765, 175931
    766, 176221
    767, 176435
    768, 176650
    769, 176780
    770, 177075
    771, 177296
    772, 177634
    773, 177918
    774, 178060
    775, 178364
    776, 178580
    777, 178790
    778, 179002
    779, 179211
    780, 179343
    781, 179637
    782, 179847
    783, 180058
    784, 180185
    785, 180481
    786, 180701
    787, 180914
    788, 181044
    789, 181320
    790, 181539
    791, 181761
    792, 181891
    793, 182179
    794, 182392
    795, 182599
    796, 182744
    797, 183041
    798, 183252
    799, 183452
    800, 183588
    801, 183870
    802, 184079
    803, 184294
    804, 184441
    805, 184566
    806, 184905
    807, 185123
    808, 185342
    809, 185488
    810, 185773
    811, 185987
    812, 186200
    813, 186344
    814, 186623
    815, 186843
    816, 187058
    817, 187200
    818, 187483
    819, 187705
    820, 187923
    821, 188061
    822, 188344
    823, 188563
    824, 188779
    825, 188915
    826, 189201
    827, 189425
    828, 189637
    829, 189851
    830, 190063
    831, 190284
    832, 190425
    833, 190710
    834, 190920
    835, 191132
    836, 191276
    837, 191561
    838, 191780
    839, 191992
    840, 192135
    841, 192413
    842, 192633
    843, 192852
    844, 192989
    845, 193275
    846, 193469
    847, 193708
    848, 193925
    849, 194143
    850, 194328
    851, 194572
    852, 194784
    853, 195000
    854, 195190
    855, 195402
    856, 195646
    857, 195858
    858, 196071
    859, 196280
    860, 196497
    861, 196637
    862, 196919
    863, 197131
    864, 197346
    865, 197572
    866, 197788
    867, 197919
    868, 198194
    869, 198406
    870, 198618
    871, 198753
    872, 199044
    873, 199274
    874, 199483
    875, 199610
    876, 199894
    877, 200128
    878, 200330
    879, 200513
    880, 200965
    881, 201174
    882, 201345
    883, 201585
    884, 201794
    885, 202002
    886, 202180
    887, 202429
    888, 202639
    889, 202849
    890, 203031
    891, 203237
    892, 203482
    893, 203692
    894, 203906
    895, 204123
    896, 204334
    897, 204476
    898, 204752
    899, 204968
    900, 205093
    901, 205401
    902, 205615
    903, 205828
    904, 205971
    905, 206256
    906, 206479
    907, 206696
    908, 206833
    909, 207124
    910, 207312
    911, 207572
    912, 207794
    913, 208005
    914, 208180
    915, 208436
    916, 208665
    917, 208873
    918, 209053
    919, 209304
    920, 209518
    921, 209735
    922, 209922
    923, 210179
    924, 210386
    925, 210597
    926, 210783
    927, 211028
    928, 211263
    929, 211483
    930, 211656
    931, 211862
    932, 211984
    933, 212334
    934, 212510
    935, 212773
    936, 213002
    937, 213220
    938, 213432
    939, 213646
    940, 213775
    941, 214069
    942, 214285
    943, 214496
    944, 214717
    945, 214933
    946, 215065
    947, 215354
    948, 215569
    949, 215785
    950, 215913
    951, 216218
    952, 216438
    953, 216653
    954, 216778
    955, 217080
    956, 217306
    957, 217519
    958, 217647
    959, 217936
    960, 218154
    961, 218361
    962, 218494
    963, 218787
    964, 219001
    965, 219210
    966, 219382
    967, 219640
    968, 219855
    969, 219984
    970, 220279
    971, 220498
    972, 220713
    973, 220930
    974, 221144
    975, 221273
    976, 221571
    977, 221785
    978, 222001
    979, 222217
    980, 222429
    981, 222632
    982, 222762
    983, 222938
    984, 223266
    985, 223435
    986, 223687
    987, 223912
    988, 224120
    989, 224283
    990, 224405
    991, 224755
    992, 224974
    993, 225187
    994, 225396
    995, 225607
    996, 225742
    997, 226033
    998, 226220
    999, 226349
   1000, 226661
   1001, 226792
   1002, 227091
   1003, 227227
   1004, 227503
   1005, 227708
   1006, 227940
   1007, 228068
   1008, 228366
   1009, 228582
   1010, 228799
   1011, 228926
   1012, 229223
   1013, 229427
   1014, 229645
   1015, 229866
   1016, 230076
   1017, 230287
   1018, 230493
   1019, 230706
   1020, 230920
   1021, 231085
   1022, 231249
   1023, 231539
   1024, 231679
   1025, 231975
   1026, 232141
   1027, 232397
   1028, 232612
   1029, 232743
   1030, 233040
   1031, 233167
   1032, 233470
   1033, 233686
   1034, 233896
   1035, 234121
   1036, 234345
   1037, 234501
   1038, 234758
   1039, 234972
   1040, 235194
   1041, 235355
   1042, 235607
   1043, 235838
   1044, 236038
   1045, 236218
   1046, 236472
   1047, 236691
   1048, 236898
   1049, 237081
   1050, 237323
   1051, 237537
   1052, 237678
   1053, 237966
   1054, 238188
   1055, 238400
   1056, 238627
   1057, 238822
   1058, 239043
   1059, 239260
   1060, 239470
   1061, 239670
   1062, 239876
   1063, 240091
   1064, 240248
   1065, 240510
   1066, 240724
   1067, 240849
   1068, 241130
   1069, 241310
   1070, 241558
   1071, 241776
   1072, 241912
   1073, 242194
   1074, 242409
   1075, 242621
   1076, 242838
   1077, 243053
   1078, 243255
   1079, 243465
   1080, 243639
   1081, 243876
   1082, 244091
   1083, 244228
   1084, 244508
   1085, 244641
   1086, 244923
   1087, 245062
   1088, 245357
   1089, 245519
   1090, 245777
   1091, 245977
   1092, 246112
   1093, 246405
   1094, 246537
   1095, 246830
   1096, 246957
   1097, 247236
   1098, 247413
   1099, 247653
   1100, 247877
   1101, 248006
   1102, 248282
   1103, 248422
   1104, 248683
   1105, 248809
   1106, 249105
   1107, 249282
   1108, 249520
   1109, 249730
   1110, 249859
   1111, 250150
   1112, 250328
   1113, 250569
   1114, 250780
   1115, 250997
   1116, 251160
   1117, 251428
   1118, 251646
   1119, 251849
   1120, 252060
   1121, 252282
   1122, 252492
   1123, 252624
   1124, 252915
   1125, 253074
   1126, 253337
   1127, 253553
   1128, 253766
   1129, 253943
   1130, 254085
   1131, 254393
   1132, 254549
   1133, 254816
   1134, 255031
   1135, 255161
   1136, 255455
   1137, 255668
   1138, 255879
   1139, 256091
   1140, 256308
   1141, 256436
   1142, 256728
   1143, 256893
   1144, 257139
   1145, 257356
   1146, 257571
   1147, 257746
   1148, 257988
   1149, 258206
   1150, 258428
   1151, 258603
   1152, 258851
   1153, 259079
   1154, 259291
   1155, 259461
   1156, 259932
   1157, 260146
   1158, 260316
   1159, 260563
   1160, 260769
   1161, 260898
   1162, 261185
   1163, 261404
   1164, 261608
   1165, 261815
   1166, 262026
   1167, 262232
   1168, 262371
   1169, 262646
   1170, 262822
   1171, 263063
   1172, 263283
   1173, 263410
   1174, 263714
   1175, 263927
   1176, 264131
   1177, 264263
   1178, 264543
   1179, 264765
   1180, 264979
   1181, 265151
   1182, 265407
   1183, 265617
   1184, 265739
   1185, 266050
   1186, 266267
   1187, 266473
   1188, 266607
   1189, 266912
   1190, 267128
   1191, 267346
   1192, 267477
   1193, 267773
   1194, 267991
   1195, 268194
   1196, 268340
   1197, 268633
   1198, 268864
   1199, 269074
   1200, 269203
   1201, 269499
   1202, 269717
   1203, 269931
   1204, 270063
   1205, 270353
   1206, 270563
   1207, 270906
   1208, 271198
   1209, 271412
   1210, 271624
   1211, 271798
   1212, 272048
   1213, 272269
   1214, 272397
   1215, 272698
   1216, 272913
   1217, 273126
   1218, 273344
   1219, 273558
   1220, 273774
   1221, 273982
   1222, 274141
   1223, 274391
   1224, 274614
   1225, 274827
   1226, 274992
   1227, 275241
   1228, 275458
   1229, 275586
   1230, 275884
   1231, 276097
   1232, 276320
   1233, 276533
   1234, 276747
   1235, 276958
   1236, 277173
   1237, 277349
   1238, 277588
   1239, 277808
   1240, 277932
   1241, 278237
   1242, 278415
   1243, 278649
   1244, 278862
   1245, 278989
   1246, 279277
   1247, 279489
   1248, 279699
   1249, 279902
   1250, 280123
   1251, 280328
   1252, 280542
   1253, 280760
   1254, 280973
   1255, 281181
   1256, 281389
   1257, 281599
   1258, 281805
   1259, 282017
   1260, 282227
   1261, 282432
   1262, 282638
   1263, 282841
   1264, 283047
   1265, 283259
   1266, 283440
   1267, 283543
   1268, 283862
   1269, 284024
   1270, 284292
   1271, 284505
   1272, 284720
   1273, 284887
   1274, 285070
   1275, 285332
   1276, 285559
   1277, 285770
   1278, 285989
   1279, 286197
   1280, 286320
   1281, 286610
   1282, 286821
   1283, 287026
   1284, 287172
   1285, 287434
   1286, 287639
   1287, 287851
   1288, 288065
   1289, 288271
   1290, 288397
   1291, 288687
   1292, 288897
   1293, 289103
   1294, 289315
   1295, 289530
   1296, 289733
   1297, 289938
   1298, 290142
   1299, 290351
   1300, 290563
   1301, 290689
   1302, 290970
   1303, 291177
   1304, 291383
   1305, 291584
   1306, 291790
   1307, 292002
   1308, 292203
   1309, 292329
   1310, 292612
   1311, 292787
   1312, 293037
   1313, 293210
   1314, 293448
   1315, 293655
   1316, 293869
   1317, 294047
   1318, 294291
   1319, 294502
   1320, 294626
   1321, 294916
   1322, 295128
   1323, 295345
   1324, 295553
   1325, 295762
   1326, 295964
   1327, 296175
   1328, 296350
   1329, 296593
   1330, 296808
   1331, 296934
   1332, 297226
   1333, 297436
   1334, 297649
   1335, 297866
   1336, 298079
   1337, 298204
   1338, 298497
   1339, 298711
   1340, 298926
   1341, 299058
   1342, 299354
   1343, 299564
   1344, 299772
   1345, 299904
   1346, 300191
   1347, 300319
   1348, 300605
   1349, 300773
   1350, 301024
   1351, 301249
   1352, 301378
   1353, 301554
   1354, 301889
   1355, 302106
   1356, 302312
   1357, 302439
   1358, 302740
   1359, 302955
   1360, 303162
   1361, 303371
   1362, 303583
   1363, 303707
   1364, 304002
   1365, 304219
   1366, 304425
   1367, 304629
   1368, 304836
   1369, 305045
   1370, 305233
   1371, 305469
   1372, 305588
   1373, 305877
   1374, 306293
   1375, 306429
   1376, 306718
   1377, 306869
   1378, 307128
   1379, 307340
   1380, 307472
   1381, 307763
   1382, 307889
   1383, 308179
   1384, 308318
   1385, 308596
   1386, 308797
   1387, 309022
   1388, 309189
   1389, 309441
   1390, 309641
   1391, 309775
   1392, 310064
   1393, 310204
   1394, 310480
   1395, 310621
   1396, 310910
   1397, 311075
   1398, 311333
   1399, 311549
   1400, 311675
   1401, 311965
   1402, 312138
   1403, 312392
   1404, 312607
   1405, 312733
   1406, 313022
   1407, 313149
   1408, 313435
   1409, 313579
   1410, 313875
   1411, 314091
   1412, 314216
   1413, 314509
   1414, 314689
   1415, 314941
   1416, 315155
   1417, 315284
   1418, 315566
   1419, 315703
   1420, 316000
   1421, 316134
   1422, 316434
   1423, 316561
   1424, 316844
   1425, 317070
   1426, 317286
   1427, 317456
   1428, 317701
   1429, 317922
   1430, 318132
   1431, 318303
   1432, 318552
   1433, 318764
   1434, 318891
   1435, 319175
   1436, 319299
   1437, 319599
   1438, 319823
   1439, 320031
   1440, 320243
   1441, 320453
   1442, 320584
   1443, 320871
   1444, 321086
   1445, 321303
   1446, 321431
   1447, 321715
   1448, 321929
   1449, 322148
   1450, 322314
   1451, 322564
   1452, 322773
   1453, 322982
   1454, 323150
   1455, 323314
   1456, 323617
   1457, 323787
   1458, 324041
   1459, 324249
   1460, 324458
   1461, 324631
   1462, 324878
   1463, 325075
   1464, 325289
   1465, 325455
   1466, 325687
   1467, 325893
   1468, 326034
   1469, 326314
   1470, 326489
   1471, 326728
   1472, 326938
   1473, 327068
   1474, 330995
   1475, 331808
   1476, 332212
   1477, 333037
   1478, 333449
   1479, 334131
   1480, 334542
   1481, 334669
   1482, 335069
   1483, 335346
   1484, 335553
   1485, 337201
   1486, 337402
   1487, 337607
   1488, 337742
   1489, 338222
   1490, 338426
   1491, 338558
   1492, 338828
   1493, 339034
   1494, 339369
   1495, 341067
   1496, 341288
   1497, 341497
   1498, 341624
   1499, 345269
   1500, 347512
   1501, 347913
   1502, 348328
   1503, 348440
   1504, 351828
   1505, 353291
   1506, 353755
   1507, 354331
   1508, 354789
   1509, 354902
   1510, 355785
   1511, 356251
   1512, 356837
   1513, 357298
   1514, 357553
   1515, 357893
   1516, 358309
   1517, 359587
   1518, 360000
   1519, 360304
   1520, 360454
   1521, 360722
   1522, 360938
   1523, 361156
   1524, 361312
   1525, 361576
   1526, 361786
   1527, 361994
   1528, 362151
   1529, 362412
   1530, 362631
   1531, 362754
   1532, 363046
   1533, 363168
   1534, 363470
   1535, 363688
   1536, 363895
   1537, 364020
   1538, 364309
   1539, 364525
   1540, 364730
   1541, 364860
   1542, 365153
   1543, 365363
   1544, 365557
   1545, 365697
   1546, 365991
   1547, 366202
   1548, 366411
   1549, 366536
   1550, 366823
   1551, 367025
   1552, 367248
   1553, 367461
   1554, 367670
   1555, 367800
   1556, 368082
   1557, 368285
   1558, 368511
   1559, 368721
   1560, 368927
   1561, 369055
   1562, 369338
   1563, 369490
   1564, 369752
   1565, 369963
   1566, 370170
   1567, 370376
   1568, 370584
   1569, 370714
   1570, 371006
   1571, 371219
   1572, 371420
   1573, 371571
   1574, 371811
   1575, 372022
   1576, 372151
   1577, 372440
   1578, 372590
   1579, 373432
   1580, 374103
   1581, 374261
   1582, 375088
   1583, 375675
   1584, 376913
   1585, 377207
   1586, 377370
   1587, 377949
   1588, 378408
   1589, 378650
   1590, 378854
   1591, 378979
   1592, 379251
   1593, 379433
   1594, 379662
   1595, 379871
   1596, 380008
   1597, 380276
   1598, 380415
   1599, 380713
   1600, 380911
   1601, 381115
   1602, 381335
   1603, 381543
   1604, 381671
   1605, 381944
   1606, 382170
   1607, 382376
   1608, 382525
   1609, 382783
   1610, 382997
   1611, 383210
   1612, 383609
   1613, 383750
   1614, 384002
   1615, 384216
   1616, 384850
   1617, 384981
   1618, 385420
   1619, 385693
   1620, 385908
   1621, 386114
   1622, 386951
   1623, 387156
   1624, 387283
   1625, 387546
   1626, 387717
   1627, 388188
   1628, 388399
   1629, 388552
   1630, 388669
   1631, 389016
   1632, 389184
   1633, 389451
   1634, 389660
   1635, 389871
   1636, 390082
   1637, 390297
   1638, 390429
   1639, 390705
   1640, 390923
   1641, 391131
   1642, 391278
   1643, 391515
   1644, 391733
   1645, 391938
   1646, 392099
   1647, 392364
   1648, 392576
   1649, 392795
   1650, 392957
   1651, 393218
   1652, 393431
   1653, 393641
   1654, 393802
   1655, 394059
   1656, 394276
   1657, 394415
   1658, 394658
   1659, 394866
   1660, 395078
   1661, 395295
   1662, 395500
   1663, 395705
   1664, 395831
   1665, 396117
   1666, 396325
   1667, 396534
   1668, 396671
   1669, 397164
   1670, 397269
   1671, 397585
   1672, 397802
   1673, 398014
   1674, 398141
   1675, 398423
   1676, 398552
   1677, 399001
   1678, 399258
   1679, 399481
   1680, 400234
   1681, 400527
   1682, 402322
   1683, 403559
   1684, 405299
   1685, 405631
   1686, 406077
   1687, 407276
   1688, 407587
   1689, 407758
   1690, 408165
   1691, 408417
   1692, 408753
   1693, 409216
   1694, 410310
   1695, 410519
   1696, 410642
   1697, 411084
   1698, 411570
   1699, 411779
   1700, 412327
   1701, 412614
   1702, 413027
   1703, 413239
   1704, 413448
   1705, 413578
   1706, 413762
   1707, 414226
   1708, 414489
   1709, 414706
   1710, 414917
   1711, 415127
   1712, 415332
   1713, 415538
   1714, 415669
   1715, 415958
   1716, 416122
   1717, 416369
   1718, 416589
   1719, 416794
   1720, 416948
   1721, 417070
   1722, 417412
   1723, 417575
   1724, 417831
   1725, 418042
   1726, 418166
   1727, 418628
   1728, 418878
   1729, 419211
   1730, 419679
   1731, 419833
   1732, 420731
   1733, 421308
   1734, 421763
   1735, 422362
   1736, 422817
   1737, 423227
   1738, 423487
   1739, 423685
   1740, 423825
   1741, 424540
   1742, 424668
   1743, 425502
   1744, 425793
   1745, 426013
   1746, 426222
   1747, 426349
   1748, 427201
   1749, 428045
   1750, 428897
   1751, 429192
   1752, 429621
   1753, 429745
   1754, 430198
   1755, 430452
   1756, 431026
   1757, 431288
   1758, 431499
   1759, 432128
   1760, 432334
   1761, 432541
   1762, 432733
   1763, 432942
   1764, 433167
   1765, 433359
   1766, 433577
   1767, 433778
   1768, 433987
   1769, 434187
   1770, 434391
   1771, 434595
   1772, 434800
   1773, 435019
   1774, 435222
   1775, 435353
   1776, 435851
   1777, 436061
   1778, 436185
   1779, 436482
   1780, 436638
   1781, 436916
   1782, 437125
   1783, 437335
   1784, 437551
   1785, 437974
   1786, 438188
   1787, 438397
   1788, 438543
   1789, 438808
   1790, 439031
   1791, 439658
   1792, 439783
   1793, 440078
   1794, 440299
   1795, 440509
   1796, 440637
   1797, 441481
   1798, 441940
   1799, 442958
   1800, 443462
   1801, 443804
   1802, 444650
   1803, 445957
   1804, 446145
   1805, 446599
   1806, 446729
   1807, 447070
   1808, 447288
   1809, 447501
   1810, 447716
   1811, 447933
   1812, 448058
   1813, 448344
   1814, 448908
   1815, 449206
   1816, 449766
   1817, 450063
   1818, 450499
   1819, 450628
   1820, 452745
   1821, 453594
   1822, 454448
   1823, 456181
   1824, 457035
   1825, 457908
   1826, 458789
   1827, 459648
   1828, 460513
   1829, 461046
   1830, 461263
   1831, 461389
   1832, 462249
   1833, 462984
   1834, 463116
   1835, 463966
   1836, 464263
   1837, 464822
   1838, 465329
   1839, 465542
   1840, 465676
   1841, 466524
   1842, 467385
   1843, 467683
   1844, 468247
   1845, 468750
   1846, 469094
   1847, 469944
   1848, 470233
   1849, 470796
   1850, 471092
   1851, 471306
   1852, 471645
   1853, 472498
   1854, 473352
   1855, 474239
   1856, 475086
   1857, 475229
   1858, 475687
   1859, 476576
   1860, 477423
   1861, 477553
   1862, 478047
   1863, 478719
   1864, 479133
   1865, 479264
   1866, 479966
   1867, 480151
   1868, 480289
   1869, 480735
   1870, 481007
   1871, 481184
   1872, 481984
   1873, 482430
   1874, 482633
   1875, 482813
   1876, 482946
   1877, 483232
   1878, 483433
   1879, 483633
   1880, 483845
   1881, 484020
   1882, 484154
   1883, 484460
   1884, 484655
   1885, 484830
   1886, 485404
   1887, 485595
   1888, 485736
   1889, 486240
   1890, 486382
   1891, 486820
   1892, 487197
   1893, 487671
   1894, 488669
   1895, 489152
   1896, 489326
   1897, 490179
   1898, 490737
   1899, 491560
   1900, 492383
   1901, 492596
   1902, 492718
   1903, 493615
   1904, 494076
   1905, 495917
   1906, 496766
   1907, 497615
   1908, 498098
   1909, 498309
   1910, 498450
   1911, 498732
   1912, 498945
   1913, 499153
   1914, 499291
   1915, 499566
   1916, 499785
   1917, 499991
   1918, 500134
   1919, 500409
   1920, 500634
   1921, 500841
   1922, 500976
   1923, 501263
   1924, 501476
   1925, 501685
   1926, 501826
   1927, 502113
   1928, 502333
   1929, 502546
   1930, 502683
   1931, 502961
   1932, 503175
   1933, 503527
   1934, 504368
   1935, 505218
   1936, 506067
   1937, 506561
   1938, 506916
   1939, 507204
   1940, 507431
   1941, 507798
   1942, 508039
   1943, 508669
   1944, 509087
   1945, 509299
   1946, 509531
   1947, 509742
   1948, 509940
   1949, 510147
   1950, 510374
   1951, 510572
   1952, 510929
   1953, 511206
   1954, 511373
   1955, 511632
   1956, 511773
   1957, 512059
   1958, 512246
   1959, 512489
   1960, 512719
   1961, 512921
   1962, 513101
   1963, 513370
   1964, 513576
   1965, 513791
   1966, 513964
   1967, 514216
   1968, 514439
   1969, 514830
   1970, 515070
   1971, 515285
   1972, 515679
   1973, 515928
   1974, 516153
   1975, 516349
   1976, 516525
   1977, 516671
   1978, 516996
   1979, 517137
   1980, 517438
   1981, 517647
   1982, 518004
   1983, 518500
   1984, 518744
   1985, 520620
   1986, 520921
   1987, 521122
   1988, 521471
   1989, 521763
   1990, 521958
   1991, 522187
   1992, 522400
   1993, 522615
   1994, 522785
   1995, 523256
   1996, 523637
   1997, 524498
   1998, 524638
   1999, 525084
   2000, 525510
   2001, 525797
   2002, 525938
   2003, 526893
   2004, 527016
   2005, 527307
   2006, 527498
   2007, 528336
   2008, 528801
   2009, 529016
   2010, 529193
   2011, 529443
   2012, 530038
   2013, 530513
   2014, 530724
   2015, 530889
   2016, 531033
   2017, 531488
   2018, 532208
   2019, 532330
   2020, 532611
   2021, 532801
   2022, 533249
   2023, 533630
   2024, 533884
   2025, 534228
   2026, 534523
   2027, 534730
   2028, 535081
   2029, 535382
   2030, 535587
   2031, 535799
   2032, 535938
   2033, 536229
   2034, 536446
   2035, 536656
   2036, 536795
   2037, 537079
   2038, 537296
   2039, 537511
   2040, 537651
   2041, 537935
   2042, 538148
   2043, 538360
   2044, 538501
   2045, 538801
   2046, 539005
   2047, 539215
   2048, 539348
   2049, 539642
   2050, 539861
   2051, 540077
   2052, 540206
   2053, 540485
   2054, 540696
   2055, 540921
   2056, 541054
   2057, 541332
   2058, 541545
   2059, 541756
   2060, 541896
   2061, 542173
   2062, 542386
   2063, 542601
   2064, 542740
   2065, 543017
   2066, 543230
   2067, 543461
   2068, 543588
   2069, 543866
   2070, 544081
   2071, 544292
   2072, 544434
   2073, 544712
   2074, 544932
   2075, 545143
   2076, 545284
   2077, 545558
   2078, 545776
   2079, 545995
   2080, 546132
   2081, 546409
   2082, 546621
   2083, 546836
   2084, 546971
   2085, 547258
   2086, 547479
   2087, 547821
   2088, 548104
   2089, 548313
   2090, 548536
   2091, 548668
   2092, 548952
   2093, 549165
   2094, 549376
   2095, 549509
   2096, 549926
   2097, 550220
   2098, 550376
   2099, 550637
   2100, 550841
   2101, 551059
   2102, 551264
   2103, 551888
   2104, 552101
   2105, 552234
   2106, 552511
   2107, 552706
   2108, 552842
   2109, 553168
   2110, 553375
   2111, 553594
   2112, 553730
   2113, 554017
   2114, 554232
   2115, 554452
   2116, 554592
   2117, 554883
   2118, 555099
   2119, 555310
   2120, 555452
   2121, 555970
   2122, 556178
   2123, 556304
   2124, 556591
   2125, 557042
   2126, 557171
   2127, 557474
   2128, 557690
   2129, 557912
   2130, 558044
   2131, 558345
   2132, 558549
   2133, 558764
   2134, 558903
   2135, 559199
   2136, 559405
   2137, 559619
   2138, 559755
   2139, 560037
   2140, 560253
   2141, 560474
   2142, 560611
   2143, 560911
   2144, 561127
   2145, 561344
   2146, 561471
   2147, 561769
   2148, 561990
   2149, 562331
   2150, 562852
   2151, 563068
   2152, 563199
   2153, 564048
   2154, 564355
   2155, 564905
   2156, 565756
   2157, 566618
   2158, 567345
   2159, 567474
   2160, 567777
   2161, 568327
   2162, 569171
   2163, 569457
   2164, 569652
   2165, 570056
   2166, 570639
   2167, 571487
   2168, 572323
   2169, 573168
   2170, 574007
   2171, 574857
   2172, 575360
   2173, 575578
   2174, 575702
   2175, 575997
   2176, 576552
   2177, 576849
   2178, 577404
   2179, 578240
   2180, 578531
   2181, 578748
   2182, 578961
   2183, 579089
   2184, 579376
   2185, 579798
   2186, 579930
   2187, 580209
   2188, 580429
   2189, 580636
   2190, 580766
   2191, 581265
   2192, 581479
   2193, 581605
   2194, 581891
   2195, 582105
   2196, 582449
   2197, 582740
   2198, 583293
   2199, 584015
   2200, 584143
   2201, 584997
   2202, 585841
   2203, 586348
   2204, 586573
   2205, 586699
   2206, 587562
   2207, 588410
   2208, 588934
   2209, 589271
   2210, 590001
   2211, 590124
   2212, 590983
   2213, 591495
   2214, 591841
   2215, 592695
   2216, 593217
   2217, 593561
   2218, 594417
   2219, 594585
   2220, 595087
   2221, 595499
   2222, 596392
   2223, 596844
   2224, 597184
   2225, 597476
   2226, 597662
   2227, 597782
   2228, 598337
   2229, 598674
   2230, 598967
   2231, 599531
   2232, 600376
   2233, 601233
   2234, 602088
   2235, 602941
   2236, 603793
   2237, 604664
   2238, 605590
   2239, 605972
   2240, 606446
   2241, 606844
   2242, 607307
   2243, 608565
   2244, 608750
   2245, 609660
   2246, 610137
   2247, 610633
   2248, 610849
   2249, 611014
   2250, 611282
   2251, 611502
   2252, 611673
   2253, 612273
   2254, 612738
   2255, 613359
   2256, 614237
   2257, 614758
   2258, 614975
   2259, 615105
   2260, 615410
   2261, 615589
   2262, 615832
   2263, 616039
   2264, 616255
   2265, 616471
   2266, 616682
   2267, 616820
   2268, 617116
   2269, 617333
   2270, 617550
   2271, 617682
   2272, 617984
   2273, 618202
   2274, 618409
   2275, 618552
   2276, 618849
   2277, 619069
   2278, 619282
   2279, 619452
   2280, 619702
   2281, 619920
   2282, 620138
   2283, 620306
   2284, 620547
   2285, 620760
   2286, 620976
   2287, 621167
   2288, 621295
   2289, 621624
   2290, 621760
   2291, 622042
   2292, 622267
   2293, 622486
   2294, 622674
   2295, 622916
   2296, 623139
   2297, 623360
   2298, 623541
   2299, 623669
   2300, 623983
   2301, 624131
   2302, 624414
   2303, 624645
   2304, 624862
   2305, 625039
   2306, 625290
   2307, 625489
   2308, 625719
   2309, 625903
   2310, 626032
   2311, 626495
   2312, 627228
   2313, 627401
   2314, 627872
   2315, 628265
   2316, 628397
   2317, 628710
   2318, 628868
   2319, 629147
   2320, 629365
   2321, 629581
   2322, 629709
   2323, 630009
   2324, 630138
   2325, 630614
   2326, 630889
   2327, 631111
   2328, 631325
   2329, 631501
   2330, 631628
   2331, 631797
   2332, 632153
   2333, 632323
   2334, 633447
   2335, 633569
   2336, 634021
   2337, 634893
   2338, 635586
   2339, 635758
   2340, 636601
   2341, 636729
   2342, 637215
   2343, 637650
   2344, 638258
   2345, 638674
   2346, 639318
   2347, 639810
   2348, 640807
   2349, 642508
   2350, 643332
   2351, 643466
   2352, 643951
   2353, 644546
   2354, 644960
   2355, 645385
   2356, 645800
   2357, 646254
   2358, 647511
   2359, 648379
   2360, 649235
   2361, 649961
