      0,   1328
      1,   1563
      2,   1795
      3,   2043
      4,   2290
      5,   2529
      6,   2760
      7,   2994
      8,   3228
      9,   3464
     10,   3705
     11,   3939
     12,   4167
     13,   4401
     14,   4646
     15,   4881
     16,   5109
     17,   5340
     18,   5574
     19,   5806
     20,   6037
     21,   6272
     22,   6507
     23,   6737
     24,   6974
     25,   7211
     26,   7446
     27,   7677
     28,   7910
     29,   8143
     30,   8381
     31,   8623
     32,   8853
     33,   9085
     34,   9323
     35,   9569
     36,   9806
     37,  10035
     38,  10267
     39,  10504
     40,  10743
     41,  10983
     42,  11212
     43,  11442
     44,  11674
     45,  11916
     46,  12148
     47,  12379
     48,  12609
     49,  12845
     50,  13074
     51,  13311
     52,  13547
     53,  13781
     54,  14010
     55,  14250
     56,  14489
     57,  14724
     58,  14952
     59,  15186
     60,  15416
     61,  15652
     62,  15893
     63,  16121
     64,  16349
     65,  16582
     66,  16828
     67,  17061
     68,  17289
     69,  17519
     70,  17756
     71,  17992
     72,  18231
     73,  18465
     74,  18698
     75,  18928
     76,  19172
     77,  19405
     78,  19639
     79,  19864
     80,  20095
     81,  20321
     82,  20554
     83,  20787
     84,  21015
     85,  21239
     86,  21471
     87,  21706
     88,  21937
     89,  22163
     90,  22393
     91,  22625
     92,  22860
     93,  23098
     94,  23327
     95,  23558
     96,  23786
     97,  24027
     98,  24256
     99,  24487
    100,  24713
    101,  24943
    102,  25168
    103,  25404
    104,  25639
    105,  25868
    106,  26092
    107,  26330
    108,  26570
    109,  26805
    110,  27029
    111,  27260
    112,  27491
    113,  27724
    114,  27965
    115,  28196
    116,  28424
    117,  28655
    118,  28897
    119,  29129
    120,  29359
    121,  29589
    122,  29826
    123,  30057
    124,  30292
    125,  30524
    126,  30756
    127,  30981
    128,  31218
    129,  31453
    130,  31685
    131,  31910
    132,  32140
    133,  32368
    134,  32604
    135,  32838
    136,  33066
    137,  33291
    138,  33520
    139,  33758
    140,  33989
    141,  34217
    142,  34442
    143,  34676
    144,  34905
    145,  35141
    146,  35375
    147,  35606
    148,  35833
    149,  36071
    150,  36308
    151,  36543
    152,  36768
    153,  36999
    154,  37225
    155,  37461
    156,  37696
    157,  37924
    158,  38152
    159,  38386
    160,  38629
    161,  38861
    162,  39091
    163,  39324
    164,  39558
    165,  39791
    166,  40026
    167,  40262
    168,  40495
    169,  40723
    170,  40963
    171,  41205
    172,  41441
    173,  41670
    174,  41902
    175,  42134
    176,  42370
    177,  42614
    178,  42844
    179,  43070
    180,  43303
    181,  43546
    182,  43781
    183,  44009
    184,  44236
    185,  44470
    186,  44702
    187,  44933
    188,  45164
    189,  45392
    190,  45612
    191,  45840
    192,  46079
    193,  46313
    194,  46544
    195,  46778
    196,  47011
    197,  47249
    198,  47487
    199,  47717
    200,  47947
    201,  48182
    202,  48426
    203,  48662
    204,  48894
    205,  49127
    206,  49364
    207,  49607
    208,  49848
    209,  50080
    210,  50313
    211,  50544
    212,  50788
    213,  51023
    214,  51259
    215,  51489
    216,  51727
    217,  51959
    218,  52198
    219,  52433
    220,  52666
    221,  52896
    222,  53140
    223,  53377
    224,  53610
    225,  53839
    226,  54071
    227,  54300
    228,  54535
    229,  54774
    230,  55003
    231,  55228
    232,  55463
    233,  55705
    234,  55935
    235,  56161
    236,  56391
    237,  56626
    238,  56861
    239,  57100
    240,  57332
    241,  57565
    242,  57794
    243,  58034
    244,  58267
    245,  58498
    246,  58725
    247,  58957
    248,  59184
    249,  59417
    250,  59651
    251,  59883
    252,  60109
    253,  60345
    254,  60586
    255,  60821
    256,  61050
    257,  61282
    258,  61516
    259,  61753
    260,  61993
    261,  62224
    262,  62457
    263,  62694
    264,  62941
    265,  63172
    266,  63399
    267,  63630
    268,  63863
    269,  64096
    270,  64335
    271,  64564
    272,  64795
    273,  65023
    274,  65266
    275,  65501
    276,  65736
    277,  65967
    278,  66201
    279,  66431
    280,  66670
    281,  66909
    282,  67142
    283,  67367
    284,  67603
    285,  67841
    286,  68075
    287,  68299
    288,  68529
    289,  68759
    290,  68992
    291,  69227
    292,  69454
    293,  69682
    294,  69911
    295,  70154
    296,  70386
    297,  70616
    298,  70843
    299,  71080
    300,  71308
    301,  71544
    302,  71777
    303,  72009
    304,  72234
    305,  72719
    306,  72942
    307,  73410
    308,  73632
    309,  74346
    310,  74581
    311,  74815
    312,  75057
    313,  75291
    314,  75524
    315,  75754
    316,  75988
    317,  76219
    318,  76452
    319,  76686
    320,  76916
    321,  77141
    322,  77379
    323,  77615
    324,  77850
    325,  78076
    326,  78309
    327,  78542
    328,  78784
    329,  79025
    330,  79256
    331,  79483
    332,  79721
    333,  79963
    334,  80197
    335,  80425
    336,  80658
    337,  80892
    338,  81126
    339,  81364
    340,  81597
    341,  81827
    342,  82056
    343,  82295
    344,  82532
    345,  82766
    346,  82999
    347,  83236
    348,  83466
    349,  83703
    350,  83944
    351,  84179
    352,  84408
    353,  84645
    354,  84888
    355,  85122
    356,  85347
    357,  85579
    358,  85810
    359,  86048
    360,  86289
    361,  86521
    362,  86754
    363,  86993
    364,  87241
    365,  87481
    366,  87714
    367,  87950
    368,  88190
    369,  88433
    370,  88677
    371,  88912
    372,  89147
    373,  89386
    374,  89633
    375,  89870
    376,  90104
    377,  90342
    378,  90582
    379,  90825
    380,  91069
    381,  91308
    382,  91548
    383,  91787
    384,  92038
    385,  92276
    386,  92512
    387,  92750
    388,  92990
    389,  93229
    390,  93472
    391,  93707
    392,  93942
    393,  94177
    394,  94423
    395,  94663
    396,  94897
    397,  95131
    398,  95371
    399,  95609
    400,  95851
    401,  96091
    402,  96326
    403,  96559
    404,  96799
    405,  97037
    406,  97268
    407,  97496
    408,  97729
    409,  97955
    410,  98186
    411,  98419
    412,  98645
    413,  98869
    414,  99098
    415,  99334
    416,  99563
    417,  99788
    418, 100015
    419, 100246
    420, 100479
    421, 100712
    422, 100941
    423, 101169
    424, 101393
    425, 101626
    426, 101861
    427, 102094
    428, 102315
    429, 102541
    430, 102769
    431, 103005
    432, 103245
    433, 103471
    434, 103699
    435, 103933
    436, 104176
    437, 104406
    438, 104636
    439, 104864
    440, 105097
    441, 105326
    442, 105561
    443, 105791
    444, 106020
    445, 106243
    446, 106478
    447, 106710
    448, 106941
    449, 107167
    450, 107398
    451, 107626
    452, 107858
    453, 108096
    454, 108325
    455, 108556
    456, 108785
    457, 109028
    458, 109258
    459, 109487
    460, 109717
    461, 109952
    462, 110181
    463, 110418
    464, 110653
    465, 110886
    466, 111110
    467, 111350
    468, 111590
    469, 111825
    470, 112053
    471, 112286
    472, 112521
    473, 112761
    474, 113002
    475, 113241
    476, 113473
    477, 113713
    478, 113957
    479, 114194
    480, 114423
    481, 114659
    482, 114895
    483, 115137
    484, 115375
    485, 115606
    486, 115839
    487, 116075
    488, 116321
    489, 116555
    490, 116789
    491, 117023
    492, 117262
    493, 117502
    494, 117744
    495, 117981
    496, 118216
    497, 118451
    498, 118698
    499, 118938
    500, 119175
    501, 119406
    502, 119642
    503, 119872
    504, 120113
    505, 120348
    506, 120583
    507, 120815
    508, 121064
    509, 121306
    510, 121546
    511, 121779
    512, 122020
    513, 122254
    514, 122493
    515, 122734
    516, 122971
    517, 123201
    518, 123442
    519, 123682
    520, 123919
    521, 124148
    522, 124386
    523, 124623
    524, 124865
    525, 125109
    526, 125348
    527, 125582
    528, 125829
    529, 126074
    530, 126317
    531, 126551
    532, 126789
    533, 127029
    534, 127277
    535, 127526
    536, 127767
    537, 128003
    538, 128246
    539, 128492
    540, 128735
    541, 128969
    542, 129208
    543, 129444
    544, 129689
    545, 129935
    546, 130175
    547, 130411
    548, 130660
    549, 130909
    550, 131152
    551, 131391
    552, 131634
    553, 131874
    554, 132123
    555, 132371
    556, 132611
    557, 132848
    558, 133095
    559, 133341
    560, 133584
    561, 133819
    562, 134058
    563, 134294
    564, 134538
    565, 134786
    566, 135025
    567, 135257
    568, 135496
    569, 135741
    570, 135978
    571, 136205
    572, 136436
    573, 136668
    574, 136904
    575, 137141
    576, 137373
    577, 137600
    578, 137833
    579, 138075
    580, 138310
    581, 138543
    582, 138776
    583, 139015
    584, 139255
    585, 139494
    586, 139732
    587, 139966
    588, 140199
    589, 140442
    590, 140683
    591, 140920
    592, 141152
    593, 141383
    594, 141616
    595, 141851
    596, 142091
    597, 142321
    598, 142552
    599, 142786
    600, 143029
    601, 143263
    602, 143495
    603, 143729
    604, 143966
    605, 144207
    606, 144452
    607, 144688
    608, 144922
    609, 145158
    610, 145402
    611, 145637
    612, 145870
    613, 146103
    614, 146344
    615, 146583
    616, 146825
    617, 147065
    618, 147304
    619, 147543
    620, 147795
    621, 148033
    622, 148270
    623, 148505
    624, 148747
    625, 148981
    626, 149221
    627, 149458
    628, 149694
    629, 149924
    630, 150165
    631, 150405
    632, 150642
    633, 150875
    634, 151117
    635, 151352
    636, 151594
    637, 151836
    638, 152077
    639, 152311
    640, 152554
    641, 152799
    642, 153040
    643, 153270
    644, 153506
    645, 153743
    646, 153984
    647, 154230
    648, 154468
    649, 154706
    650, 154956
    651, 155206
    652, 155453
    653, 155693
    654, 155936
    655, 156177
    656, 156424
    657, 156668
    658, 156909
    659, 157145
    660, 157391
    661, 157633
    662, 157874
    663, 158108
    664, 158345
    665, 158578
    666, 158817
    667, 159060
    668, 159295
    669, 159524
    670, 159766
    671, 160009
    672, 160247
    673, 160478
    674, 160714
    675, 160949
    676, 161188
    677, 161432
    678, 161667
    679, 161898
    680, 162137
    681, 162383
    682, 162618
    683, 162847
    684, 163078
    685, 163315
    686, 163554
    687, 163795
    688, 164027
    689, 164260
    690, 164494
    691, 164741
    692, 164977
    693, 165210
    694, 165443
    695, 165682
    696, 165919
    697, 166158
    698, 166390
    699, 166625
    700, 166854
    701, 167094
    702, 167327
    703, 167562
    704, 167790
    705, 168024
    706, 168252
    707, 168489
    708, 168725
    709, 168958
    710, 169184
    711, 169423
    712, 169662
    713, 169897
    714, 170122
    715, 170351
    716, 170581
    717, 170815
    718, 171053
    719, 171280
    720, 171505
    721, 171733
    722, 171974
    723, 172204
    724, 172433
    725, 172661
    726, 172893
    727, 173119
    728, 173354
    729, 173589
    730, 173821
    731, 174046
    732, 174281
    733, 174521
    734, 174754
    735, 174981
    736, 175214
    737, 175445
    738, 175681
    739, 175916
    740, 176148
    741, 176378
    742, 176608
    743, 176847
    744, 177080
    745, 177312
    746, 177541
    747, 177776
    748, 178008
    749, 178245
    750, 178482
    751, 178714
    752, 178941
    753, 179177
    754, 179417
    755, 179653
    756, 179877
    757, 180107
    758, 180338
    759, 180574
    760, 180811
    761, 181040
    762, 181270
    763, 181502
    764, 181742
    765, 181974
    766, 182203
    767, 182434
    768, 182667
    769, 182900
    770, 183135
    771, 183367
    772, 183597
    773, 183825
    774, 184060
    775, 184291
    776, 184520
    777, 184745
    778, 184972
    779, 185198
    780, 185432
    781, 185668
    782, 185894
    783, 186119
    784, 186350
    785, 186591
    786, 186824
    787, 187049
    788, 187277
    789, 187509
    790, 187738
    791, 187969
    792, 188198
    793, 188423
    794, 188645
    795, 188879
    796, 189113
    797, 189342
    798, 189565
    799, 189793
    800, 190023
    801, 190255
    802, 190492
    803, 190720
    804, 190948
    805, 191182
    806, 191423
    807, 191654
    808, 191881
    809, 192112
    810, 192343
    811, 192576
    812, 192808
    813, 193037
    814, 193264
    815, 193490
    816, 193725
    817, 193959
    818, 194190
    819, 194418
    820, 194644
    821, 194871
    822, 195106
    823, 195348
    824, 195577
    825, 195802
    826, 196037
    827, 196276
    828, 196509
    829, 196734
    830, 196964
    831, 197195
    832, 197428
    833, 197664
    834, 197893
    835, 198120
    836, 198348
    837, 198585
    838, 198816
    839, 199043
    840, 199272
    841, 199505
    842, 199734
    843, 199967
    844, 200200
    845, 200427
    846, 200651
    847, 200883
    848, 201119
    849, 201348
    850, 201569
    851, 201794
    852, 202022
    853, 202252
    854, 202484
    855, 202711
    856, 202938
    857, 203162
    858, 203397
    859, 203633
    860, 203865
    861, 204090
    862, 204318
    863, 204545
    864, 204777
    865, 205012
    866, 205236
    867, 205460
    868, 205690
    869, 205926
    870, 206154
    871, 206379
    872, 206607
    873, 206841
    874, 207074
    875, 207313
    876, 207546
    877, 207780
    878, 208015
    879, 208259
    880, 208498
    881, 208736
    882, 208971
    883, 209208
    884, 209442
    885, 209683
    886, 209925
    887, 210160
    888, 210390
    889, 210630
    890, 210873
    891, 211112
    892, 211345
    893, 211581
    894, 211817
    895, 212057
    896, 212303
    897, 212537
    898, 212767
    899, 213005
    900, 213250
    901, 213484
    902, 213712
    903, 213944
    904, 214179
    905, 214415
    906, 214650
    907, 214881
    908, 215114
    909, 215347
    910, 215593
    911, 215828
    912, 216064
    913, 216297
    914, 216540
    915, 216779
    916, 217023
    917, 217260
    918, 217497
    919, 217733
    920, 217978
    921, 218216
    922, 218457
    923, 218690
    924, 218929
    925, 219162
    926, 219404
    927, 219642
    928, 219880
    929, 220110
    930, 220354
    931, 220594
    932, 220832
    933, 221063
    934, 221302
    935, 221533
    936, 221774
    937, 222013
    938, 222248
    939, 222477
    940, 222719
    941, 222961
    942, 223197
    943, 223427
    944, 223661
    945, 223895
    946, 224134
    947, 224375
    948, 224609
    949, 224837
    950, 225075
    951, 225323
    952, 225559
    953, 225788
    954, 226024
    955, 226261
    956, 226501
    957, 226742
    958, 226976
    959, 227212
    960, 227445
    961, 227690
    962, 227927
    963, 228160
    964, 228394
    965, 228632
    966, 228871
    967, 229113
    968, 229346
    969, 229582
    970, 229817
    971, 230061
    972, 230296
    973, 230531
    974, 230759
    975, 230995
    976, 231224
    977, 231462
    978, 231691
    979, 231922
    980, 232147
    981, 232385
    982, 232620
    983, 232853
    984, 233080
    985, 233311
    986, 233541
    987, 233781
    988, 234022
    989, 234258
    990, 234490
    991, 234730
    992, 234974
    993, 235209
    994, 235438
    995, 235674
    996, 235905
    997, 236141
    998, 236378
    999, 236609
   1000, 236837
   1001, 237066
   1002, 237309
   1003, 237543
   1004, 237774
   1005, 238001
   1006, 238238
   1007, 238471
   1008, 238709
   1009, 238945
   1010, 239179
   1011, 239407
   1012, 239649
   1013, 239890
   1014, 240128
   1015, 240356
   1016, 240587
   1017, 240819
   1018, 241055
   1019, 241293
   1020, 241525
   1021, 241753
   1022, 241990
   1023, 242230
   1024, 242465
   1025, 242694
   1026, 242927
   1027, 243161
   1028, 243398
   1029, 243635
   1030, 243869
   1031, 244101
   1032, 244333
   1033, 244570
   1034, 244800
   1035, 245029
   1036, 245255
   1037, 245483
   1038, 245708
   1039, 245945
   1040, 246182
   1041, 246412
   1042, 246639
   1043, 246878
   1044, 247122
   1045, 247356
   1046, 247582
   1047, 247814
   1048, 248047
   1049, 248286
   1050, 248522
   1051, 248754
   1052, 248983
   1053, 249216
   1054, 249459
   1055, 249692
   1056, 249922
   1057, 250157
   1058, 250396
   1059, 250633
   1060, 250870
   1061, 251109
   1062, 251347
   1063, 251581
   1064, 251825
   1065, 252067
   1066, 252303
   1067, 252537
   1068, 252775
   1069, 253011
   1070, 253250
   1071, 253487
   1072, 253721
   1073, 253953
   1074, 254192
   1075, 254434
   1076, 254672
   1077, 254901
   1078, 255136
   1079, 255369
   1080, 255613
   1081, 255856
   1082, 256088
   1083, 256320
   1084, 256559
   1085, 256801
   1086, 257036
   1087, 257266
   1088, 257498
   1089, 257729
   1090, 257965
   1091, 258205
   1092, 258433
   1093, 258661
   1094, 258895
   1095, 259137
   1096, 259367
   1097, 259596
   1098, 259832
   1099, 260067
   1100, 260305
   1101, 260545
   1102, 260782
   1103, 261017
   1104, 261250
   1105, 261495
   1106, 261733
   1107, 261965
   1108, 262197
   1109, 262431
   1110, 262665
   1111, 262901
   1112, 263139
   1113, 263372
   1114, 263601
   1115, 263839
   1116, 264080
   1117, 264316
   1118, 264544
   1119, 264774
   1120, 265005
   1121, 265240
   1122, 265478
   1123, 265708
   1124, 265936
   1125, 266170
   1126, 266408
   1127, 266638
   1128, 266864
   1129, 267094
   1130, 267325
   1131, 267563
   1132, 267803
   1133, 268033
   1134, 268264
   1135, 268498
   1136, 268741
   1137, 268974
   1138, 269207
   1139, 269438
   1140, 269671
   1141, 269903
   1142, 270140
   1143, 270375
   1144, 270604
   1145, 270829
   1146, 271064
   1147, 271300
   1148, 271533
   1149, 271760
   1150, 271989
   1151, 272218
   1152, 272451
   1153, 272693
   1154, 272923
   1155, 273154
   1156, 273388
   1157, 273635
   1158, 273869
   1159, 274100
   1160, 274333
   1161, 274572
   1162, 274809
   1163, 275048
   1164, 275281
   1165, 275516
   1166, 275752
   1167, 275999
   1168, 276238
   1169, 276476
   1170, 276711
   1171, 276953
   1172, 277191
   1173, 277435
   1174, 277676
   1175, 277916
   1176, 278150
   1177, 278394
   1178, 278635
   1179, 278875
   1180, 279108
   1181, 279343
   1182, 279578
   1183, 279820
   1184, 280062
   1185, 280298
   1186, 280528
   1187, 280770
   1188, 281011
   1189, 281249
   1190, 281482
   1191, 281717
   1192, 281950
   1193, 282190
   1194, 282432
   1195, 282666
   1196, 282895
   1197, 283132
   1198, 283375
   1199, 283607
   1200, 283836
   1201, 284068
   1202, 284302
   1203, 284540
   1204, 284779
   1205, 285009
   1206, 285239
   1207, 285470
   1208, 285713
   1209, 285945
   1210, 286179
   1211, 286407
   1212, 286642
   1213, 286871
   1214, 287106
   1215, 287339
   1216, 287570
   1217, 287792
   1218, 288027
   1219, 288264
   1220, 288497
   1221, 288720
   1222, 288951
   1223, 289181
   1224, 289419
   1225, 289658
   1226, 289886
   1227, 290117
   1228, 290353
   1229, 290597
   1230, 290831
   1231, 291058
   1232, 291289
   1233, 291524
   1234, 291760
   1235, 291998
   1236, 292226
   1237, 292456
   1238, 292686
   1239, 292927
   1240, 293157
   1241, 293390
   1242, 293620
   1243, 293854
   1244, 294085
   1245, 294323
   1246, 294559
   1247, 294795
   1248, 295023
   1249, 295265
   1250, 295502
   1251, 295737
   1252, 295969
   1253, 296206
   1254, 296436
   1255, 296676
   1256, 296918
   1257, 297153
   1258, 297383
   1259, 297626
   1260, 297872
   1261, 298113
   1262, 298345
   1263, 298585
   1264, 298824
   1265, 299070
   1266, 299317
   1267, 299558
   1268, 299791
   1269, 300038
   1270, 300284
   1271, 300525
   1272, 300756
   1273, 300993
   1274, 301227
   1275, 301468
   1276, 301711
   1277, 301947
   1278, 302179
   1279, 302420
   1280, 302664
   1281, 302904
   1282, 303136
   1283, 303373
   1284, 303609
   1285, 303851
   1286, 304095
   1287, 304313
   1288, 304525
   1289, 304699
   1290, 304891
   1291, 305065
   1292, 305231
   1293, 305427
   1294, 305624
   1295, 305834
   1296, 306056
   1297, 306268
   1298, 306497
   1299, 306728
   1300, 306927
   1301, 307119
   1302, 307340
   1303, 307575
   1304, 307817
   1305, 308055
   1306, 308287
   1307, 308481
   1308, 308685
   1309, 308912
   1310, 309103
   1311, 309294
   1312, 309498
   1313, 309696
   1314, 309886
   1315, 310061
   1316, 310222
   1317, 310373
   1318, 310527
   1319, 310687
   1320, 310854
   1321, 311036
   1322, 311190
   1323, 311356
   1324, 311520
   1325, 311682
   1326, 311835
   1327, 311986
   1328, 312148
   1329, 312307
   1330, 312459
   1331, 312606
   1332, 312765
   1333, 312929
   1334, 313078
   1335, 313230
   1336, 313371
   1337, 313518
   1338, 313877
   1339, 314139
   1340, 314388
   1341, 314643
   1342, 314894
   1343, 315141
   1344, 315381
   1345, 315625
   1346, 315871
   1347, 316119
   1348, 316365
   1349, 316608
   1350, 316849
   1351, 317100
   1352, 317343
   1353, 317583
   1354, 317824
   1355, 318068
   1356, 318309
   1357, 318553
   1358, 318795
   1359, 319033
   1360, 319273
   1361, 319525
   1362, 319766
   1363, 320006
   1364, 320247
   1365, 320491
   1366, 320732
   1367, 320978
   1368, 321219
   1369, 321455
   1370, 321692
   1371, 321941
   1372, 322182
   1373, 322416
   1374, 322647
   1375, 322887
   1376, 323123
   1377, 323363
   1378, 323602
   1379, 323835
   1380, 324069
   1381, 324313
   1382, 324553
   1383, 324789
   1384, 325019
   1385, 325254
   1386, 325487
   1387, 325723
   1388, 325961
   1389, 326193
   1390, 326425
   1391, 326665
   1392, 326905
   1393, 327142
   1394, 327373
   1395, 327608
   1396, 327842
   1397, 328082
   1398, 328326
   1399, 328561
   1400, 328791
   1401, 329031
   1402, 329276
   1403, 329514
   1404, 329745
   1405, 329978
   1406, 330211
   1407, 330451
   1408, 330695
   1409, 330926
   1410, 331155
   1411, 331392
   1412, 331634
   1413, 331868
   1414, 332096
   1415, 332331
   1416, 332565
   1417, 332802
   1418, 333042
   1419, 333277
   1420, 333508
   1421, 333743
   1422, 333986
   1423, 334220
   1424, 334450
   1425, 334683
   1426, 334920
   1427, 335156
   1428, 335391
   1429, 335626
   1430, 335857
   1431, 336088
   1432, 336329
   1433, 336570
   1434, 336808
   1435, 337041
   1436, 337277
   1437, 337515
   1438, 337757
   1439, 338000
   1440, 338238
   1441, 338472
   1442, 338715
   1443, 338959
   1444, 339201
   1445, 339435
   1446, 339670
   1447, 339903
   1448, 340145
   1449, 340389
   1450, 340623
   1451, 340855
   1452, 341099
   1453, 341347
   1454, 341585
   1455, 341819
   1456, 342056
   1457, 342294
   1458, 342534
   1459, 342780
   1460, 343012
   1461, 343245
   1462, 343484
   1463, 343730
   1464, 343965
   1465, 344194
   1466, 344427
   1467, 344662
   1468, 344899
   1469, 345141
   1470, 345374
   1471, 345607
   1472, 345841
   1473, 346085
   1474, 346320
   1475, 346553
   1476, 346787
   1477, 347028
   1478, 347262
   1479, 347501
   1480, 347742
   1481, 347978
   1482, 348210
   1483, 348452
   1484, 348693
   1485, 348932
   1486, 349163
   1487, 349405
   1488, 349644
   1489, 349887
   1490, 350129
   1491, 350373
   1492, 350610
   1493, 350860
   1494, 351106
   1495, 351351
   1496, 351589
   1497, 351834
   1498, 352075
   1499, 352322
   1500, 352564
   1501, 352803
   1502, 353038
   1503, 353283
   1504, 353522
   1505, 353761
   1506, 353996
   1507, 354235
   1508, 354470
   1509, 354713
   1510, 354955
   1511, 355194
   1512, 355426
   1513, 355672
   1514, 355916
   1515, 356156
   1516, 356390
   1517, 356630
   1518, 356864
   1519, 357107
   1520, 357346
   1521, 357581
   1522, 357811
   1523, 358056
   1524, 358301
   1525, 358538
   1526, 358769
   1527, 359007
   1528, 359241
   1529, 359482
   1530, 359726
   1531, 359963
   1532, 360196
   1533, 360438
   1534, 360685
   1535, 360927
   1536, 361160
   1537, 361394
   1538, 361629
   1539, 361870
   1540, 362115
   1541, 362350
   1542, 362583
   1543, 362824
   1544, 363069
   1545, 363308
   1546, 363541
   1547, 363778
   1548, 364014
   1549, 364258
   1550, 364505
   1551, 364740
   1552, 364973
   1553, 365214
   1554, 365460
   1555, 365693
   1556, 365922
   1557, 366153
   1558, 366386
   1559, 366624
   1560, 366866
   1561, 367098
   1562, 367328
   1563, 367563
   1564, 367809
   1565, 368043
   1566, 368275
   1567, 368511
   1568, 368748
   1569, 368986
   1570, 369227
   1571, 369698
   1572, 369931
   1573, 370175
   1574, 370407
   1575, 370639
   1576, 370870
   1577, 371107
   1578, 371339
   1579, 371578
   1580, 371812
   1581, 372049
   1582, 372278
   1583, 372522
   1584, 372764
   1585, 373002
   1586, 373230
   1587, 373464
   1588, 373696
   1589, 373934
   1590, 374172
   1591, 374403
   1592, 374630
   1593, 374867
   1594, 375108
   1595, 375343
   1596, 375570
   1597, 375800
   1598, 376032
   1599, 376271
   1600, 376509
   1601, 376739
   1602, 376970
   1603, 377202
   1604, 377442
   1605, 377671
   1606, 377903
   1607, 378132
   1608, 378366
   1609, 378593
   1610, 378828
   1611, 379061
   1612, 379295
   1613, 379522
   1614, 379764
   1615, 380002
   1616, 380241
   1617, 380474
   1618, 380712
   1619, 380949
   1620, 381192
   1621, 381440
   1622, 381678
   1623, 381908
   1624, 382152
   1625, 382398
   1626, 382637
   1627, 382868
   1628, 383104
   1629, 383339
   1630, 383582
   1631, 383825
   1632, 384063
   1633, 384298
   1634, 384541
   1635, 384789
   1636, 385031
   1637, 385265
   1638, 385508
   1639, 385747
   1640, 385991
   1641, 386239
   1642, 386477
   1643, 386711
   1644, 386956
   1645, 387202
   1646, 387446
   1647, 387679
   1648, 387919
   1649, 388158
   1650, 388408
   1651, 388656
   1652, 388896
   1653, 389132
   1654, 389378
   1655, 389627
   1656, 389871
   1657, 390105
   1658, 390343
   1659, 390579
   1660, 390824
   1661, 391072
   1662, 391307
   1663, 391537
   1664, 391781
   1665, 392023
   1666, 392260
   1667, 392488
   1668, 392723
   1669, 392954
   1670, 393191
   1671, 393431
   1672, 393664
   1673, 393894
   1674, 394137
   1675, 394386
   1676, 394623
   1677, 394852
   1678, 395089
   1679, 395327
   1680, 395571
   1681, 395813
   1682, 396050
   1683, 396284
   1684, 396523
   1685, 396773
   1686, 397013
   1687, 397248
   1688, 397487
   1689, 397726
   1690, 397972
   1691, 398222
   1692, 398461
   1693, 398699
   1694, 398942
   1695, 399191
   1696, 399435
   1697, 399668
   1698, 399906
   1699, 400143
   1700, 400390
   1701, 400636
   1702, 400873
   1703, 401106
   1704, 401350
   1705, 401598
   1706, 401836
   1707, 402067
   1708, 402306
   1709, 402542
   1710, 402785
   1711, 403029
   1712, 403264
   1713, 403497
   1714, 403737
   1715, 403983
   1716, 404224
   1717, 404457
   1718, 404694
   1719, 404932
   1720, 405174
   1721, 405418
   1722, 405657
   1723, 405892
   1724, 406131
   1725, 406379
   1726, 406622
   1727, 406858
   1728, 407097
   1729, 407338
   1730, 407583
   1731, 407826
   1732, 408065
   1733, 408302
   1734, 408542
   1735, 408791
   1736, 409033
   1737, 409266
   1738, 409502
   1739, 409741
   1740, 409985
   1741, 410228
   1742, 410463
   1743, 410698
   1744, 410938
   1745, 411185
   1746, 411425
   1747, 411662
   1748, 411898
   1749, 412135
   1750, 412374
   1751, 412614
   1752, 412852
   1753, 413087
   1754, 413318
   1755, 413558
   1756, 413794
   1757, 414031
   1758, 414262
   1759, 414495
   1760, 414726
   1761, 414966
   1762, 415209
   1763, 415444
   1764, 415672
   1765, 415915
   1766, 416157
   1767, 416391
   1768, 416618
   1769, 416853
   1770, 417088
   1771, 417326
   1772, 417567
   1773, 417799
   1774, 418027
   1775, 418264
   1776, 418510
   1777, 418748
   1778, 418980
   1779, 419220
   1780, 419461
   1781, 419709
   1782, 419958
   1783, 420199
   1784, 420438
   1785, 420680
   1786, 420929
   1787, 421172
   1788, 421406
   1789, 421645
   1790, 421884
   1791, 422127
   1792, 422374
   1793, 422611
   1794, 422848
   1795, 423091
   1796, 423341
   1797, 423585
   1798, 423821
   1799, 424060
   1800, 424299
   1801, 424547
   1802, 424797
   1803, 425034
   1804, 425270
   1805, 425515
   1806, 425764
   1807, 426004
   1808, 426238
   1809, 426476
   1810, 426714
   1811, 426956
   1812, 427204
   1813, 427441
   1814, 427674
   1815, 427920
   1816, 428166
   1817, 428404
   1818, 428636
   1819, 428873
   1820, 429108
   1821, 429348
   1822, 429593
   1823, 429831
   1824, 430065
   1825, 430305
   1826, 430555
   1827, 430793
   1828, 431025
   1829, 431262
   1830, 431500
   1831, 431744
   1832, 431993
   1833, 432230
   1834, 432466
   1835, 432709
   1836, 432960
   1837, 433203
   1838, 433435
   1839, 433670
   1840, 433907
   1841, 434149
   1842, 434394
   1843, 434631
   1844, 434868
   1845, 435115
   1846, 435369
   1847, 435616
   1848, 435858
   1849, 436105
   1850, 436347
   1851, 436596
   1852, 436846
   1853, 437087
   1854, 437325
   1855, 437575
   1856, 437823
   1857, 438066
   1858, 438309
   1859, 438553
   1860, 438794
   1861, 439040
   1862, 439285
   1863, 439523
   1864, 439760
   1865, 440005
   1866, 440251
   1867, 440493
   1868, 440728
   1869, 440968
   1870, 441205
   1871, 441446
   1872, 441691
   1873, 441928
   1874, 442160
   1875, 442402
   1876, 442648
   1877, 442887
   1878, 443119
   1879, 443352
   1880, 443586
   1881, 443823
   1882, 444062
   1883, 444294
   1884, 444525
   1885, 444763
   1886, 445006
   1887, 445243
   1888, 445474
   1889, 445709
   1890, 445945
   1891, 446186
   1892, 446428
   1893, 446659
   1894, 446893
   1895, 447127
   1896, 447369
   1897, 447601
   1898, 447833
   1899, 448062
   1900, 448296
   1901, 448533
   1902, 448774
   1903, 449011
   1904, 449245
   1905, 449479
   1906, 449725
   1907, 449962
   1908, 450198
   1909, 450432
   1910, 450670
   1911, 450903
   1912, 451143
   1913, 451382
   1914, 451618
   1915, 451849
   1916, 452091
   1917, 452332
   1918, 452570
   1919, 452806
   1920, 453049
   1921, 453285
   1922, 453527
   1923, 453770
   1924, 454007
   1925, 454240
   1926, 454481
   1927, 454726
   1928, 454963
   1929, 455194
   1930, 455429
   1931, 455664
   1932, 455904
   1933, 456150
   1934, 456385
   1935, 456616
   1936, 456856
   1937, 457105
   1938, 457349
   1939, 457586
   1940, 457826
   1941, 458066
   1942, 458312
   1943, 458561
   1944, 458800
   1945, 459039
   1946, 459285
   1947, 459532
   1948, 459772
   1949, 460005
   1950, 460241
   1951, 460475
   1952, 460716
   1953, 460960
   1954, 461195
   1955, 461428
   1956, 461675
   1957, 461922
   1958, 462164
   1959, 462401
   1960, 462642
   1961, 462882
   1962, 463126
   1963, 463376
   1964, 463617
   1965, 463853
   1966, 464100
   1967, 464350
   1968, 464594
   1969, 464834
   1970, 465320
   1971, 465566
   1972, 465810
   1973, 466048
   1974, 466282
   1975, 466525
   1976, 466766
   1977, 467005
   1978, 467237
   1979, 467475
   1980, 467713
   1981, 467955
   1982, 468196
   1983, 468435
   1984, 468670
   1985, 468917
   1986, 469163
   1987, 469404
   1988, 469639
   1989, 469882
   1990, 470121
   1991, 470366
   1992, 470609
   1993, 470848
   1994, 471085
   1995, 471333
   1996, 471576
   1997, 471820
   1998, 472058
   1999, 472302
   2000, 472539
   2001, 472783
   2002, 473027
   2003, 473266
   2004, 473499
   2005, 473745
   2006, 473987
   2007, 474226
   2008, 474459
   2009, 474700
   2010, 474935
   2011, 475177
   2012, 475419
   2013, 475657
   2014, 475892
   2015, 476139
   2016, 476383
   2017, 476624
   2018, 476858
   2019, 477099
   2020, 477337
   2021, 477580
   2022, 477823
   2023, 478062
   2024, 478294
   2025, 478538
   2026, 478782
   2027, 479023
   2028, 479259
   2029, 479499
   2030, 479738
   2031, 479986
   2032, 480233
   2033, 480480
   2034, 480721
   2035, 480971
   2036, 481220
   2037, 481469
   2038, 481711
   2039, 481956
   2040, 482198
   2041, 482449
   2042, 482695
   2043, 482938
   2044, 483178
   2045, 483430
   2046, 483676
   2047, 483919
   2048, 484156
   2049, 484402
   2050, 484645
   2051, 484894
   2052, 485135
   2053, 485377
   2054, 485612
   2055, 485862
   2056, 486100
   2057, 486339
   2058, 486574
   2059, 486815
   2060, 487052
   2061, 487297
   2062, 487536
   2063, 487776
   2064, 488012
   2065, 488259
   2066, 488496
   2067, 488731
   2068, 488966
   2069, 489210
   2070, 489447
   2071, 489690
   2072, 489932
   2073, 490176
   2074, 490416
   2075, 490671
   2076, 490918
   2077, 491160
   2078, 491394
   2079, 491639
   2080, 491881
   2081, 492128
   2082, 492364
   2083, 492603
   2084, 492843
   2085, 493097
   2086, 493341
   2087, 493583
   2088, 493824
   2089, 494069
   2090, 494315
   2091, 494567
   2092, 494808
   2093, 495050
   2094, 495294
   2095, 495546
   2096, 495787
   2097, 496025
   2098, 496267
   2099, 496508
   2100, 496752
   2101, 497003
   2102, 497241
   2103, 497476
   2104, 497717
   2105, 497966
   2106, 498202
   2107, 498431
   2108, 498664
   2109, 498898
   2110, 499134
   2111, 499375
   2112, 499604
   2113, 499832
   2114, 500059
   2115, 500297
   2116, 500525
   2117, 500752
   2118, 500974
   2119, 501206
   2120, 501431
   2121, 501663
   2122, 501890
   2123, 502119
   2124, 502341
   2125, 502574
   2126, 502807
   2127, 503036
   2128, 503259
   2129, 503486
   2130, 503714
   2131, 503948
   2132, 504186
   2133, 504411
   2134, 504641
   2135, 504872
   2136, 505113
   2137, 505343
   2138, 505572
   2139, 505799
   2140, 506032
   2141, 506261
   2142, 506495
   2143, 506722
   2144, 506949
   2145, 507170
   2146, 507401
   2147, 507632
   2148, 507860
   2149, 508079
   2150, 508300
   2151, 508521
   2152, 508746
   2153, 508978
   2154, 509199
   2155, 509420
   2156, 509640
   2157, 509874
   2158, 510099
   2159, 510325
   2160, 510546
   2161, 510772
   2162, 510994
   2163, 511221
   2164, 511452
   2165, 511671
   2166, 511889
   2167, 512112
   2168, 512344
   2169, 512562
   2170, 512782
   2171, 512998
   2172, 513222
   2173, 513442
   2174, 513670
   2175, 513899
   2176, 514122
   2177, 514346
   2178, 514574
   2179, 514811
   2180, 515038
   2181, 515262
   2182, 515487
   2183, 515716
   2184, 515949
   2185, 516183
   2186, 516412
   2187, 516642
   2188, 516868
   2189, 517104
   2190, 517337
   2191, 517572
   2192, 517798
   2193, 518033
   2194, 518263
   2195, 518503
   2196, 518738
   2197, 518970
   2198, 519196
   2199, 519434
   2200, 519671
   2201, 519904
   2202, 520130
   2203, 520365
   2204, 520597
   2205, 520835
   2206, 521079
   2207, 521314
   2208, 521548
   2209, 521792
   2210, 522043
   2211, 522287
   2212, 522524
   2213, 522769
   2214, 523012
   2215, 523262
   2216, 523516
   2217, 523765
   2218, 524004
   2219, 524251
   2220, 524504
   2221, 524752
   2222, 524987
   2223, 525231
   2224, 525473
   2225, 525720
   2226, 525963
   2227, 526207
   2228, 526445
   2229, 526695
   2230, 526943
   2231, 527188
   2232, 527425
   2233, 527670
   2234, 527913
   2235, 528162
   2236, 528405
   2237, 528646
   2238, 528887
   2239, 529142
   2240, 529385
   2241, 529627
   2242, 529866
   2243, 530109
   2244, 530349
   2245, 530595
   2246, 530834
   2247, 531076
   2248, 531313
   2249, 531562
   2250, 531801
   2251, 532040
   2252, 532279
   2253, 532521
   2254, 532762
   2255, 533007
   2256, 533245
   2257, 533482
   2258, 533716
   2259, 533962
   2260, 534196
   2261, 534428
   2262, 534656
   2263, 534894
   2264, 535130
   2265, 535368
   2266, 535603
   2267, 535841
   2268, 536074
   2269, 536322
   2270, 536563
   2271, 536803
   2272, 537041
   2273, 537286
   2274, 537527
   2275, 537776
   2276, 538016
   2277, 538259
   2278, 538499
   2279, 538750
   2280, 538994
   2281, 539239
   2282, 539482
   2283, 539729
   2284, 539980
   2285, 540233
   2286, 540477
   2287, 540720
   2288, 540970
   2289, 541226
   2290, 541473
   2291, 541711
   2292, 541953
   2293, 542194
   2294, 542439
   2295, 542688
   2296, 542925
   2297, 543157
   2298, 543400
   2299, 543648
   2300, 543887
   2301, 544119
   2302, 544357
   2303, 544594
   2304, 544836
   2305, 545082
   2306, 545319
   2307, 545555
   2308, 545795
   2309, 546042
   2310, 546280
   2311, 546509
   2312, 546741
   2313, 546978
   2314, 547214
   2315, 547453
   2316, 547688
   2317, 547925
   2318, 548161
   2319, 548408
   2320, 548646
   2321, 548884
   2322, 549121
   2323, 549363
   2324, 549607
   2325, 549854
   2326, 550094
   2327, 550333
   2328, 550571
   2329, 550820
   2330, 551061
   2331, 551298
   2332, 551534
   2333, 551774
   2334, 552014
   2335, 552258
   2336, 552497
   2337, 552737
   2338, 552978
   2339, 553230
   2340, 553472
   2341, 553713
   2342, 553955
   2343, 554200
   2344, 554445
   2345, 554691
   2346, 554929
   2347, 555169
   2348, 555409
   2349, 555658
   2350, 555897
   2351, 556131
   2352, 556368
   2353, 556607
   2354, 556849
   2355, 557094
   2356, 557331
   2357, 557567
   2358, 557806
   2359, 558055
   2360, 558297
   2361, 558532
   2362, 558766
   2363, 559005
   2364, 559244
   2365, 559485
   2366, 559720
   2367, 559952
   2368, 560186
   2369, 560432
   2370, 560669
   2371, 560902
   2372, 561135
   2373, 561375
   2374, 561616
   2375, 561855
   2376, 562090
   2377, 562325
   2378, 562561
   2379, 562807
   2380, 563043
   2381, 563278
   2382, 563513
   2383, 563752
   2384, 563990
   2385, 564232
   2386, 564468
   2387, 564702
   2388, 564932
   2389, 565176
   2390, 565411
   2391, 565646
   2392, 565878
   2393, 566115
   2394, 566347
   2395, 566588
   2396, 566827
   2397, 567064
   2398, 567295
   2399, 567538
   2400, 567778
   2401, 568015
   2402, 568244
   2403, 568483
   2404, 568715
   2405, 568953
   2406, 569190
   2407, 569429
   2408, 569661
   2409, 569905
   2410, 570147
   2411, 570390
   2412, 570623
   2413, 570865
   2414, 571105
   2415, 571351
   2416, 571595
   2417, 571836
   2418, 572071
   2419, 572316
   2420, 572560
   2421, 572804
   2422, 573038
   2423, 573276
   2424, 573510
   2425, 573756
   2426, 573996
   2427, 574234
   2428, 574468
   2429, 574713
   2430, 574955
   2431, 575198
   2432, 575433
   2433, 575674
   2434, 575908
   2435, 576154
   2436, 576398
   2437, 576636
   2438, 576868
   2439, 577117
   2440, 577363
   2441, 577605
   2442, 577839
   2443, 578080
   2444, 578316
   2445, 578561
   2446, 578806
   2447, 579047
   2448, 579281
   2449, 579529
   2450, 579778
   2451, 580023
   2452, 580258
   2453, 580501
   2454, 580738
   2455, 580984
   2456, 581228
   2457, 581470
   2458, 581704
   2459, 581948
   2460, 582190
   2461, 582430
   2462, 582666
   2463, 582903
   2464, 583138
   2465, 583381
   2466, 583624
   2467, 583864
   2468, 584097
   2469, 584343
   2470, 584589
   2471, 584830
   2472, 585062
   2473, 585303
   2474, 585541
   2475, 585786
   2476, 586030
   2477, 586270
   2478, 586502
   2479, 586747
   2480, 586989
   2481, 587229
   2482, 587462
   2483, 587703
   2484, 587939
   2485, 588185
   2486, 588431
   2487, 588674
   2488, 588909
   2489, 589157
   2490, 589404
   2491, 589648
   2492, 589886
   2493, 590131
   2494, 590367
   2495, 590612
   2496, 590857
   2497, 591099
   2498, 591333
   2499, 591581
   2500, 591829
   2501, 592072
   2502, 592306
   2503, 592549
   2504, 592789
   2505, 593035
   2506, 593278
   2507, 593518
   2508, 593753
   2509, 594000
   2510, 594244
   2511, 594484
   2512, 594716
   2513, 594952
   2514, 595186
   2515, 595427
   2516, 595663
   2517, 595898
   2518, 596132
   2519, 596376
   2520, 596615
   2521, 596855
   2522, 597090
   2523, 597330
   2524, 597564
   2525, 597809
   2526, 598052
   2527, 598291
   2528, 598524
   2529, 598770
   2530, 599009
   2531, 599246
   2532, 599479
   2533, 599718
   2534, 599953
   2535, 600197
   2536, 600442
   2537, 600684
   2538, 600921
   2539, 601172
   2540, 601421
   2541, 601666
   2542, 601907
   2543, 602155
   2544, 602399
   2545, 602646
   2546, 602893
   2547, 603135
   2548, 603376
   2549, 603627
   2550, 603870
   2551, 604108
   2552, 604350
   2553, 604595
   2554, 604841
   2555, 605090
   2556, 605329
   2557, 605571
   2558, 605815
   2559, 606067
   2560, 606311
   2561, 606547
   2562, 606786
   2563, 607026
   2564, 607274
   2565, 607519
   2566, 607755
   2567, 607991
   2568, 608231
   2569, 608478
   2570, 608719
   2571, 608954
   2572, 609191
   2573, 609428
   2574, 609672
   2575, 609919
   2576, 610157
   2577, 610390
   2578, 610631
   2579, 610878
   2580, 611115
   2581, 611347
   2582, 611582
   2583, 611818
   2584, 612056
   2585, 612295
   2586, 612529
   2587, 612761
   2588, 612995
   2589, 613240
   2590, 613476
   2591, 613709
   2592, 613943
   2593, 614183
   2594, 614420
   2595, 614659
   2596, 614896
   2597, 615134
   2598, 615365
   2599, 615846
   2600, 616083
   2601, 616313
   2602, 616545
   2603, 616774
   2604, 617011
   2605, 617250
   2606, 617485
   2607, 617713
   2608, 617952
   2609, 618192
   2610, 618430
   2611, 618656
   2612, 618890
   2613, 619122
   2614, 619360
   2615, 619600
   2616, 619832
   2617, 620062
   2618, 620304
   2619, 620547
   2620, 620783
   2621, 620989
   2622, 621249
   2623, 621487
   2624, 621733
   2625, 621980
   2626, 622218
   2627, 622453
   2628, 622696
   2629, 622945
   2630, 623187
   2631, 623421
   2632, 623662
   2633, 623899
   2634, 624145
   2635, 624394
   2636, 624636
   2637, 624871
   2638, 625118
   2639, 625371
   2640, 625619
   2641, 625858
   2642, 626106
   2643, 626349
   2644, 626600
   2645, 626850
   2646, 627095
   2647, 627335
   2648, 627589
   2649, 627837
   2650, 628082
   2651, 628320
   2652, 628563
   2653, 628803
   2654, 629047
   2655, 629286
   2656, 629523
   2657, 629759
   2658, 630004
   2659, 630243
   2660, 630480
   2661, 630712
   2662, 630948
   2663, 631179
   2664, 631417
   2665, 631652
   2666, 631887
   2667, 632115
   2668, 632352
   2669, 632589
   2670, 632824
   2671, 633051
   2672, 633284
   2673, 633512
   2674, 633752
   2675, 633992
   2676, 634225
   2677, 634453
   2678, 634694
   2679, 634940
   2680, 635181
   2681, 635410
   2682, 635650
   2683, 635890
   2684, 636137
   2685, 636385
   2686, 636628
   2687, 636863
   2688, 637112
   2689, 637361
   2690, 637605
   2691, 637841
   2692, 638085
   2693, 638325
   2694, 638574
   2695, 638819
   2696, 639065
   2697, 639306
   2698, 639557
   2699, 639803
   2700, 640052
   2701, 640295
   2702, 640543
   2703, 640786
   2704, 641037
   2705, 641282
   2706, 641525
   2707, 641768
   2708, 642021
   2709, 642267
   2710, 642509
   2711, 642746
   2712, 642989
   2713, 643233
   2714, 643482
   2715, 643721
   2716, 643957
   2717, 644198
   2718, 644451
   2719, 644691
   2720, 644928
   2721, 645168
   2722, 645411
   2723, 645653
   2724, 645901
   2725, 646142
   2726, 646381
   2727, 646622
   2728, 646872
   2729, 647112
   2730, 647348
   2731, 647587
   2732, 647828
   2733, 648072
   2734, 648317
   2735, 648557
   2736, 648798
   2737, 649041
   2738, 649293
   2739, 649537
   2740, 649773
